1    107400 5626.0     6.46e+08     79.09    111.63    736.26  -8182.48      0.00      1
1    107401 5626.0     1.12e+08     80.20     31.96   3197.06   3772.59      0.00      0
1    107402 5626.0     1.17e+08     75.57    164.41  -4013.84 -10333.84      0.00      0
1    107403 5626.0     2.19e+08     72.18    298.10  -1402.19   -866.94      0.00      1
1    107404 5626.0     6.46e+08     68.36     85.24   3136.27   3903.57      0.00      0
1    107405 5626.0     1.86e+08     74.55     70.10   1581.31   1855.30      0.00      0
1    107406 5626.0     1.48e+08     79.83    295.81   2069.16  -8535.15      0.00      0
1    107407 5626.0     7.41e+08     84.04    179.16  -1235.85  -3264.68      0.00      1
1    107408 5626.0     2.09e+08     79.80    344.71   5240.26  -6423.04      0.00      0
1    107409 5626.0     3.02e+08     67.75    211.79   1472.13  -1110.99      0.00      0
1    107410 5626.0     1.15e+08     76.15    139.83  -2215.99  -6501.79      0.00      0
1    107411 5626.0     2.63e+08     85.69    128.35   3879.85 -10042.99      0.00      0
1    107412 5626.0     1.32e+08     70.02    149.93  -1704.22  -5369.66      0.00      0
1    107413 5626.0     5.75e+08     65.79    303.60   1193.90  -5612.40      0.00      0
1    107414 5626.0     2.19e+08     78.81    113.88   1987.48  -2404.83      0.00      0
1    107415 5626.0     3.16e+08     82.00    342.92   2968.07  -1497.30      0.00      0
1    107416 5626.0     1.78e+08     65.53    197.88   6437.36    968.74      0.00      0
1    107417 5626.0     4.90e+08     82.56    227.59  -3245.75  -7975.82      0.00      0
1    107418 5626.0     1.66e+08     66.88      9.57   5181.22  -3954.64      0.00      0
1    107419 5626.0     4.79e+08     77.28    109.77  -4149.88  -4400.95      0.00      1
1    107420 5626.0     3.47e+08     67.62    133.00   -161.42   2526.09      0.00      0
1    107421 5626.0     5.62e+08     78.63    350.60   4314.32  -1052.31      0.00      1
1    107422 5626.0     1.55e+08     70.99      7.54    -65.48 -10234.74      0.00      0
1    107423 5626.0     1.00e+09     84.86    151.95  -3792.20  -6106.39      0.00      1
1    107424 5626.0     3.80e+08     73.89     34.51   -922.93  -8312.39      0.00      1
1    107425 5626.0     2.09e+08     77.17    347.59   5251.86  -9141.44      0.00      0
1    107426 5626.0     2.95e+08     86.68    184.37   5476.53  -9580.04      0.00      0
1    107427 5626.0     9.55e+08     81.05    107.03   5239.43    512.83      0.00      1
1    107428 5626.0     1.91e+08     78.16    335.92   -799.09  -1071.58      0.00      0
1    107429 5626.0     2.24e+08     69.69    203.15   3703.53  -7898.48      0.00      0
1    107430 5626.0     1.10e+08     79.87    321.16   6253.17  -4372.95      0.00      0
1    107431 5626.0     1.32e+08     79.51    144.68  -1875.15  -8151.91      0.00      0
1    107432 5626.0     5.01e+08     66.43    170.16  -3733.96 -11213.98      0.00      0
1    107433 5626.0     2.09e+08     77.03    304.74   5930.53   2521.82      0.00      0
1    107434 5626.0     1.05e+08     87.86    330.96   4543.61  -5967.95      0.00      0
1    107435 5626.0     9.55e+08     70.59    263.20   5485.30  -7857.32      0.00      1
1    107436 5626.0     2.51e+08     86.72    284.41    929.33   1827.02      0.00      0
1    107437 5626.0     1.51e+08     70.67      1.32   3725.28  -7795.76      0.00      0
1    107438 5626.0     6.17e+08     83.12    209.64   3502.66 -10459.33      0.00      0
1    107439 5626.0     3.63e+08     66.03     48.60   3720.36    918.95      0.00      0
1    107440 5626.0     2.57e+08     83.28     86.31   2018.04   2112.13      0.00      0
1    107441 5626.0     3.72e+08     69.38     11.55   -103.98 -10444.17      0.00      0
1    107442 5626.0     1.20e+08     66.27    358.99  -2720.35   -685.06      0.00      0
1    107443 5626.0     1.58e+08     65.32    192.89   1822.39  -4405.00      0.00      0
1    107444 5626.0     8.91e+08     78.06    324.49   4799.45  -7873.51      0.00      1
1    107445 5626.0     2.00e+08     76.99    130.05   1581.92   2240.72      0.00      0
1    107446 5626.0     8.13e+08     67.44    281.19    424.83   1638.23      0.00      1
1    107447 5626.0     4.79e+08     66.48     40.56   3301.57  -1795.46      0.00      0
1    107448 5626.0     3.09e+08     82.08    109.57   3478.79  -5683.11      0.00      0
1    107449 5626.0     7.94e+08     73.41    105.96  -2747.60  -3069.09      0.00      1
1    107450 5626.0     3.89e+08     73.42    193.46  -1835.32   2653.19      0.00      1
1    107451 5626.0     2.45e+08     82.39    314.52   4276.46  -3056.58      0.00      0
1    107452 5626.0     5.75e+08     66.96     61.89   1519.27   1327.26      0.00      1
1    107453 5626.0     3.55e+08     83.26    320.87  -1998.09  -2228.60      0.00      0
1    107454 5626.0     1.20e+08     84.04     88.31  -3509.94   1384.05      0.00      0
1    107455 5626.0     4.17e+08     76.19    271.82  -4297.35  -6450.73      0.00      1
1    107456 5626.0     4.79e+08     76.13    335.57    187.42   3255.19      0.00      1
1    107457 5626.0     8.91e+08     72.15    263.97  -2729.77    238.86      0.00      1
1    107458 5626.0     1.70e+08     83.68    130.57    867.13   1850.13      0.00      0
1    107459 5626.0     5.50e+08     68.54     11.39   5665.91  -9095.11      0.00      0
1    107460 5626.0     3.72e+08     83.64    173.46  -1211.57   1206.09      0.00      0
1    107461 5626.0     6.46e+08     84.59    142.14   1012.14  -5714.81      0.00      0
1    107462 5626.0     1.05e+08     72.12    262.59   2173.02  -4464.32      0.00      0
1    107463 5626.0     6.46e+08     70.73    310.97   4796.90  -7236.10      0.00      1
1    107464 5626.0     1.00e+09     78.66     48.43  -1283.96  -2145.78      0.00      1
1    107465 5626.0     2.45e+08     86.84    246.13   6059.78   4175.84      0.00      0
1    107466 5626.0     3.63e+08     78.88    160.55   1564.54   2200.94      0.00      1
1    107467 5626.0     1.02e+08     67.46    323.15   1785.96  -7732.08      0.00      0
1    107468 5626.0     6.92e+08     86.06    190.08  -4260.75   -623.72      0.00      0
1    107469 5626.0     1.91e+08     81.28     52.66   5186.10    -28.94      0.00      0
1    107470 5626.0     5.50e+08     78.86     60.28   3487.31  -6984.75      0.00      1
1    107471 5626.0     8.13e+08     71.49    249.37   4368.64  -4733.15      0.00      1
1    107472 5626.0     2.63e+08     67.14    200.18   -976.90   1676.58      0.00      0
1    107473 5626.0     4.17e+08     71.67    349.08  -3447.15   -457.09      0.00      1
1    107474 5626.0     7.24e+08     68.70    271.35   4763.49  -9901.51      0.00      0
1    107475 5626.0     1.95e+08     82.32    176.33  -2945.70  -3364.33      0.00      0
1    107476 5626.0     2.57e+08     66.63     36.35   -802.16  -8975.78      0.00      0
1    107477 5626.0     2.09e+08     66.69    358.09   -868.62  -9133.62      0.00      0
1    107478 5626.0     2.57e+08     83.99    135.08  -3892.95  -4094.61      0.00      0
1    107479 5626.0     6.92e+08     65.99    356.11   5471.54   2581.85      0.00      0
1    107480 5626.0     1.41e+08     80.86    205.86  -1371.89 -10023.95      0.00      0
1    107481 5626.0     5.25e+08     75.82    245.74   3421.53  -7445.11      0.00      1
1    107482 5626.0     2.00e+08     84.30    129.57   5665.33  -3721.43      0.00      0
1    107483 5626.0     7.94e+08     82.87    274.34   -501.88    929.25      0.00      1
1    107484 5626.0     3.89e+08     67.20     36.92  -4126.42  -6701.66      0.00      0
1    107485 5626.0     2.34e+08     72.46    315.39   4253.31   -500.87      0.00      0
1    107486 5626.0     4.27e+08     68.48    348.13  -3640.68   2920.46      0.00      0
1    107487 5626.0     2.24e+08     78.05     28.35  -2069.55  -5296.00      0.00      0
1    107488 5626.0     7.76e+08     83.21    246.85  -3097.76  -9483.04      0.00      1
1    107489 5626.0     7.94e+08     65.09    315.54   4648.44  -5386.99      0.00      0
1    107490 5626.0     1.05e+08     65.44    198.99    867.16 -10433.99      0.00      0
1    107491 5626.0     5.50e+08     86.49    350.78   -504.08  -7714.64      0.00      0
1    107492 5626.0     2.69e+08     68.31    167.90  -2658.50    549.28      0.00      0
1    107493 5626.0     6.92e+08     75.73    168.98  -1513.91   2744.00      0.00      1
1    107494 5626.0     8.13e+08     83.69    322.67  -2283.67  -2527.86      0.00      1
1    107495 5626.0     7.94e+08     67.30    339.05  -1938.35  -7495.12      0.00      1
1    107496 5626.0     1.26e+08     81.86    159.01   -434.76   -110.05      0.00      0
1    107497 5626.0     8.32e+08     69.05    258.75   2203.15  -5046.64      0.00      0
1    107498 5626.0     2.04e+08     71.30    246.47  -4166.64  -4206.55      0.00      0
1    107499 5626.0     8.13e+08     74.38     48.80    165.51   3012.57      0.00      1
