1    101800 5626.0     6.31e+09     72.42    201.40     52.56   3743.02      0.00      1
1    101801 5626.0     7.76e+10     73.04    183.90  -2140.28   3539.00      0.00      1
1    101802 5626.0     4.57e+09     82.01     22.37  -2132.02  -8426.36      0.00      1
1    101803 5626.0     2.00e+10     70.93     53.81  -3412.85   2105.75      0.00      1
1    101804 5626.0     9.77e+10     72.39     13.75   -464.18   2239.73      0.00      1
1    101805 5626.0     1.55e+10     69.00    237.09   1121.41  -7245.82      0.00      1
1    101806 5626.0     8.91e+10     79.97    355.12  -1119.50  -7704.79      0.00      1
1    101807 5626.0     4.68e+10     69.55    208.20  -2885.11  -9227.40      0.00      1
1    101808 5626.0     1.15e+10     68.87    340.24   1133.72 -10596.60      0.00      1
1    101809 5626.0     9.12e+09     84.54    183.97   -141.64  -3077.81      0.00      1
1    101810 5626.0     1.05e+10     87.29    169.49  -1078.13  -7790.52      0.00      1
1    101811 5626.0     1.12e+09     69.03    352.57   1788.65   5158.13      0.00      1
1    101812 5626.0     2.14e+09     87.41    334.24   3752.41   4616.85      0.00      0
1    101813 5626.0     4.17e+10     79.51    174.10   2254.65  -2410.06      0.00      1
1    101814 5626.0     5.13e+10     74.51    315.54   5618.96  -7165.97      0.00      1
1    101815 5626.0     6.17e+09     86.55    190.13   2069.28 -10907.15      0.00      1
1    101816 5626.0     6.31e+09     78.93    154.13   4206.14  -2027.12      0.00      1
1    101817 5626.0     4.27e+10     69.13    329.67   1466.61   5127.05      0.00      1
1    101818 5626.0     1.48e+09     73.85     64.07   1129.35  -9493.20      0.00      1
1    101819 5626.0     4.07e+10     70.20     24.11   4307.66  -4254.72      0.00      1
1    101820 5626.0     2.82e+09     70.27    133.07   4783.87 -10814.43      0.00      0
1    101821 5626.0     6.17e+09     76.95     12.53  -1471.35  -2759.18      0.00      1
1    101822 5626.0     1.82e+09     65.62     78.33   3422.51    -77.45      0.00      1
1    101823 5626.0     1.38e+10     65.50    123.74  -3316.34   1848.23      0.00      1
1    101824 5626.0     1.07e+10     79.71    240.10   -575.14  -8669.10      0.00      1
1    101825 5626.0     3.24e+10     77.10     31.15  -1202.62  -3502.50      0.00      1
1    101826 5626.0     1.51e+09     72.03     72.32  -3575.07  -2118.79      0.00      1
1    101827 5626.0     6.61e+10     82.73     59.87   1475.52 -10955.17      0.00      1
1    101828 5626.0     1.62e+10     72.49    316.98   6097.82  -3357.58      0.00      1
1    101829 5626.0     8.91e+09     79.52     77.93  -3080.42   -258.35      0.00      1
1    101830 5626.0     1.91e+09     72.54    121.32  -2288.06  -2491.60      0.00      1
1    101831 5626.0     8.51e+09     76.40    192.94   4577.26 -10533.01      0.00      1
1    101832 5626.0     3.63e+09     86.45     18.87   4729.92   -427.09      0.00      1
1    101833 5626.0     1.05e+09     84.18      5.50   3125.81  -9094.90      0.00      1
1    101834 5626.0     5.25e+09     82.28    303.08   5245.63   -726.78      0.00      1
1    101835 5626.0     1.10e+10     85.91    126.32  -2327.13   1897.50      0.00      1
1    101836 5626.0     7.94e+10     84.39    325.02   3729.53   2353.07      0.00      1
1    101837 5626.0     1.20e+09     80.54     51.55   2727.11   4473.59      0.00      1
1    101838 5626.0     1.15e+10     79.68    144.18  -1585.78 -10825.62      0.00      1
1    101839 5626.0     2.57e+09     73.63    226.25   4343.53   -413.85      0.00      1
1    101840 5626.0     4.79e+09     67.77    161.04   2958.83 -10953.43      0.00      0
1    101841 5626.0     1.70e+10     69.58     24.55   1678.49  -1148.93      0.00      1
1    101842 5626.0     1.45e+09     80.89     97.74   5709.51 -11275.43      0.00      1
1    101843 5626.0     1.62e+09     69.88    161.83    970.74   1837.86      0.00      1
1    101844 5626.0     1.26e+09     73.36    254.00   5753.93  -1319.07      0.00      1
1    101845 5626.0     1.91e+09     87.83    307.02    580.04  -9250.87      0.00      0
1    101846 5626.0     2.04e+10     66.70    240.90  -1921.75    541.20      0.00      1
1    101847 5626.0     1.26e+09     67.65    300.40     64.51   2012.69      0.00      1
1    101848 5626.0     1.38e+10     68.97    282.02  -2100.58   -658.24      0.00      1
1    101849 5626.0     1.74e+10     86.35    162.99   5684.51  -4796.87      0.00      1
1    101850 5626.0     1.91e+10     69.39     33.17  -3963.99   2813.23      0.00      0
1    101851 5626.0     9.77e+10     72.57    288.37   5012.77    521.86      0.00      1
1    101852 5626.0     4.90e+09     77.20     14.31   2910.58   2580.61      0.00      1
1    101853 5626.0     1.12e+09     66.49     48.71   1539.95  -7045.18      0.00      1
1    101854 5626.0     5.75e+10     77.74    309.83   6181.58  -8990.55      0.00      1
1    101855 5626.0     5.37e+10     79.93    237.55   -442.93  -4993.66      0.00      1
1    101856 5626.0     1.35e+09     78.89    288.49  -3981.89  -3454.15      0.00      1
1    101857 5626.0     1.74e+09     82.95     76.62   4081.40  -4659.56      0.00      1
1    101858 5626.0     8.51e+09     74.07     93.89   5939.47  -9786.63      0.00      1
1    101859 5626.0     1.74e+10     70.85    336.24  -2517.59 -10568.47      0.00      1
1    101860 5626.0     3.39e+09     67.53    161.00  -1651.18  -8660.62      0.00      1
1    101861 5626.0     5.50e+10     74.53     88.76  -2134.63   2846.31      0.00      1
1    101862 5626.0     1.70e+09     73.68    238.27  -1612.02  -1057.32      0.00      1
1    101863 5626.0     1.17e+10     77.49     49.92  -4212.59  -3442.40      0.00      1
1    101864 5626.0     1.48e+10     80.96    111.61   1668.59    852.69      0.00      1
1    101865 5626.0     1.10e+10     69.82    346.30  -2690.76   2763.32      0.00      1
1    101866 5626.0     6.76e+09     83.98    339.57   -732.42   1195.40      0.00      1
1    101867 5626.0     4.47e+10     83.39    127.57   -700.38  -9172.07      0.00      1
1    101868 5626.0     1.45e+10     73.67    215.72   1911.83   3798.41      0.00      1
1    101869 5626.0     2.14e+09     79.09    275.81   6165.69   4375.23      0.00      1
1    101870 5626.0     2.51e+09     68.70    257.20   5033.94   5085.51      0.00      0
1    101871 5626.0     1.20e+09     80.39     79.12   3421.39   3003.64      0.00      1
1    101872 5626.0     2.51e+09     83.37     54.53  -2766.33  -8988.96      0.00      1
1    101873 5626.0     4.57e+10     75.13    352.53   -921.31   4169.56      0.00      1
1    101874 5626.0     7.76e+09     78.68     97.77   3499.18   4696.61      0.00      1
1    101875 5626.0     6.76e+09     79.61    120.20  -3099.97  -7419.26      0.00      1
1    101876 5626.0     2.40e+09     70.04     53.20   6428.56  -8919.36      0.00      0
1    101877 5626.0     3.55e+09     87.96    196.14   1295.02  -5264.92      0.00      1
1    101878 5626.0     5.25e+09     82.49    182.12    214.51    686.40      0.00      1
1    101879 5626.0     3.39e+10     73.89    185.92   2940.27  -3991.53      0.00      1
1    101880 5626.0     3.55e+09     85.99     32.12   5721.50  -7872.15      0.00      1
1    101881 5626.0     1.70e+09     66.85     79.86    400.02   3256.72      0.00      1
1    101882 5626.0     1.55e+10     78.50     31.95   5464.91   3371.52      0.00      1
1    101883 5626.0     3.98e+10     65.93     10.72   2928.50  -5243.87      0.00      1
1    101884 5626.0     2.69e+10     82.10    111.60   2914.75  -4925.67      0.00      1
1    101885 5626.0     7.08e+09     83.89    120.44   -412.95 -10589.63      0.00      1
1    101886 5626.0     4.07e+10     65.84     93.67  -1136.27   5097.29      0.00      1
1    101887 5626.0     4.90e+09     81.21    261.77   5370.96  -6047.55      0.00      1
1    101888 5626.0     4.68e+10     75.50     69.55    963.63  -9106.67      0.00      1
1    101889 5626.0     3.09e+10     86.32     64.89   3987.59  -6020.16      0.00      1
1    101890 5626.0     3.47e+09     84.44     54.48    -99.77  -5817.43      0.00      1
1    101891 5626.0     2.29e+10     79.45    152.02   -398.02     69.58      0.00      1
1    101892 5626.0     5.50e+09     75.60     42.04   2974.40 -10972.19      0.00      0
1    101893 5626.0     3.02e+09     84.09    104.24  -4369.26  -8149.57      0.00      1
1    101894 5626.0     3.09e+09     87.41     87.89   2604.00  -2154.88      0.00      1
1    101895 5626.0     2.14e+10     69.09    185.85  -1191.34  -5002.41      0.00      1
1    101896 5626.0     1.23e+10     71.37    165.61  -2676.12    916.24      0.00      1
1    101897 5626.0     1.62e+09     68.70    119.83   3549.02   -895.03      0.00      1
1    101898 5626.0     5.75e+09     68.80     15.35  -1766.58  -1661.23      0.00      1
1    101899 5626.0     1.23e+09     67.84    161.83   4593.16  -2522.61      0.00      1
