1       300 14.0       1.74e+10     74.60    315.64   2549.33  -6092.80      0.00      1
1       301 14.0       1.78e+10     70.33     30.45  -1327.36  -2474.11      0.00      1
1       302 14.0       2.34e+10     68.04     22.28   -402.74  -7337.91      0.00      1
1       303 14.0       2.63e+09     81.38     61.36   -816.80  -5166.67      0.00      1
1       304 14.0       3.24e+10     65.71    241.80   -908.12  -5707.86      0.00      1
1       305 14.0       2.00e+10     66.72     54.76   5347.38  -3999.78      0.00      1
1       306 14.0       8.13e+09     83.89    243.30    527.61   1303.24      0.00      1
1       307 14.0       2.75e+10     77.14    131.64   5628.95   2703.22      0.00      1
1       308 14.0       7.08e+10     69.43     28.01   3226.07   2751.00      0.00      1
1       309 14.0       1.35e+10     85.93     35.44    197.25  -5696.66      0.00      1
1       310 14.0       6.61e+10     87.46    216.94   3173.64  -6258.11      0.00      1
1       311 14.0       2.19e+09     80.38    256.21   -822.70  -6212.44      0.00      1
1       312 14.0       5.62e+09     79.84    126.00   -648.22  -4043.81      0.00      1
1       313 14.0       8.71e+10     75.66    116.73  -3268.62   1962.26      0.00      1
1       314 14.0       4.17e+09     85.11    214.86  -3534.54   3470.40      0.00      1
1       315 14.0       1.74e+09     86.79    100.93   5271.27  -3107.94      0.00      0
1       316 14.0       1.32e+10     68.02     88.34  -3586.15  -9491.46      0.00      1
1       317 14.0       3.80e+10     72.08    249.54  -2386.73   -851.64      0.00      1
1       318 14.0       3.63e+09     71.80    104.23  -3065.81  -7385.99      0.00      1
1       319 14.0       4.79e+10     75.41     95.93   4916.01   3733.76      0.00      1
1       320 14.0       2.88e+10     86.31     11.74  -1396.83  -8239.02      0.00      1
1       321 14.0       4.79e+10     68.36     90.23   4846.12  -6799.87      0.00      1
1       322 14.0       1.48e+09     82.11      2.41   -126.68  -2449.23      0.00      1
1       323 14.0       7.24e+09     81.60    232.45   1519.63  -5930.38      0.00      1
1       324 14.0       1.07e+09     68.79    174.88   4979.02  -3154.71      0.00      1
1       325 14.0       1.38e+10     83.83    282.46   2296.60  -6189.18      0.00      1
1       326 14.0       5.89e+10     69.56    259.12   1394.96  -7862.07      0.00      1
1       327 14.0       1.32e+10     68.90     61.58  -1161.37  -4514.21      0.00      0
1       328 14.0       1.02e+10     78.40    110.57  -2131.72  -3457.95      0.00      1
1       329 14.0       5.13e+09     66.58      5.88  -1143.17   5029.64      0.00      1
1       330 14.0       1.82e+10     80.83    166.89   5984.85  -5195.31      0.00      1
1       331 14.0       1.55e+10     83.78     42.48  -3825.68  -1887.63      0.00      1
1       332 14.0       9.55e+10     66.59     20.12   4108.70  -2702.87      0.00      1
1       333 14.0       8.32e+10     87.49    274.36   5768.90   2743.09      0.00      1
1       334 14.0       1.55e+10     78.70    142.14   -583.06    862.70      0.00      1
1       335 14.0       3.63e+09     75.38    108.80  -1815.98  -3225.82      0.00      1
1       336 14.0       2.63e+10     75.88    300.02  -4010.90  -1393.19      0.00      1
1       337 14.0       1.95e+09     76.63    266.15   4295.90  -3348.26      0.00      1
1       338 14.0       3.09e+09     69.05    106.79  -3110.05  -6805.91      0.00      1
1       339 14.0       5.50e+09     85.22    294.77    140.46   4984.56      0.00      1
1       340 14.0       1.95e+09     87.05    198.57   4872.67   4633.01      0.00      1
1       341 14.0       9.12e+09     73.21    324.41   6484.86  -1757.92      0.00      1
1       342 14.0       6.61e+09     87.60     88.67    209.46 -10447.79      0.00      1
1       343 14.0       1.35e+10     77.02    101.74   5517.18   1538.91      0.00      1
1       344 14.0       3.98e+10     79.31     88.24   3722.32   -300.03      0.00      1
1       345 14.0       7.24e+10     67.53    139.82   2342.08    697.59      0.00      1
1       346 14.0       7.59e+10     72.46    337.68   6350.49   1648.90      0.00      1
1       347 14.0       2.82e+09     76.07    250.53   2669.50  -9090.98      0.00      1
1       348 14.0       2.51e+09     67.73    215.69   2367.62   3231.85      0.00      1
1       349 14.0       5.50e+09     80.23    347.84  -3285.04   3964.51      0.00      1
1       350 14.0       2.29e+09     66.39    317.81  -2021.94   3143.89      0.00      1
1       351 14.0       2.82e+10     82.33      7.59  -2128.14  -6165.09      0.00      1
1       352 14.0       2.95e+09     76.09     19.33   5445.13   2298.71      0.00      1
1       353 14.0       5.75e+10     80.68      1.12    957.12  -4318.41      0.00      1
1       354 14.0       6.92e+09     79.07    357.22  -2631.80   1778.52      0.00      1
1       355 14.0       5.13e+09     70.56    357.85  -1191.60  -2073.71      0.00      1
1       356 14.0       1.29e+10     79.08     60.29   1931.51  -3369.54      0.00      1
1       357 14.0       9.12e+09     78.94    257.52  -1646.27    311.36      0.00      1
1       358 14.0       2.88e+10     68.71     62.51     95.00  -4945.69      0.00      0
1       359 14.0       1.35e+09     73.36    263.57   5559.17   1786.44      0.00      1
1       360 14.0       4.47e+10     78.25    220.28   5080.89    987.56      0.00      1
1       361 14.0       4.68e+10     70.33    246.40   4595.10  -6594.61      0.00      1
1       362 14.0       1.35e+10     76.06    246.14   3791.61  -6136.72      0.00      1
1       363 14.0       2.57e+10     74.09    100.19   3887.20    427.95      0.00      1
1       364 14.0       1.48e+10     76.45    323.54   6381.89   4769.22      0.00      0
1       365 14.0       7.94e+09     86.22    294.04   -737.70  -8949.68      0.00      1
1       366 14.0       9.55e+10     71.91     73.73   4337.79  -9436.11      0.00      0
1       367 14.0       4.07e+09     72.30    226.11   5090.04  -4508.69      0.00      1
1       368 14.0       7.08e+10     69.55    285.38   2726.92  -6063.03      0.00      1
1       369 14.0       2.29e+09     71.29    132.86  -2695.70    377.49      0.00      1
1       370 14.0       5.01e+09     85.54    130.64   5892.57   1762.55      0.00      1
1       371 14.0       3.89e+10     69.99    269.22  -1744.86  -3200.46      0.00      1
1       372 14.0       6.17e+10     66.22    173.85   -163.22   2784.21      0.00      1
1       373 14.0       5.01e+10     68.10    297.06   5571.85   2926.83      0.00      0
1       374 14.0       8.91e+10     66.14     18.46  -2194.14 -10743.22      0.00      0
1       375 14.0       1.17e+09     82.66    303.03   2296.01   1746.43      0.00      1
1       376 14.0       8.71e+09     82.24     25.43    458.39  -7818.61      0.00      1
1       377 14.0       6.76e+10     65.27    175.48   1864.41  -3014.60      0.00      1
1       378 14.0       3.02e+09     81.35    315.97   2713.04  -5547.89      0.00      1
1       379 14.0       1.20e+09     72.02     60.44    436.26 -10031.78      0.00      1
1       380 14.0       4.90e+09     75.39    262.60  -1531.57 -10007.38      0.00      1
1       381 14.0       3.63e+09     69.04    312.04    826.15  -2661.23      0.00      1
1       382 14.0       9.77e+09     73.01    100.58   -638.84  -5139.01      0.00      1
1       383 14.0       2.04e+10     73.60     21.92   -685.87  -1801.01      0.00      1
1       384 14.0       1.32e+09     65.44    140.65   4109.98  -5184.01      0.00      0
1       385 14.0       5.62e+10     76.65    334.20   6364.17  -7479.83      0.00      1
1       386 14.0       5.37e+09     87.67    254.59   5535.92  -7822.77      0.00      1
1       387 14.0       1.00e+11     82.44     78.68    735.45  -2032.92      0.00      1
1       388 14.0       2.00e+10     82.32    284.49   4928.64  -3363.57      0.00      1
1       389 14.0       6.92e+09     76.83     73.44   -156.63  -1315.05      0.00      1
1       390 14.0       6.92e+09     69.09    197.53  -1738.41  -1958.14      0.00      1
1       391 14.0       8.13e+10     77.72    240.70   6209.40  -8570.28      0.00      0
1       392 14.0       4.47e+09     82.56    100.15    112.27  -2205.47      0.00      1
1       393 14.0       4.79e+09     82.70    241.99  -2490.17  -5100.99      0.00      1
1       394 14.0       2.00e+10     86.77    118.66   5246.07  -2668.38      0.00      1
1       395 14.0       2.40e+10     87.02    155.10    680.36 -11220.57      0.00      1
1       396 14.0       3.39e+09     82.27     79.93   -543.91   4495.06      0.00      1
1       397 14.0       1.23e+10     80.86    233.44   5319.81  -4374.21      0.00      1
1       398 14.0       2.09e+09     77.51    148.08  -1757.62  -5240.76      0.00      1
1       399 14.0       5.50e+09     76.94    282.42   2373.27   4307.32      0.00      1
