1      7100 14.0       3.89e+08     84.64    343.08  -2627.51   3311.54      0.00      0
1      7101 14.0       4.07e+08     67.75    299.30   4895.90    993.23      0.00      0
1      7102 14.0       2.40e+08     83.48    164.47   3510.97    299.86      0.00      0
1      7103 14.0       1.07e+08     84.91    212.63   5324.94  -7680.57      0.00      0
1      7104 14.0       1.58e+08     67.53    113.74    631.69 -10460.15      0.00      0
1      7105 14.0       6.61e+08     71.66    264.39   2938.95  -9956.81      0.00      1
1      7106 14.0       6.76e+08     65.41     98.09   4299.09  -3436.39      0.00      0
1      7107 14.0       4.47e+08     77.33    256.37  -2721.40   1197.86      0.00      1
1      7108 14.0       1.91e+08     75.96     28.11   4667.27  -9685.02      0.00      0
1      7109 14.0       1.07e+08     73.95     78.59  -4368.72 -10564.62      0.00      0
1      7110 14.0       3.63e+08     81.46    223.79   3016.40 -10156.29      0.00      0
1      7111 14.0       2.40e+08     68.81    269.91   2346.40  -3664.96      0.00      0
1      7112 14.0       1.62e+08     71.47    269.63   4097.25 -10354.74      0.00      0
1      7113 14.0       2.04e+08     78.92     79.18   6200.62  -3576.15      0.00      0
1      7114 14.0       1.35e+08     81.79    307.00   -266.89    243.02      0.00      0
1      7115 14.0       1.45e+08     67.52    222.28   4298.88  -2328.31      0.00      0
1      7116 14.0       1.23e+08     73.92    305.82   2055.69   4589.33      0.00      0
1      7117 14.0       1.02e+08     72.83    103.99   1667.09   3622.21      0.00      0
1      7118 14.0       2.09e+08     79.18     48.30   3753.58  -4344.41      0.00      0
1      7119 14.0       6.61e+08     72.67    151.76    875.50  -2852.28      0.00      1
1      7120 14.0       2.29e+08     85.84    179.52   3834.08   -228.01      0.00      0
1      7121 14.0       2.14e+08     72.45    170.02  -3424.49  -7289.75      0.00      1
1      7122 14.0       1.05e+08     79.97    326.96   4967.13  -8532.99      0.00      0
1      7123 14.0       3.72e+08     76.78    352.89  -3882.70  -1168.81      0.00      1
1      7124 14.0       2.51e+08     70.62     23.46  -2296.48   3076.95      0.00      1
1      7125 14.0       4.47e+08     65.57     83.36   5174.08  -6283.08      0.00      0
1      7126 14.0       1.32e+08     75.88    203.61   3143.09   -762.50      0.00      0
1      7127 14.0       1.02e+08     65.20     27.39   4126.35  -4091.99      0.00      0
1      7128 14.0       3.09e+08     83.62    344.65   4091.53   1649.68      0.00      0
1      7129 14.0       2.75e+08     87.84    228.69   3913.92   4397.80      0.00      0
1      7130 14.0       1.17e+08     67.36    242.71   2751.09   1544.87      0.00      0
1      7131 14.0       3.89e+08     86.66    299.63   2311.89 -10677.27      0.00      0
1      7132 14.0       5.01e+08     83.12    195.91   5037.12  -6107.40      0.00      1
1      7133 14.0       1.05e+08     86.63    119.28   5882.57  -7864.37      0.00      0
1      7134 14.0       3.16e+08     79.76    290.53  -1980.69  -1900.38      0.00      0
1      7135 14.0       1.62e+08     75.42    165.19   -845.27  -5836.16      0.00      0
1      7136 14.0       1.86e+08     78.90     26.69  -1475.07  -8206.39      0.00      0
1      7137 14.0       1.15e+08     82.86    101.10  -2111.89   1462.61      0.00      0
1      7138 14.0       1.00e+09     80.11     17.21   -969.07  -8797.70      0.00      1
1      7139 14.0       1.62e+08     82.58    332.48   4787.04 -11009.91      0.00      0
1      7140 14.0       1.32e+08     76.83     95.04   1522.53    180.60      0.00      0
1      7141 14.0       6.61e+08     87.27     68.78  -1190.32  -1937.49      0.00      0
1      7142 14.0       1.12e+08     80.09    206.45  -3685.83   -423.12      0.00      0
1      7143 14.0       7.08e+08     71.33      7.79   -872.13  -2330.75      0.00      1
1      7144 14.0       1.51e+08     66.18    240.59   3628.37  -5566.02      0.00      0
1      7145 14.0       1.58e+08     83.51     36.85  -2156.98  -8051.95      0.00      0
1      7146 14.0       9.77e+08     72.38    307.66   2424.20   3498.66      0.00      1
1      7147 14.0       1.58e+08     85.03    115.45   3582.30  -7617.36      0.00      0
1      7148 14.0       2.19e+08     72.43    248.43  -3424.71  -4715.14      0.00      0
1      7149 14.0       1.78e+08     80.86    101.90   1373.53 -10287.85      0.00      0
1      7150 14.0       2.34e+08     66.58    113.54   -779.34  -9846.00      0.00      0
1      7151 14.0       4.37e+08     69.91    321.91    939.10  -2498.15      0.00      1
1      7152 14.0       1.32e+08     77.98    165.64   6220.73   3708.08      0.00      0
1      7153 14.0       4.79e+08     74.59      1.39   2650.30   3855.79      0.00      1
1      7154 14.0       1.10e+08     76.51    191.65  -1351.56   2934.49      0.00      0
1      7155 14.0       1.58e+08     86.68    265.34   4507.67   4710.04      0.00      0
1      7156 14.0       3.72e+08     76.34    241.38  -2724.38  -4765.50      0.00      1
1      7157 14.0       2.88e+08     71.65     59.18   5699.06  -1576.92      0.00      1
1      7158 14.0       4.57e+08     68.86    344.14   1072.81  -9654.90      0.00      0
1      7159 14.0       2.34e+08     87.48    214.58  -3976.54  -3487.45      0.00      0
1      7160 14.0       3.47e+08     75.39    188.69   1964.10  -7072.11      0.00      1
1      7161 14.0       1.32e+08     85.88    106.19   1983.29  -3927.45      0.00      0
1      7162 14.0       5.75e+08     75.33    202.17   3558.61   2328.58      0.00      1
1      7163 14.0       1.35e+08     86.54    287.19   1459.24   4155.52      0.00      0
1      7164 14.0       1.02e+08     66.16    275.31   3634.76   1767.46      0.00      0
1      7165 14.0       1.48e+08     70.07    259.92   3529.78   3162.08      0.00      0
1      7166 14.0       1.05e+08     84.33    279.19  -2202.29  -2782.44      0.00      0
1      7167 14.0       1.55e+08     77.69    215.71   -163.99   1588.50      0.00      0
1      7168 14.0       8.32e+08     74.23    300.93   2729.87  -7644.63      0.00      1
1      7169 14.0       1.00e+08     87.17      3.70    829.52   -229.46      0.00      0
1      7170 14.0       1.05e+08     86.32     98.95   1504.46 -10103.55      0.00      0
1      7171 14.0       1.78e+08     87.05    344.59  -3280.03 -10818.29      0.00      0
1      7172 14.0       2.04e+08     85.48     52.09  -2381.83 -11079.11      0.00      0
1      7173 14.0       1.26e+08     80.79    143.00    211.33  -7238.64      0.00      0
1      7174 14.0       4.27e+08     81.29    298.28  -1396.97   5191.14      0.00      1
1      7175 14.0       3.09e+08     79.89     84.20  -3328.49    743.73      0.00      1
1      7176 14.0       1.00e+08     84.80    132.35  -3128.03  -9440.59      0.00      0
1      7177 14.0       2.40e+08     72.73    323.11  -2455.18 -10228.49      0.00      0
1      7178 14.0       4.37e+08     65.28     75.25   5685.93  -8237.31      0.00      0
1      7179 14.0       6.31e+08     87.67    265.02   6194.79   4972.23      0.00      0
1      7180 14.0       3.63e+08     68.63     10.93   4478.20   4161.44      0.00      0
1      7181 14.0       1.38e+08     86.66    155.01   4793.91   4800.35      0.00      0
1      7182 14.0       1.12e+08     71.24     22.56   5642.92   1249.93      0.00      0
1      7183 14.0       4.37e+08     82.23    359.19   5814.40  -6726.23      0.00      1
1      7184 14.0       7.76e+08     65.90    276.90   1828.55  -1404.95      0.00      1
1      7185 14.0       8.51e+08     77.96      1.83  -2265.83   3518.56      0.00      1
1      7186 14.0       2.40e+08     82.91    185.12  -4275.29  -2679.14      0.00      0
1      7187 14.0       1.35e+08     78.00    179.90   2792.50  -5450.03      0.00      0
1      7188 14.0       5.13e+08     71.90      4.51  -3773.17  -6536.40      0.00      1
1      7189 14.0       5.13e+08     77.06    245.62   2423.60   1471.88      0.00      1
1      7190 14.0       9.33e+08     76.06    144.10  -2980.30   -446.27      0.00      1
1      7191 14.0       1.51e+08     65.65    166.77  -1129.80  -5294.54      0.00      0
1      7192 14.0       3.80e+08     66.37    175.67  -3444.11   1613.18      0.00      0
1      7193 14.0       2.00e+08     66.19    288.30   4852.18  -1749.42      0.00      0
1      7194 14.0       6.31e+08     77.61    221.33   3010.70  -4599.73      0.00      1
1      7195 14.0       8.91e+08     84.81    287.51   2038.31   4955.95      0.00      1
1      7196 14.0       8.91e+08     80.37     95.20   4666.34  -5748.59      0.00      1
1      7197 14.0       6.76e+08     83.61    308.87  -4004.45   2445.40      0.00      1
1      7198 14.0       9.77e+08     66.25     85.20   3692.41   3570.69      0.00      0
1      7199 14.0       1.41e+08     79.32     56.90   -732.56  -5039.44      0.00      0
