1    100900 5626.0     4.57e+10     79.48    334.40   1274.67    945.29      0.00      1
1    100901 5626.0     3.39e+09     83.54    297.65   1714.42   -555.48      0.00      1
1    100902 5626.0     6.61e+09     71.45     99.07   4550.20  -6310.78      0.00      1
1    100903 5626.0     3.98e+10     66.27    277.99   5698.60  -4254.50      0.00      0
1    100904 5626.0     9.33e+10     65.70    275.55    879.97  -4647.90      0.00      1
1    100905 5626.0     4.68e+09     78.80    259.45  -2243.89 -11267.29      0.00      1
1    100906 5626.0     8.91e+09     87.78      6.29   -630.68   2353.81      0.00      1
1    100907 5626.0     1.00e+11     81.61    150.90  -3448.58   1644.90      0.00      1
1    100908 5626.0     6.61e+10     82.92    317.60   3839.71  -2876.19      0.00      1
1    100909 5626.0     1.86e+09     84.34    241.95   5216.42   1553.86      0.00      1
1    100910 5626.0     1.91e+10     85.47    157.02  -1116.09  -6274.69      0.00      1
1    100911 5626.0     1.38e+10     65.21    177.01   -264.39  -1035.44      0.00      1
1    100912 5626.0     8.91e+09     80.91     31.71   2776.61  -1514.78      0.00      1
1    100913 5626.0     2.63e+09     79.73    229.57  -1168.48  -5214.82      0.00      1
1    100914 5626.0     3.24e+10     81.49    178.29   5589.06  -3973.52      0.00      1
1    100915 5626.0     1.02e+09     71.18    167.81  -1845.42  -7685.23      0.00      1
1    100916 5626.0     1.32e+09     81.23    173.72   3957.29 -10709.62      0.00      1
1    100917 5626.0     1.58e+10     77.38    128.74  -2053.28   2722.95      0.00      1
1    100918 5626.0     3.80e+10     69.53    123.16  -2364.78    929.18      0.00      1
1    100919 5626.0     8.51e+09     73.17    123.10    652.59  -1171.10      0.00      1
1    100920 5626.0     3.31e+09     70.88    247.35   -591.33  -1474.57      0.00      1
1    100921 5626.0     3.80e+10     75.24    138.91    674.25    826.21      0.00      1
1    100922 5626.0     5.75e+09     74.52    215.37   3470.05  -4839.33      0.00      1
1    100923 5626.0     3.72e+10     78.38    237.42   2458.98  -9724.94      0.00      1
1    100924 5626.0     1.23e+10     80.41    257.56   2243.67  -8056.41      0.00      1
1    100925 5626.0     5.75e+09     78.51    156.94  -3819.96   2011.47      0.00      1
1    100926 5626.0     3.63e+10     78.87     11.96   3772.04  -2584.32      0.00      1
1    100927 5626.0     1.23e+09     77.11    107.43   -944.72   -222.44      0.00      1
1    100928 5626.0     1.12e+10     87.13     62.61  -4244.76  -7504.26      0.00      1
1    100929 5626.0     3.55e+10     71.83    207.71   4428.45  -6864.05      0.00      1
1    100930 5626.0     1.66e+09     87.07    286.40    693.83   4276.13      0.00      0
1    100931 5626.0     1.35e+09     80.02     16.23   5202.51   -123.51      0.00      1
1    100932 5626.0     4.27e+09     85.87    100.76  -2693.64  -8008.91      0.00      1
1    100933 5626.0     1.95e+09     86.03     44.47  -1559.34   4529.48      0.00      1
1    100934 5626.0     5.13e+09     83.96    164.87   4888.17   3137.62      0.00      1
1    100935 5626.0     4.27e+10     70.66    197.84  -4078.15  -2905.13      0.00      1
1    100936 5626.0     3.39e+10     74.93    268.50   1262.85   -707.36      0.00      1
1    100937 5626.0     7.08e+10     71.02     32.97  -4276.52  -7124.62      0.00      0
1    100938 5626.0     3.80e+10     84.95    290.85   5134.74   4636.28      0.00      1
1    100939 5626.0     1.17e+09     73.36     77.26   5104.10  -3004.26      0.00      1
1    100940 5626.0     2.57e+09     78.49    121.48  -2682.74   2288.40      0.00      1
1    100941 5626.0     7.76e+09     65.40    249.83   6416.09   -669.80      0.00      0
1    100942 5626.0     8.32e+10     69.99    200.83  -1917.75   -942.09      0.00      1
1    100943 5626.0     1.38e+09     82.02     75.50   5486.13  -4612.28      0.00      1
1    100944 5626.0     1.74e+10     82.99    340.72   6128.35  -5017.38      0.00      1
1    100945 5626.0     1.41e+09     65.69    294.30  -3171.71   1549.43      0.00      1
1    100946 5626.0     9.33e+10     80.87    285.51  -3427.77  -8945.57      0.00      1
1    100947 5626.0     1.95e+09     65.97    121.00  -3758.91  -2371.78      0.00      0
1    100948 5626.0     1.95e+10     83.60     28.57  -4293.56  -5485.44      0.00      1
1    100949 5626.0     5.37e+09     78.02    125.77   3654.14  -5157.87      0.00      1
1    100950 5626.0     2.00e+10     83.63    172.96    637.18  -9773.13      0.00      1
1    100951 5626.0     9.33e+09     85.21    176.69  -3192.04  -9798.16      0.00      1
1    100952 5626.0     2.63e+09     87.79    201.33   -612.95   1578.80      0.00      0
1    100953 5626.0     2.69e+09     86.93      4.41  -3588.22  -3255.78      0.00      1
1    100954 5626.0     3.09e+10     75.05     13.82  -1513.77   -566.80      0.00      1
1    100955 5626.0     3.39e+09     66.80    283.86   3371.74   -495.23      0.00      1
1    100956 5626.0     1.05e+09     83.32      3.49    -44.81   4777.38      0.00      1
1    100957 5626.0     6.92e+10     85.12    356.60   3626.39   3262.79      0.00      1
1    100958 5626.0     5.01e+10     68.66    291.70   4241.68  -1702.67      0.00      1
1    100959 5626.0     2.00e+09     86.57    221.39  -3400.01  -3176.64      0.00      0
1    100960 5626.0     1.02e+09     75.03    308.58   2971.10  -6917.49      0.00      1
1    100961 5626.0     4.79e+10     73.31    333.75    297.27    788.29      0.00      1
1    100962 5626.0     1.00e+10     84.39    239.55   3590.17    264.34      0.00      1
1    100963 5626.0     5.50e+09     75.78    268.95  -3223.15  -9806.17      0.00      1
1    100964 5626.0     1.00e+11     73.73     78.72   5573.67  -9267.55      0.00      1
1    100965 5626.0     4.57e+09     88.00    208.24  -3462.18    652.47      0.00      1
1    100966 5626.0     8.32e+10     66.94     81.76    145.18    241.45      0.00      1
1    100967 5626.0     3.39e+09     75.54     53.49  -1549.45  -9676.95      0.00      1
1    100968 5626.0     3.39e+09     66.56    154.19   1580.87  -2048.75      0.00      1
1    100969 5626.0     5.62e+09     86.90     77.94   2694.50   3780.70      0.00      1
1    100970 5626.0     2.19e+09     73.89     15.83  -3877.01  -5822.01      0.00      1
1    100971 5626.0     1.45e+09     79.70     62.52    656.95   1546.61      0.00      1
1    100972 5626.0     5.50e+09     75.97    345.62  -4113.65 -10642.66      0.00      1
1    100973 5626.0     1.23e+09     74.23    250.50  -3502.61  -4041.11      0.00      1
1    100974 5626.0     6.03e+10     79.08     64.97   6385.74   4800.32      0.00      1
1    100975 5626.0     1.00e+09     67.57    261.29  -2984.42  -8160.32      0.00      1
1    100976 5626.0     3.55e+10     73.94    242.35  -3760.73  -5824.84      0.00      1
1    100977 5626.0     8.91e+09     67.18     62.41   5449.44  -5243.39      0.00      1
1    100978 5626.0     5.25e+10     66.85    174.04  -1537.10  -8776.16      0.00      1
1    100979 5626.0     7.59e+10     68.08      9.30  -1071.42   3814.06      0.00      1
1    100980 5626.0     2.00e+10     81.66    150.21   4281.34      2.14      0.00      1
1    100981 5626.0     2.14e+09     74.11    297.16  -1750.89  -9521.97      0.00      1
1    100982 5626.0     5.50e+10     69.63    347.63   3297.22  -8295.21      0.00      1
1    100983 5626.0     4.79e+09     87.14    305.86   2895.48  -5883.67      0.00      1
1    100984 5626.0     5.75e+10     81.30     80.31   5756.26  -5563.86      0.00      1
1    100985 5626.0     2.04e+10     83.21    116.00   2075.78  -7428.12      0.00      1
1    100986 5626.0     4.17e+09     87.77    180.62   -378.86  -2412.63      0.00      1
1    100987 5626.0     3.55e+10     71.43     28.34  -1952.20  -9658.20      0.00      1
1    100988 5626.0     6.92e+09     70.62    304.76  -3798.58   1584.20      0.00      1
1    100989 5626.0     1.58e+09     82.60    156.31  -1230.24   2942.30      0.00      1
1    100990 5626.0     8.71e+10     81.87    228.83   4241.94  -6129.27      0.00      1
1    100991 5626.0     6.17e+09     73.82    343.21   1620.41  -1828.88      0.00      1
1    100992 5626.0     5.62e+09     86.07    105.35  -1563.34  -5130.54      0.00      1
1    100993 5626.0     7.41e+10     86.19    214.50   5994.44  -3022.42      0.00      1
1    100994 5626.0     1.45e+09     81.18    335.99  -2237.45  -9199.11      0.00      1
1    100995 5626.0     7.94e+10     87.45    232.97  -2929.87   -874.52      0.00      1
1    100996 5626.0     2.40e+10     69.98    178.18  -3156.12     94.41      0.00      1
1    100997 5626.0     5.89e+10     73.93    211.44   -915.19  -9671.62      0.00      1
1    100998 5626.0     1.07e+09     75.86    118.75   5601.36  -1697.60      0.00      1
1    100999 5626.0     1.23e+09     76.19    154.40   1480.02  -6050.24      0.00      1
