1    102200 5626.0     2.34e+10     74.05    210.94    744.85  -1702.50      0.00      1
1    102201 5626.0     1.55e+09     82.34    221.30   6082.26  -9203.72      0.00      1
1    102202 5626.0     1.12e+10     86.69      0.48  -4385.07  -8580.15      0.00      1
1    102203 5626.0     1.00e+09     75.34    126.99  -2675.00  -9861.84      0.00      1
1    102204 5626.0     2.40e+10     85.20    239.61   2843.04  -6104.57      0.00      1
1    102205 5626.0     1.20e+10     69.86     51.26  -3037.11  -6202.88      0.00      0
1    102206 5626.0     1.45e+09     85.31    111.25   2570.47   2605.52      0.00      1
1    102207 5626.0     1.86e+10     74.02    216.22  -2458.07  -8643.43      0.00      1
1    102208 5626.0     4.17e+10     72.46     89.04   -261.71   3857.60      0.00      1
1    102209 5626.0     2.51e+09     79.75    315.18  -3105.14  -6805.69      0.00      1
1    102210 5626.0     7.76e+10     73.46     49.36  -3672.19  -6409.68      0.00      0
1    102211 5626.0     6.76e+09     87.73    258.27  -1426.04  -8252.87      0.00      1
1    102212 5626.0     1.66e+10     86.18    355.39  -1684.91  -9578.63      0.00      1
1    102213 5626.0     3.89e+10     66.68    144.85   6423.68  -6355.18      0.00      0
1    102214 5626.0     2.34e+10     71.24     72.43   2655.82   1538.12      0.00      1
1    102215 5626.0     4.68e+09     67.54    312.46   6178.93  -1936.78      0.00      1
1    102216 5626.0     2.51e+09     67.96     56.45   -469.66   -516.58      0.00      1
1    102217 5626.0     2.57e+10     78.33    176.36   4217.39  -5735.13      0.00      1
1    102218 5626.0     2.57e+09     77.92    237.77  -3235.95  -6209.54      0.00      1
1    102219 5626.0     8.32e+09     87.41    101.52  -3685.42  -3873.03      0.00      1
1    102220 5626.0     2.69e+09     85.97    306.57   2194.31  -3867.47      0.00      1
1    102221 5626.0     1.23e+09     81.43     67.18  -2630.19  -5790.62      0.00      1
1    102222 5626.0     6.46e+09     77.65    288.76   -557.83   1527.17      0.00      1
1    102223 5626.0     3.31e+09     75.63    162.86  -2122.98 -10374.43      0.00      1
1    102224 5626.0     3.98e+09     75.24      4.03  -3642.06   3910.69      0.00      1
1    102225 5626.0     5.13e+10     69.14    276.35   2485.22  -4733.57      0.00      1
1    102226 5626.0     9.55e+10     87.14    280.02   4496.25  -5027.16      0.00      1
1    102227 5626.0     3.72e+10     84.54    102.24    694.22   -128.82      0.00      1
1    102228 5626.0     4.37e+10     84.82    109.01  -1215.41  -9362.63      0.00      1
1    102229 5626.0     8.51e+09     65.10    288.38   6493.51 -10325.26      0.00      0
1    102230 5626.0     3.02e+10     74.66     97.11  -1407.71    124.38      0.00      1
1    102231 5626.0     1.17e+10     66.07    174.71   1991.37  -1866.99      0.00      1
1    102232 5626.0     3.98e+10     79.80    196.75   6149.90   4463.64      0.00      1
1    102233 5626.0     2.40e+09     83.49    200.82   1948.20  -6798.28      0.00      1
1    102234 5626.0     1.38e+10     87.31    105.16   1003.64   5045.73      0.00      1
1    102235 5626.0     3.63e+10     73.38    333.04  -2405.68   -770.40      0.00      1
1    102236 5626.0     3.55e+10     70.48    153.26   2161.75  -1599.46      0.00      1
1    102237 5626.0     2.82e+09     83.06     14.62  -3316.52  -2542.26      0.00      1
1    102238 5626.0     3.55e+09     82.03    124.18   6155.61   4669.34      0.00      1
1    102239 5626.0     5.75e+10     70.57    182.12   1869.53   3582.60      0.00      1
1    102240 5626.0     4.79e+10     80.23    113.30   1881.54  -5533.08      0.00      1
1    102241 5626.0     1.23e+09     71.56     40.37   2877.27  -8598.54      0.00      1
1    102242 5626.0     9.12e+09     75.08    147.86   5579.91  -5138.29      0.00      0
1    102243 5626.0     2.29e+09     82.99     97.17  -2131.45   3849.48      0.00      1
1    102244 5626.0     2.34e+09     71.30    122.80   1744.59     82.95      0.00      1
1    102245 5626.0     6.46e+10     71.80    141.00   2593.84  -9651.16      0.00      1
1    102246 5626.0     2.24e+10     75.91    194.60  -2741.15  -9723.78      0.00      1
1    102247 5626.0     1.10e+10     75.32    355.60  -2435.24   4696.21      0.00      1
1    102248 5626.0     1.07e+09     80.71    167.42  -1354.87   -250.75      0.00      1
1    102249 5626.0     1.23e+09     87.31    168.15   4946.60 -10281.47      0.00      0
1    102250 5626.0     3.63e+09     79.92    290.16   5914.73  -1739.47      0.00      1
1    102251 5626.0     2.57e+09     68.84    135.70   4854.19   1855.46      0.00      1
1    102252 5626.0     1.29e+09     81.42    263.43  -3376.73   1026.70      0.00      1
1    102253 5626.0     1.32e+10     66.75     18.29   5013.80   -149.15      0.00      1
1    102254 5626.0     6.17e+09     70.89    103.70   6439.67  -5674.52      0.00      1
1    102255 5626.0     1.66e+10     84.97    209.55   4624.78  -9911.86      0.00      1
1    102256 5626.0     7.59e+10     81.81    178.08   4806.69  -8133.71      0.00      1
1    102257 5626.0     1.02e+10     72.94      9.97  -4126.70   3703.83      0.00      1
1    102258 5626.0     4.79e+10     83.19    350.87   3153.48  -5646.31      0.00      1
1    102259 5626.0     1.07e+09     78.03    217.65  -2870.41  -9505.02      0.00      1
1    102260 5626.0     1.55e+09     86.69    306.61   6465.76    895.49      0.00      0
1    102261 5626.0     1.23e+09     65.15     43.08  -3963.94   3320.32      0.00      0
1    102262 5626.0     7.41e+09     65.84    323.92   4497.52  -3243.80      0.00      0
1    102263 5626.0     1.17e+10     82.81     88.78   4182.93  -9942.41      0.00      1
1    102264 5626.0     1.38e+09     84.46    218.41   4068.11   3218.20      0.00      1
1    102265 5626.0     2.51e+09     84.83    337.08  -3070.87  -1977.35      0.00      1
1    102266 5626.0     2.04e+10     78.45    228.20   2730.31   4442.08      0.00      1
1    102267 5626.0     5.13e+10     74.08    121.60   4306.24  -1983.04      0.00      1
1    102268 5626.0     8.32e+10     74.90     38.35   4672.81   -550.13      0.00      1
1    102269 5626.0     1.35e+09     65.52    185.42   2533.57   5053.14      0.00      0
1    102270 5626.0     3.72e+10     74.25    128.07  -2132.75  -4641.21      0.00      1
1    102271 5626.0     3.72e+10     81.31    185.47    479.36  -8552.26      0.00      1
1    102272 5626.0     1.82e+10     84.72    321.54  -1055.88   2598.98      0.00      1
1    102273 5626.0     5.13e+10     67.91    341.50  -2918.27  -6029.18      0.00      1
1    102274 5626.0     3.55e+10     80.66    207.95     20.92   -899.68      0.00      1
1    102275 5626.0     3.63e+09     72.65    193.40  -1523.67  -1500.84      0.00      1
1    102276 5626.0     2.51e+09     68.41    161.36   1300.98  -1550.53      0.00      1
1    102277 5626.0     5.62e+10     79.90    251.01   3720.70   1220.46      0.00      1
1    102278 5626.0     1.15e+10     76.74     78.79   4205.56   4023.28      0.00      1
1    102279 5626.0     5.75e+10     71.53    108.35    365.83  -7402.64      0.00      1
1    102280 5626.0     3.80e+09     81.86     91.32   1671.54  -4162.45      0.00      1
1    102281 5626.0     7.94e+09     70.05    287.57  -1383.34  -1509.33      0.00      1
1    102282 5626.0     1.35e+10     82.01    139.69  -1514.43 -11041.87      0.00      1
1    102283 5626.0     1.02e+09     69.68    269.90   3927.78  -6970.91      0.00      1
1    102284 5626.0     7.59e+09     69.56    187.13  -3782.24  -6569.65      0.00      1
1    102285 5626.0     8.13e+09     84.03    280.77   3855.99   2637.08      0.00      1
1    102286 5626.0     3.24e+09     86.26    119.99   5983.47  -3428.10      0.00      1
1    102287 5626.0     9.77e+09     72.19    237.02   5729.09  -4935.99      0.00      1
1    102288 5626.0     1.17e+10     78.74     41.01   1933.46  -4061.98      0.00      1
1    102289 5626.0     6.92e+09     69.86    277.41   6456.08    817.72      0.00      1
1    102290 5626.0     4.79e+10     87.51     36.41    -36.86  -1596.10      0.00      1
1    102291 5626.0     1.78e+09     82.45    145.21   3515.85 -10517.66      0.00      1
1    102292 5626.0     1.62e+09     73.89     86.05   2698.94  -2679.09      0.00      1
1    102293 5626.0     2.88e+10     75.23    315.79  -3472.03 -10333.05      0.00      1
1    102294 5626.0     7.41e+09     69.99    242.67  -1355.78   3437.24      0.00      1
1    102295 5626.0     6.61e+09     85.79    306.17   4222.79    -81.15      0.00      1
1    102296 5626.0     5.37e+10     80.19     73.74  -2547.12  -8830.27      0.00      1
1    102297 5626.0     2.57e+09     77.28    110.31  -1305.85    915.97      0.00      1
1    102298 5626.0     8.13e+09     69.12    279.48    519.56  -4027.38      0.00      1
1    102299 5626.0     6.17e+09     72.40    192.23  -2299.17  -6337.69      0.00      1
