1    104800 5626.0     4.79e+10     77.01     64.12   3737.81  -5919.46      0.00      1
1    104801 5626.0     2.88e+10     78.49    347.06    426.27 -10488.07      0.00      1
1    104802 5626.0     1.20e+10     65.48    215.23    496.65  -2604.79      0.00      1
1    104803 5626.0     9.55e+10     74.85    240.54   5678.13  -7568.14      0.00      1
1    104804 5626.0     4.37e+09     79.35    273.61    216.50 -10971.19      0.00      1
1    104805 5626.0     2.51e+09     75.04    153.55  -3787.74   1075.90      0.00      1
1    104806 5626.0     1.26e+10     72.41    235.34   4739.30  -8484.36      0.00      1
1    104807 5626.0     2.40e+09     67.54     91.62   -253.19  -8675.49      0.00      1
1    104808 5626.0     2.69e+10     77.25    189.26   1327.66  -6897.55      0.00      1
1    104809 5626.0     2.09e+09     76.67    239.57   4015.72     45.92      0.00      1
1    104810 5626.0     4.17e+10     80.80    335.15  -3998.19  -1582.33      0.00      1
1    104811 5626.0     1.26e+09     82.24    327.82   4250.44  -8226.74      0.00      1
1    104812 5626.0     1.78e+09     67.39    158.66  -1790.30    381.21      0.00      1
1    104813 5626.0     1.20e+10     83.10    117.06   1568.72   1508.19      0.00      1
1    104814 5626.0     4.47e+10     67.15     16.38  -4331.17  -6120.32      0.00      1
1    104815 5626.0     3.24e+09     77.28    306.85   4102.20    -52.28      0.00      1
1    104816 5626.0     1.51e+10     66.99    314.56   6049.26  -1845.33      0.00      0
1    104817 5626.0     3.02e+09     82.29     89.75   1787.34   3559.75      0.00      1
1    104818 5626.0     2.40e+10     68.60    317.61  -1710.98   2245.75      0.00      1
1    104819 5626.0     3.02e+10     76.05    214.57   -525.11  -7122.05      0.00      1
1    104820 5626.0     7.76e+09     83.82    192.56  -4387.04  -7940.20      0.00      1
1    104821 5626.0     1.05e+10     83.89    344.00   6065.42  -9204.80      0.00      1
1    104822 5626.0     3.16e+09     66.95     14.78   6077.93  -5301.76      0.00      1
1    104823 5626.0     1.32e+09     69.71    129.12   3318.52   -665.39      0.00      1
1    104824 5626.0     2.63e+10     80.99    283.56  -1559.51  -4360.93      0.00      1
1    104825 5626.0     2.40e+09     83.74    135.85   4651.52  -1701.15      0.00      1
1    104826 5626.0     2.19e+10     79.31     43.25   2821.65   1505.22      0.00      1
1    104827 5626.0     1.38e+10     80.61    249.45  -1548.84   3785.02      0.00      1
1    104828 5626.0     2.95e+10     84.50    350.80   6011.53    130.98      0.00      1
1    104829 5626.0     1.91e+10     79.27    175.19  -3380.65  -4191.66      0.00      1
1    104830 5626.0     8.71e+10     83.47     86.54    226.35 -10943.93      0.00      1
1    104831 5626.0     6.31e+09     86.64    152.71   -128.52  -5270.20      0.00      1
1    104832 5626.0     2.34e+10     82.95    272.43  -1491.06   -511.76      0.00      1
1    104833 5626.0     8.13e+09     82.10    150.19    101.70 -10635.34      0.00      1
1    104834 5626.0     9.33e+09     67.82     18.42   4672.43  -1769.33      0.00      1
1    104835 5626.0     4.37e+09     83.39    259.55   1992.53   1794.65      0.00      1
1    104836 5626.0     1.02e+09     68.09    338.52  -1900.55   3939.68      0.00      1
1    104837 5626.0     8.51e+10     72.43    239.23   3555.66  -8232.81      0.00      1
1    104838 5626.0     6.92e+09     83.02    154.67  -3603.20    905.92      0.00      1
1    104839 5626.0     4.57e+10     65.69    345.90   -248.16   3245.80      0.00      1
1    104840 5626.0     2.19e+10     83.27    277.89   -889.99 -10876.37      0.00      1
1    104841 5626.0     7.94e+09     77.75    117.82   6242.84 -11155.52      0.00      1
1    104842 5626.0     5.75e+10     70.20    333.34    980.72  -8102.60      0.00      1
1    104843 5626.0     1.20e+10     72.37     90.28   2783.51  -9676.90      0.00      1
1    104844 5626.0     7.41e+10     86.23    268.19  -2194.00  -2471.08      0.00      1
1    104845 5626.0     8.13e+10     68.09    123.19  -1241.97  -8041.01      0.00      0
1    104846 5626.0     9.77e+10     86.41     61.19   5924.91  -3193.75      0.00      1
1    104847 5626.0     1.07e+10     72.82    203.18   5024.52  -5178.80      0.00      1
1    104848 5626.0     6.76e+09     86.19     71.99  -3889.92    505.11      0.00      1
1    104849 5626.0     1.78e+10     77.33     34.78   -269.39  -5306.76      0.00      1
1    104850 5626.0     2.45e+10     84.77     47.97   -478.08    567.26      0.00      1
1    104851 5626.0     5.62e+09     69.13     90.44  -3704.28  -3943.89      0.00      1
1    104852 5626.0     3.02e+09     77.58    325.85  -1999.69   1220.12      0.00      1
1    104853 5626.0     9.77e+09     82.46     27.83   3453.38   2144.57      0.00      1
1    104854 5626.0     2.45e+10     78.02     30.29  -2407.00   1732.43      0.00      1
1    104855 5626.0     4.07e+09     66.56    124.29   1315.07  -3574.86      0.00      1
1    104856 5626.0     4.57e+10     82.44    251.37   1629.97  -9418.04      0.00      1
1    104857 5626.0     1.15e+09     67.31    227.41   3875.94 -11061.01      0.00      0
1    104858 5626.0     7.41e+10     67.36    308.14   -425.99   3640.00      0.00      1
1    104859 5626.0     4.27e+10     76.51     88.36    941.57  -1616.37      0.00      1
1    104860 5626.0     5.01e+10     66.24    130.65  -1861.89  -5160.46      0.00      0
1    104861 5626.0     4.37e+10     83.40    222.57   5315.91    624.95      0.00      1
1    104862 5626.0     7.08e+09     82.06    101.77  -3737.73  -7730.77      0.00      1
1    104863 5626.0     3.63e+10     71.43    159.46   3151.58   -271.16      0.00      1
1    104864 5626.0     1.51e+10     73.72    291.79  -1499.08  -9205.05      0.00      1
1    104865 5626.0     6.03e+10     70.52    123.18    535.78 -11112.31      0.00      1
1    104866 5626.0     1.55e+09     83.01    245.71  -3490.51 -11096.37      0.00      1
1    104867 5626.0     1.38e+10     72.09    281.03   1157.92  -2571.56      0.00      1
1    104868 5626.0     5.25e+09     82.07    163.13   5678.86    913.48      0.00      1
1    104869 5626.0     6.17e+09     66.13     77.93  -3522.21    411.44      0.00      1
1    104870 5626.0     2.14e+10     75.71    205.65   5098.07  -7330.97      0.00      1
1    104871 5626.0     7.08e+10     86.94    265.33   1298.78  -5391.28      0.00      1
1    104872 5626.0     8.51e+09     86.41    250.53   -176.73  -7931.77      0.00      1
1    104873 5626.0     5.62e+10     75.08    104.19  -2888.48   3034.18      0.00      1
1    104874 5626.0     1.66e+09     84.44    158.34   2933.76  -7188.67      0.00      1
1    104875 5626.0     2.34e+10     69.78    311.22   -211.42  -6336.89      0.00      1
1    104876 5626.0     1.95e+09     68.93    185.52   1584.37  -6224.72      0.00      1
1    104877 5626.0     1.23e+10     87.98    199.18   2906.71  -5995.72      0.00      1
1    104878 5626.0     4.07e+10     67.30    358.04    -64.48    743.60      0.00      1
1    104879 5626.0     1.02e+09     81.94    271.19   5181.16   4357.11      0.00      1
1    104880 5626.0     1.20e+09     70.70    165.10    330.96  -7978.80      0.00      1
1    104881 5626.0     1.78e+10     68.82    285.05   1683.11  -4679.48      0.00      1
1    104882 5626.0     5.50e+09     76.83     74.73   5906.68   3553.42      0.00      1
1    104883 5626.0     4.57e+09     86.55    307.52   1926.01   5173.24      0.00      1
1    104884 5626.0     4.90e+09     65.35    314.86    950.72   1551.15      0.00      1
1    104885 5626.0     2.04e+09     72.96     81.31   6212.20  -2204.12      0.00      1
1    104886 5626.0     4.68e+10     73.25    139.49   5761.78   2502.90      0.00      0
1    104887 5626.0     1.95e+09     66.32      6.11  -1646.90  -2977.62      0.00      1
1    104888 5626.0     2.63e+10     76.09    227.23   1007.11 -10362.62      0.00      1
1    104889 5626.0     6.92e+10     74.28    213.19   -444.12 -10865.26      0.00      1
1    104890 5626.0     3.39e+09     75.25    294.73   1281.91   1367.14      0.00      1
1    104891 5626.0     3.98e+10     81.86    175.36   -954.58  -1704.71      0.00      1
1    104892 5626.0     2.69e+10     79.73    207.22  -1078.36  -4218.12      0.00      1
1    104893 5626.0     8.32e+10     71.29    246.08   5146.05  -2443.90      0.00      1
1    104894 5626.0     1.82e+09     72.82     18.36   5654.88  -2313.69      0.00      1
1    104895 5626.0     3.55e+10     86.32    199.56   3311.55  -5390.11      0.00      1
1    104896 5626.0     1.82e+10     77.98     53.27   1296.85  -9600.16      0.00      1
1    104897 5626.0     2.45e+09     79.40    251.84   3654.11   1862.74      0.00      1
1    104898 5626.0     3.55e+10     66.57     29.95   2776.20   4532.88      0.00      0
1    104899 5626.0     6.31e+10     71.79    206.43   4616.66  -8076.64      0.00      1
