1    106700 5626.0     6.31e+08     84.92    288.68     17.91 -10789.51      0.00      0
1    106701 5626.0     4.90e+08     86.70    342.40  -1094.22  -1110.29      0.00      0
1    106702 5626.0     1.23e+08     68.07     63.40   5573.69   1934.31      0.00      0
1    106703 5626.0     1.55e+08     71.23     53.18  -1520.47 -10618.65      0.00      0
1    106704 5626.0     1.15e+08     73.73    291.74  -1563.59  -1776.69      0.00      0
1    106705 5626.0     6.03e+08     71.14    306.36   1461.43  -3740.32      0.00      1
1    106706 5626.0     4.57e+08     76.62    296.11   1917.68   -828.17      0.00      1
1    106707 5626.0     2.75e+08     83.21    200.11    894.67  -8035.49      0.00      0
1    106708 5626.0     8.51e+08     83.10    282.62   6266.99 -10517.28      0.00      1
1    106709 5626.0     1.07e+08     87.26    353.66   4359.90   3703.22      0.00      0
1    106710 5626.0     6.03e+08     74.22    241.98  -1691.75  -1314.87      0.00      1
1    106711 5626.0     1.12e+08     72.74    123.23  -3503.81   -916.59      0.00      0
1    106712 5626.0     3.02e+08     74.88     68.59    678.17   1827.11      0.00      1
1    106713 5626.0     1.55e+08     71.34    142.73  -3578.16  -7661.22      0.00      0
1    106714 5626.0     1.55e+08     69.89    325.51  -1923.20  -4666.78      0.00      0
1    106715 5626.0     2.19e+08     69.04     18.26    861.88    711.94      0.00      1
1    106716 5626.0     2.45e+08     77.92    209.65   1896.95  -2778.12      0.00      0
1    106717 5626.0     6.31e+08     74.22     84.82   3154.10    586.58      0.00      1
1    106718 5626.0     9.33e+08     80.09     67.81   1571.88 -11153.66      0.00      1
1    106719 5626.0     7.76e+08     68.60    351.58  -2122.15   1380.56      0.00      1
1    106720 5626.0     2.63e+08     69.16    311.91  -3794.93   -840.34      0.00      0
1    106721 5626.0     1.07e+08     85.38    150.12   5517.13   4523.24      0.00      0
1    106722 5626.0     3.09e+08     84.97    250.88  -3427.67   3338.91      0.00      0
1    106723 5626.0     4.57e+08     82.74    263.48   5668.56  -8199.53      0.00      0
1    106724 5626.0     1.91e+08     67.57    180.40   1787.84     50.56      0.00      0
1    106725 5626.0     2.69e+08     66.88    335.81     27.98  -8284.04      0.00      0
1    106726 5626.0     8.13e+08     71.35    329.16    666.68  -4865.19      0.00      1
1    106727 5626.0     2.63e+08     81.29    306.83   -341.13  -7459.56      0.00      0
1    106728 5626.0     4.07e+08     78.95     59.49  -2826.11   2649.29      0.00      1
1    106729 5626.0     1.15e+08     78.88    244.88   4479.85  -7346.41      0.00      0
1    106730 5626.0     8.13e+08     74.83    177.72   3612.46  -9547.73      0.00      1
1    106731 5626.0     2.51e+08     80.86    101.79    356.12 -11194.60      0.00      0
1    106732 5626.0     3.16e+08     78.21    108.47  -3060.41  -2747.64      0.00      1
1    106733 5626.0     4.90e+08     82.02    135.05  -1402.75  -5472.14      0.00      0
1    106734 5626.0     2.88e+08     70.67    241.48  -3152.24  -1368.34      0.00      0
1    106735 5626.0     6.31e+08     82.65    248.46   5648.18   4967.18      0.00      0
1    106736 5626.0     8.51e+08     77.05    355.23  -1752.58 -10986.01      0.00      1
1    106737 5626.0     6.03e+08     84.87    112.81  -1205.31    164.36      0.00      0
1    106738 5626.0     1.66e+08     70.70    343.98  -3274.96    579.18      0.00      0
1    106739 5626.0     7.76e+08     78.39    314.89  -3207.19   2423.46      0.00      1
1    106740 5626.0     1.38e+08     76.55    220.56   3243.67  -8257.15      0.00      0
1    106741 5626.0     1.15e+08     70.97    239.52   5811.33  -5717.13      0.00      0
1    106742 5626.0     7.41e+08     78.96    175.39   6118.21  -4302.35      0.00      1
1    106743 5626.0     7.24e+08     65.01     75.50   2591.62  -4402.59      0.00      0
1    106744 5626.0     1.26e+08     68.02     56.16  -2116.12   4468.81      0.00      0
1    106745 5626.0     5.01e+08     86.97    167.80  -2712.72   -453.03      0.00      0
1    106746 5626.0     1.41e+08     67.93    322.18   3711.75   3861.39      0.00      0
1    106747 5626.0     5.01e+08     77.81    220.20  -4194.64   4850.23      0.00      0
1    106748 5626.0     4.79e+08     76.88    234.79   5745.98  -5389.43      0.00      1
1    106749 5626.0     4.79e+08     76.03     99.66  -3859.22   -647.87      0.00      1
1    106750 5626.0     3.72e+08     75.02     85.87  -3095.70  -2477.60      0.00      1
1    106751 5626.0     3.63e+08     83.89     97.04   6357.85  -6914.14      0.00      0
1    106752 5626.0     5.50e+08     83.36    174.22   6251.87  -8332.51      0.00      1
1    106753 5626.0     1.74e+08     78.91    192.70   1056.78  -5617.64      0.00      0
1    106754 5626.0     8.91e+08     76.20    185.22   1354.11   3308.87      0.00      1
1    106755 5626.0     2.88e+08     70.34    137.05   5934.06 -10983.96      0.00      0
1    106756 5626.0     6.17e+08     69.02    348.39   -254.52  -3842.62      0.00      1
1    106757 5626.0     1.70e+08     68.45    265.39  -3507.79   1053.74      0.00      0
1    106758 5626.0     1.02e+08     87.52      4.32   2874.56  -2447.35      0.00      0
1    106759 5626.0     1.55e+08     68.99    119.48  -2033.42  -7351.16      0.00      0
1    106760 5626.0     6.92e+08     84.00    123.56   5568.11  -6372.53      0.00      0
1    106761 5626.0     6.46e+08     70.75     90.06  -1705.64   -151.04      0.00      1
1    106762 5626.0     1.00e+09     70.60    157.24  -1125.50  -3933.21      0.00      1
1    106763 5626.0     3.72e+08     84.95    213.98    943.34  -5763.76      0.00      0
1    106764 5626.0     2.63e+08     70.76    174.18   6007.54   3083.12      0.00      0
1    106765 5626.0     1.74e+08     77.62    154.94   2272.90   3146.07      0.00      0
1    106766 5626.0     7.59e+08     79.69    287.08   3699.08  -4829.82      0.00      1
1    106767 5626.0     4.68e+08     71.37     83.10    203.59  -3825.77      0.00      1
1    106768 5626.0     2.51e+08     76.26     70.05   4433.92  -6455.63      0.00      0
1    106769 5626.0     2.24e+08     77.50    271.11    382.21  -1213.47      0.00      0
1    106770 5626.0     2.24e+08     69.67    338.89   2521.36 -10755.73      0.00      0
1    106771 5626.0     6.46e+08     69.72    196.63   1313.38   1790.86      0.00      1
1    106772 5626.0     1.32e+08     78.47    223.10   5304.86   1873.15      0.00      0
1    106773 5626.0     2.51e+08     70.33    109.76   6042.06  -2789.41      0.00      0
1    106774 5626.0     3.55e+08     71.67    166.38   -129.82  -9156.84      0.00      1
1    106775 5626.0     4.57e+08     74.96    159.22  -1577.85   -325.39      0.00      1
1    106776 5626.0     2.45e+08     79.81     35.96   3089.00  -4139.75      0.00      0
1    106777 5626.0     3.24e+08     68.90     80.97   1761.29  -9432.55      0.00      0
1    106778 5626.0     4.37e+08     81.89    193.18   5151.66    703.61      0.00      1
1    106779 5626.0     1.48e+08     80.29    130.77   2424.60  -3620.11      0.00      0
1    106780 5626.0     4.79e+08     85.15    316.20  -1567.13  -4527.61      0.00      0
1    106781 5626.0     1.17e+08     85.68     29.15    233.81 -11016.26      0.00      0
1    106782 5626.0     2.63e+08     77.28    267.27   3349.44   2491.57      0.00      0
1    106783 5626.0     1.00e+08     65.38    184.32   1773.37 -10860.25      0.00      0
1    106784 5626.0     5.13e+08     74.25    334.25  -2994.21   1183.40      0.00      1
1    106785 5626.0     6.61e+08     71.06    186.07  -1967.26   -113.63      0.00      1
1    106786 5626.0     4.68e+08     74.99    348.72   2439.49  -4614.74      0.00      1
1    106787 5626.0     4.47e+08     77.60    262.79   2443.41 -10049.88      0.00      1
1    106788 5626.0     2.63e+08     68.80    300.52   5926.20 -10924.03      0.00      0
1    106789 5626.0     4.07e+08     79.66    101.98    351.05  -8391.00      0.00      1
1    106790 5626.0     1.74e+08     75.03    249.65  -3769.02   2042.95      0.00      0
1    106791 5626.0     7.08e+08     73.76    143.58  -1104.08   2601.51      0.00      1
1    106792 5626.0     6.17e+08     79.76    338.18   4073.02  -2128.51      0.00      1
1    106793 5626.0     1.48e+08     66.83    147.14    938.88   1682.87      0.00      0
1    106794 5626.0     9.55e+08     78.53     79.64   6376.06   4413.13      0.00      1
1    106795 5626.0     5.75e+08     81.54    306.97   2322.81  -1675.00      0.00      1
1    106796 5626.0     1.32e+08     85.30     28.59   5365.49  -4700.47      0.00      0
1    106797 5626.0     3.16e+08     66.10     81.57   4404.46 -10010.61      0.00      0
1    106798 5626.0     1.48e+08     73.73    274.88    153.87 -10294.57      0.00      0
1    106799 5626.0     3.24e+08     67.85     70.72   1459.39  -4838.17      0.00      0
