1      3400 14.0       9.55e+10     74.25    223.85  -2599.21  -2585.79      0.00      1
1      3401 14.0       7.41e+10     73.34    164.08   1412.65  -4576.60      0.00      1
1      3402 14.0       2.69e+10     69.60     21.78   4975.29  -5168.79      0.00      1
1      3403 14.0       1.23e+10     77.86    148.72   3165.24  -4984.53      0.00      1
1      3404 14.0       7.08e+10     77.66     33.14   4050.57  -7389.90      0.00      1
1      3405 14.0       2.14e+09     81.67     91.78  -3671.08  -1841.68      0.00      1
1      3406 14.0       8.91e+10     79.16    127.71   1509.87  -4710.05      0.00      1
1      3407 14.0       6.46e+09     79.63     50.93   1573.02    979.40      0.00      1
1      3408 14.0       6.76e+10     80.40     52.31  -1619.11  -5081.56      0.00      1
1      3409 14.0       1.86e+09     70.12    114.95   5441.56 -10743.97      0.00      0
1      3410 14.0       1.00e+10     79.58     31.31   4892.32  -5237.41      0.00      1
1      3411 14.0       1.66e+09     76.23    136.29  -1631.33  -5848.03      0.00      1
1      3412 14.0       7.76e+09     70.24    314.42    985.29  -5177.38      0.00      1
1      3413 14.0       3.89e+09     77.20    232.09   3692.19   2472.18      0.00      1
1      3414 14.0       3.09e+09     77.85     71.25   2924.21  -4122.76      0.00      1
1      3415 14.0       2.34e+09     81.81     76.96   3725.10  -4393.43      0.00      1
1      3416 14.0       2.00e+10     82.55    152.00  -1549.31   3452.86      0.00      1
1      3417 14.0       4.79e+09     71.98    263.43  -2698.99   3675.50      0.00      1
1      3418 14.0       4.37e+09     71.90    290.41   2982.61  -2972.73      0.00      1
1      3419 14.0       3.39e+09     80.57    302.36   5931.59  -2803.00      0.00      1
1      3420 14.0       2.63e+10     76.63    154.78   -779.84  -6488.82      0.00      1
1      3421 14.0       2.95e+10     73.50    230.49  -3582.58   1470.80      0.00      1
1      3422 14.0       7.59e+10     68.94    347.95  -3110.43    221.23      0.00      1
1      3423 14.0       1.51e+09     79.52    224.70    -67.23   4441.80      0.00      1
1      3424 14.0       4.37e+09     85.38     14.57   4264.89    206.27      0.00      1
1      3425 14.0       2.29e+09     72.76     47.03   1248.67   3417.02      0.00      1
1      3426 14.0       3.39e+09     79.79    218.48    -77.91  -8957.01      0.00      1
1      3427 14.0       1.12e+09     73.52    126.32   5479.35  -9597.81      0.00      0
1      3428 14.0       1.38e+09     85.87     10.71   2408.78   3298.73      0.00      1
1      3429 14.0       2.09e+09     67.52     61.22  -3186.37   3910.02      0.00      1
1      3430 14.0       9.33e+10     80.46     82.56   1360.73   1901.98      0.00      1
1      3431 14.0       2.45e+10     80.60    300.41  -4265.51   1174.69      0.00      1
1      3432 14.0       1.45e+09     77.11     67.00    -84.71  -6899.16      0.00      1
1      3433 14.0       6.92e+10     72.63    300.91  -2436.23 -10823.62      0.00      1
1      3434 14.0       4.37e+10     67.96    115.92  -1368.93  -2620.73      0.00      1
1      3435 14.0       1.48e+10     77.57     17.25   6171.88  -7192.24      0.00      1
1      3436 14.0       7.59e+09     66.21     50.44   1484.38  -6301.60      0.00      0
1      3437 14.0       1.20e+10     75.50     59.41   -444.01  -8673.91      0.00      1
1      3438 14.0       2.51e+09     65.88    245.18   -270.45   1833.42      0.00      1
1      3439 14.0       3.98e+10     72.50     58.71   -554.57  -9912.99      0.00      1
1      3440 14.0       9.33e+10     86.23      2.78    502.44  -7534.98      0.00      1
1      3441 14.0       7.24e+10     67.24    242.49   4866.92  -1245.83      0.00      1
1      3442 14.0       1.58e+09     65.55     88.86   4959.36   1878.17      0.00      0
1      3443 14.0       1.70e+09     82.02    284.46   3871.12 -10273.18      0.00      1
1      3444 14.0       9.33e+09     79.65    117.25   3301.76   2728.99      0.00      1
1      3445 14.0       6.17e+09     76.73    155.62  -3649.49  -4564.28      0.00      1
1      3446 14.0       5.01e+10     70.60      0.24   2324.79  -1687.78      0.00      1
1      3447 14.0       1.02e+09     65.62    332.37   5745.21  -3966.29      0.00      0
1      3448 14.0       6.61e+10     74.84     91.71    931.47  -5848.87      0.00      1
1      3449 14.0       7.41e+09     81.14    149.89   4211.89  -9726.03      0.00      1
1      3450 14.0       7.94e+09     67.15    344.04   4240.97   1522.30      0.00      1
1      3451 14.0       3.24e+09     84.88    311.84   4249.11  -3451.01      0.00      1
1      3452 14.0       2.57e+09     68.24    207.97   -910.24   3740.41      0.00      1
1      3453 14.0       3.63e+09     74.18    230.34   -226.06  -6477.90      0.00      1
1      3454 14.0       9.77e+10     74.81    325.59   6064.21  -5027.77      0.00      1
1      3455 14.0       1.35e+10     83.20    195.47  -2177.18  -7840.58      0.00      1
1      3456 14.0       1.86e+09     81.05    169.15  -2986.64 -10984.40      0.00      1
1      3457 14.0       4.68e+10     80.58     93.16   1015.64  -6023.38      0.00      1
1      3458 14.0       3.39e+10     65.01    204.70   6353.24  -3990.44      0.00      0
1      3459 14.0       1.12e+10     76.85     73.12    345.27  -8145.86      0.00      1
1      3460 14.0       2.95e+10     71.67    309.65   4446.48   2114.90      0.00      1
1      3461 14.0       1.95e+10     75.19    239.29  -3343.18  -9493.47      0.00      1
1      3462 14.0       5.50e+09     85.94    122.31   -607.09  -2529.99      0.00      1
1      3463 14.0       4.47e+10     72.15    295.42  -2389.16   4847.87      0.00      1
1      3464 14.0       4.37e+09     74.92     38.74   5723.35   3634.96      0.00      1
1      3465 14.0       3.63e+09     76.37     77.62   3801.43  -9959.76      0.00      1
1      3466 14.0       9.55e+09     84.82    126.58   5225.26   1907.26      0.00      1
1      3467 14.0       5.13e+09     71.20    310.12    820.06  -5192.50      0.00      1
1      3468 14.0       3.98e+10     66.01     66.25  -3889.20  -1613.41      0.00      0
1      3469 14.0       7.76e+10     85.31    150.42    -47.76  -7265.24      0.00      1
1      3470 14.0       2.34e+10     84.31     60.40   3556.53  -4841.55      0.00      1
1      3471 14.0       5.37e+10     75.39    204.31   1241.45  -3170.07      0.00      1
1      3472 14.0       3.16e+10     87.93    318.73   6385.78   2998.33      0.00      1
1      3473 14.0       2.29e+09     67.66    307.38   4291.76  -1292.14      0.00      1
1      3474 14.0       6.61e+09     86.20    121.91    -47.52   1513.76      0.00      1
1      3475 14.0       1.74e+10     76.06    337.34   -383.32   4108.94      0.00      1
1      3476 14.0       2.04e+09     81.61    132.87   -282.32  -7840.15      0.00      1
1      3477 14.0       8.13e+09     86.80    349.53   4695.43  -1645.91      0.00      1
1      3478 14.0       3.55e+09     69.40     50.58  -2060.97  -2227.34      0.00      1
1      3479 14.0       5.75e+09     67.34    294.43   6160.49    405.19      0.00      1
1      3481 14.0       3.98e+10     86.61    180.84  -1452.20  -2310.57      0.00      1
1      3482 14.0       7.59e+10     83.08     24.80   2682.92    178.10      0.00      1
1      3483 14.0       1.51e+10     76.79    259.77  -3624.60  -2469.38      0.00      1
1      3484 14.0       1.45e+09     75.08     24.50   -346.31  -5960.64      0.00      1
1      3485 14.0       1.12e+09     74.92    257.48   1543.88   1275.05      0.00      1
1      3486 14.0       5.50e+09     83.23    275.26   -599.87  -1111.06      0.00      1
1      3487 14.0       8.51e+09     74.51     83.98   4716.45  -5260.25      0.00      1
1      3488 14.0       2.00e+09     85.90    349.85    773.47  -8185.37      0.00      1
1      3489 14.0       3.02e+09     67.39    173.29   2265.95  -3532.98      0.00      1
1      3490 14.0       8.51e+10     71.94    254.89  -3415.67   2111.86      0.00      1
1      3491 14.0       3.80e+09     87.57     26.14  -3746.86   5114.00      0.00      1
1      3492 14.0       1.20e+09     70.82     92.85   5642.28 -10423.56      0.00      0
1      3493 14.0       1.32e+09     69.18      9.60    275.85  -4090.94      0.00      1
1      3494 14.0       1.70e+10     66.21    158.61   1214.58    -98.62      0.00      1
1      3495 14.0       6.61e+10     77.88    296.67   4809.88  -9939.43      0.00      1
1      3496 14.0       1.02e+10     83.96    151.70  -3446.71 -10625.20      0.00      1
1      3497 14.0       4.68e+10     75.73     96.73   3648.52  -5055.05      0.00      1
1      3498 14.0       6.76e+09     81.93    304.58   6125.80  -1943.57      0.00      1
1      3499 14.0       5.13e+10     71.58    352.06    376.95  -5872.29      0.00      1
