1    100800 5626.0     2.51e+09     83.01    124.27   -459.97   1004.21      0.00      1
1    100801 5626.0     1.17e+09     86.22    213.20   2379.56   4255.30      0.00      0
1    100802 5626.0     3.47e+09     83.64    137.57    801.83  -7484.63      0.00      1
1    100803 5626.0     1.48e+10     66.99     35.60   1289.57  -2902.81      0.00      1
1    100804 5626.0     1.07e+10     79.83    244.69   4244.12   4953.03      0.00      1
1    100805 5626.0     2.34e+10     69.54    279.49  -2311.28   4526.14      0.00      1
1    100806 5626.0     1.51e+10     71.23    263.90  -1002.72  -4791.86      0.00      1
1    100807 5626.0     5.75e+10     78.00     98.36   4762.79  -1308.02      0.00      1
1    100808 5626.0     7.59e+10     71.33    171.61   4073.00 -10135.61      0.00      1
1    100809 5626.0     2.09e+09     85.93     67.87   5669.77    203.66      0.00      1
1    100810 5626.0     1.41e+09     67.44    168.21  -1396.64  -9797.91      0.00      1
1    100811 5626.0     3.02e+10     74.77     51.00  -2581.84  -7216.07      0.00      1
1    100812 5626.0     1.48e+09     79.29    207.84    956.85   -905.91      0.00      1
1    100813 5626.0     1.62e+10     68.71    119.49  -1942.18  -5502.77      0.00      1
1    100814 5626.0     1.26e+10     76.95    305.99   5098.56  -2706.59      0.00      1
1    100815 5626.0     4.68e+10     81.83    200.95   4171.25  -6552.19      0.00      1
1    100816 5626.0     1.62e+10     78.53    245.40   2323.54  -5024.81      0.00      1
1    100817 5626.0     2.40e+10     85.12     33.65  -1463.20 -11272.08      0.00      1
1    100818 5626.0     5.89e+09     81.73    212.48  -2445.38  -2533.87      0.00      1
1    100819 5626.0     4.79e+10     76.55    231.47  -1551.35  -4919.27      0.00      1
1    100820 5626.0     9.33e+10     75.96    350.71  -1195.42  -6964.28      0.00      1
1    100821 5626.0     9.77e+09     66.01    107.04    -42.60    624.81      0.00      1
1    100822 5626.0     2.51e+10     73.55     23.97    273.19  -9334.95      0.00      1
1    100823 5626.0     6.31e+10     83.52    111.49    581.64  -9860.32      0.00      1
1    100824 5626.0     4.57e+09     82.24    354.25  -2540.74   1186.57      0.00      1
1    100825 5626.0     9.77e+10     68.06    106.37   2318.67    681.27      0.00      1
1    100826 5626.0     2.69e+10     74.53    347.82    278.08  -7588.84      0.00      1
1    100827 5626.0     2.63e+10     71.61    115.84  -2893.61   3909.26      0.00      1
1    100828 5626.0     3.63e+10     67.17     70.64   1251.93  -8891.88      0.00      0
1    100829 5626.0     2.45e+09     87.85     13.81   3457.17   3226.03      0.00      0
1    100830 5626.0     2.09e+10     72.29    138.22   5718.01   3147.49      0.00      0
1    100831 5626.0     3.98e+10     83.69      8.63   4984.36  -2166.70      0.00      1
1    100832 5626.0     8.71e+09     87.09     14.21   1763.32  -6901.48      0.00      1
1    100833 5626.0     3.80e+09     77.45    230.80   6316.41  -7005.74      0.00      1
1    100834 5626.0     2.19e+10     69.65      5.96   1095.68   4492.95      0.00      1
1    100835 5626.0     5.89e+10     75.63    197.76    212.65    516.95      0.00      1
1    100836 5626.0     2.34e+09     77.16    322.48  -2175.92   3100.06      0.00      1
1    100837 5626.0     1.82e+09     75.73    243.52   4184.00   -296.90      0.00      1
1    100838 5626.0     3.89e+10     81.28    315.21   5915.01 -10898.89      0.00      1
1    100839 5626.0     2.19e+09     72.38    205.21  -2812.39  -7142.53      0.00      1
1    100840 5626.0     5.89e+10     83.14     56.45  -4245.29   4459.58      0.00      1
1    100841 5626.0     4.27e+10     85.33    110.72  -2845.58  -1106.33      0.00      1
1    100842 5626.0     7.24e+09     74.24    144.55  -1245.41  -4612.07      0.00      1
1    100843 5626.0     2.29e+09     87.78    123.36   1537.75   4066.25      0.00      0
1    100844 5626.0     1.00e+10     71.53    227.79   2086.22   3399.65      0.00      1
1    100845 5626.0     2.57e+09     74.78    349.42  -3723.70   3976.17      0.00      1
1    100846 5626.0     2.51e+09     83.99    225.21   4072.76  -7148.37      0.00      1
1    100847 5626.0     2.24e+10     69.26     75.62   5248.92  -3856.58      0.00      0
1    100848 5626.0     3.39e+10     73.44    282.98   1270.05  -3305.53      0.00      1
1    100849 5626.0     6.61e+09     74.62    160.60   6086.63  -9403.15      0.00      0
1    100850 5626.0     6.17e+10     73.92    141.47   5409.60   2884.99      0.00      0
1    100851 5626.0     7.08e+09     76.09    338.48   6002.47  -2375.15      0.00      1
1    100852 5626.0     9.77e+09     68.22    178.15    923.67  -5484.89      0.00      1
1    100853 5626.0     1.82e+10     67.83     53.60   3080.81  -6133.02      0.00      0
1    100854 5626.0     2.82e+10     77.75    138.44   4264.45    617.68      0.00      1
1    100855 5626.0     2.09e+09     77.93     59.06   -634.62  -2714.73      0.00      1
1    100856 5626.0     7.24e+10     68.56      5.04   3660.57  -8278.30      0.00      1
1    100857 5626.0     3.09e+10     68.11     11.51   2712.50 -10021.56      0.00      1
1    100858 5626.0     1.95e+09     65.42    128.28  -2888.70   2796.94      0.00      0
1    100859 5626.0     9.77e+10     80.35    114.29  -2774.19  -2985.37      0.00      1
1    100860 5626.0     1.55e+10     67.08    189.14  -2026.39   3931.64      0.00      1
1    100861 5626.0     2.29e+10     72.68    259.08   -198.99 -10503.10      0.00      1
1    100862 5626.0     4.57e+09     72.30    240.11  -3834.87  -6662.47      0.00      1
1    100863 5626.0     7.41e+10     81.60    218.14   3132.27   3386.90      0.00      1
1    100864 5626.0     4.17e+10     79.70    279.43  -3169.06   -480.25      0.00      1
1    100865 5626.0     8.13e+09     66.99    259.14    476.69   4535.49      0.00      1
1    100866 5626.0     1.20e+09     86.39     78.15   1377.13  -9709.35      0.00      0
1    100867 5626.0     5.89e+10     66.78    215.48   3643.62  -1004.50      0.00      0
1    100868 5626.0     2.14e+09     66.13    239.69   -903.45  -2383.78      0.00      1
1    100869 5626.0     2.00e+10     83.00    229.57   5336.11  -8571.10      0.00      1
1    100870 5626.0     5.89e+10     84.61    147.05   2769.47  -1029.88      0.00      1
1    100871 5626.0     5.75e+10     78.98    273.29   4819.69  -9933.13      0.00      1
1    100872 5626.0     3.39e+10     81.92    262.00   4422.22  -9215.17      0.00      1
1    100873 5626.0     4.68e+10     86.10    183.03  -1264.21  -1209.92      0.00      1
1    100874 5626.0     1.41e+10     86.93     16.46    929.08   2688.61      0.00      1
1    100875 5626.0     1.55e+09     85.10    209.09   2036.68  -6943.48      0.00      1
1    100876 5626.0     2.04e+10     79.50    154.25    -62.23  -2246.70      0.00      1
1    100877 5626.0     5.25e+09     67.85     79.67   6163.12  -3149.18      0.00      1
1    100878 5626.0     1.35e+10     74.04     85.01    209.66   1143.09      0.00      1
1    100879 5626.0     3.63e+10     84.33     15.42  -3916.32  -5824.56      0.00      1
1    100880 5626.0     7.24e+09     74.52    137.30   2673.11 -10489.37      0.00      0
1    100881 5626.0     2.95e+10     85.63     89.37   3979.16    735.76      0.00      1
1    100882 5626.0     8.32e+09     87.35    258.92  -1332.64  -1709.12      0.00      1
1    100883 5626.0     1.38e+09     66.70    290.40  -4345.14  -6679.63      0.00      0
1    100884 5626.0     4.57e+10     82.89    167.39   5707.62  -1381.59      0.00      1
1    100885 5626.0     5.13e+09     83.10    280.16  -3842.00 -10658.02      0.00      1
1    100886 5626.0     3.72e+09     65.26    288.29   -475.98   -142.81      0.00      1
1    100887 5626.0     6.03e+10     85.60    321.37  -4002.05  -1397.81      0.00      1
1    100888 5626.0     3.63e+09     83.44    318.08  -3951.67   1835.78      0.00      1
1    100889 5626.0     4.57e+09     65.13    335.99  -3861.12   2251.38      0.00      1
1    100890 5626.0     6.03e+09     83.19      9.52   2058.49  -6830.58      0.00      1
1    100891 5626.0     1.17e+09     85.30     59.54   3965.84   -665.89      0.00      0
1    100892 5626.0     4.37e+10     73.34    331.21   3851.28    519.74      0.00      1
1    100893 5626.0     3.16e+09     67.26    244.89  -3923.69  -5377.63      0.00      1
1    100894 5626.0     1.51e+10     83.16     10.57  -1916.58  -9599.95      0.00      1
1    100895 5626.0     1.17e+10     83.87    210.36   4355.06  -7835.42      0.00      1
1    100896 5626.0     5.13e+09     69.92    292.99   1859.82   3909.90      0.00      1
1    100897 5626.0     4.27e+10     75.82     32.83   -492.95  -7813.69      0.00      1
1    100898 5626.0     4.37e+10     72.46     88.99  -2945.54   1911.21      0.00      1
1    100899 5626.0     2.57e+09     74.14    262.48   4719.94   4343.79      0.00      1
