1      1600 14.0       1.91e+10     72.25    166.57   1835.17    131.19      0.00      1
1      1601 14.0       1.02e+10     80.51     40.90   5252.41   3586.82      0.00      1
1      1602 14.0       8.71e+09     79.47     33.83   4220.29  -7123.95      0.00      1
1      1603 14.0       9.12e+09     77.63    233.84   5458.71   1154.84      0.00      1
1      1604 14.0       3.89e+10     85.75    228.33   -695.77  -1818.67      0.00      1
1      1605 14.0       7.76e+10     81.23     58.43  -1806.23  -6314.02      0.00      1
1      1606 14.0       4.57e+09     82.94    286.93  -2441.81  -5030.65      0.00      1
1      1607 14.0       2.63e+09     69.04    120.15    348.49   3929.46      0.00      1
1      1608 14.0       4.47e+09     79.86    148.97  -1809.64  -1964.10      0.00      1
1      1609 14.0       4.17e+10     69.46     74.88   6261.99   5175.85      0.00      0
1      1610 14.0       5.89e+10     83.45    213.74  -3725.04   2612.37      0.00      1
1      1611 14.0       1.55e+09     72.40    352.22  -2253.67  -9221.87      0.00      1
1      1612 14.0       2.69e+10     76.03     48.79  -4161.98  -6492.09      0.00      1
1      1613 14.0       9.77e+09     78.93    231.89  -3086.11  -3500.90      0.00      1
1      1614 14.0       1.17e+10     84.89    159.21   2292.59  -9665.63      0.00      1
1      1615 14.0       1.20e+10     85.25    171.06    -82.70  -8853.43      0.00      1
1      1616 14.0       7.41e+10     83.76    285.03   -722.69  -9456.93      0.00      1
1      1617 14.0       1.51e+10     85.83    330.94   4850.43  -8574.97      0.00      1
1      1618 14.0       2.45e+10     76.92    179.15   6430.78  -8073.51      0.00      1
1      1619 14.0       2.57e+10     82.26    119.97    263.22    966.13      0.00      1
1      1620 14.0       1.17e+10     74.57    324.56   1240.17   -607.65      0.00      1
1      1621 14.0       2.14e+10     82.96    142.11   2875.82  -7463.16      0.00      1
1      1622 14.0       6.03e+09     71.66    331.03  -3956.91  -6128.05      0.00      1
1      1623 14.0       3.39e+09     74.81    225.07   2147.07   -889.41      0.00      1
1      1624 14.0       1.82e+09     81.24    107.23    480.07    127.67      0.00      1
1      1625 14.0       7.59e+10     82.84    334.61  -2876.48  -2206.65      0.00      1
1      1626 14.0       2.63e+10     80.66    138.07  -2688.32  -1870.97      0.00      1
1      1627 14.0       2.40e+10     72.30    131.66   1316.77  -1117.25      0.00      1
1      1628 14.0       1.00e+11     84.54    235.36   1193.81  -2354.57      0.00      1
1      1629 14.0       4.17e+10     83.48    208.14   5681.41 -10791.40      0.00      1
1      1630 14.0       9.12e+10     79.57    266.98   6110.89   3406.80      0.00      1
1      1631 14.0       3.16e+09     76.58    356.70  -2403.04    968.40      0.00      1
1      1632 14.0       1.26e+09     80.02     96.00  -1301.12 -10004.27      0.00      1
1      1633 14.0       4.90e+10     78.10    175.39   2889.28  -3582.20      0.00      1
1      1634 14.0       1.07e+09     68.66     39.56   5589.63  -3931.44      0.00      0
1      1635 14.0       2.09e+10     84.97    260.05  -4125.66  -9494.36      0.00      1
1      1636 14.0       2.40e+10     71.50    325.98  -2822.30   3184.14      0.00      1
1      1637 14.0       5.13e+09     84.27    356.22   -786.85  -1108.47      0.00      1
1      1638 14.0       1.10e+10     73.77     95.18    549.46    827.75      0.00      1
1      1639 14.0       1.23e+10     86.88    111.67   1652.95    860.77      0.00      1
1      1640 14.0       3.02e+10     85.61    246.00  -3418.90   4360.03      0.00      1
1      1641 14.0       1.20e+09     86.41    273.06   -607.51 -11070.61      0.00      0
1      1642 14.0       7.76e+09     70.69     34.24  -2124.44 -10742.95      0.00      1
1      1643 14.0       2.29e+09     79.32    314.56   -285.15   -765.69      0.00      1
1      1644 14.0       5.37e+10     75.45     14.28   3086.71   2871.92      0.00      1
1      1645 14.0       3.98e+09     85.96    274.09  -3362.83  -7231.55      0.00      1
1      1646 14.0       5.37e+09     72.36     80.98  -1476.61  -6690.05      0.00      1
1      1647 14.0       2.45e+10     66.68    133.53   -311.82  -5080.21      0.00      0
1      1648 14.0       8.32e+09     85.03    140.66   4394.89   -813.11      0.00      1
1      1649 14.0       5.75e+09     67.94     66.84   -794.50   4784.17      0.00      1
1      1650 14.0       2.19e+09     81.60     53.80   1540.23 -10686.35      0.00      1
1      1651 14.0       9.77e+10     80.05      2.97   5774.01   -858.73      0.00      1
1      1652 14.0       1.48e+09     85.38    226.43  -3926.28  -1347.85      0.00      1
1      1653 14.0       1.74e+09     84.88    290.64   4396.11  -7196.18      0.00      1
1      1654 14.0       4.37e+09     86.47    215.56  -3488.90  -8658.31      0.00      1
1      1655 14.0       7.59e+09     76.67    267.69    118.55   -282.54      0.00      1
1      1656 14.0       3.24e+09     81.56    118.60   1810.70   1739.11      0.00      1
1      1657 14.0       2.24e+10     70.47    305.64  -2714.63    179.62      0.00      1
1      1658 14.0       9.77e+09     76.18    304.95   2597.17   4664.85      0.00      1
1      1659 14.0       3.98e+10     65.09    202.94   6481.98    850.04      0.00      1
1      1660 14.0       2.00e+10     68.83    300.56   -505.60  -1376.83      0.00      1
1      1661 14.0       8.13e+10     85.16    152.85  -2824.95  -6319.42      0.00      1
1      1662 14.0       9.33e+10     72.20     87.20    482.57   -805.77      0.00      1
1      1663 14.0       6.92e+10     76.10     92.36  -2108.20   4680.78      0.00      1
1      1664 14.0       5.50e+09     80.26    134.98  -3025.37   4690.79      0.00      1
1      1665 14.0       1.20e+10     73.78    356.78   5402.31  -1915.27      0.00      1
1      1666 14.0       3.72e+10     73.54    209.74   4910.22  -6181.12      0.00      1
1      1667 14.0       1.45e+09     75.18    179.48   2896.49  -7152.29      0.00      1
1      1668 14.0       6.76e+10     84.96    222.52   3925.73  -6010.25      0.00      1
1      1669 14.0       2.24e+10     83.49    140.05  -3603.32   -394.43      0.00      1
1      1670 14.0       1.00e+11     83.15    333.77  -1614.33   2697.66      0.00      1
1      1671 14.0       2.95e+10     65.66    171.33  -3755.73 -10789.13      0.00      0
1      1672 14.0       1.35e+09     78.18    133.48    967.11  -1582.52      0.00      1
1      1673 14.0       4.17e+10     80.01    197.00   3815.12  -3447.37      0.00      1
1      1674 14.0       2.04e+10     87.66    168.97  -3324.57  -3438.21      0.00      1
1      1675 14.0       6.03e+09     66.47    359.93  -2146.46   1172.16      0.00      1
1      1676 14.0       4.79e+10     65.37    261.51   4707.59    223.61      0.00      1
1      1677 14.0       5.13e+10     71.53    302.68   5878.13   4081.67      0.00      0
1      1678 14.0       1.20e+10     86.37     67.45   5135.93 -10326.66      0.00      1
1      1679 14.0       7.41e+09     84.80    129.44   6139.68   -794.18      0.00      1
1      1680 14.0       1.55e+09     75.85    130.45   5709.76  -7533.61      0.00      1
1      1681 14.0       1.35e+10     71.52    104.35  -2692.32  -3255.50      0.00      1
1      1682 14.0       7.41e+09     67.05     75.03   1316.19  -2942.50      0.00      1
1      1683 14.0       2.88e+09     70.41    216.66  -1131.78   -281.61      0.00      1
1      1684 14.0       1.32e+10     83.55    351.21  -4145.84  -4774.32      0.00      1
1      1685 14.0       1.41e+10     84.62    226.76  -3371.54   4614.50      0.00      1
1      1686 14.0       1.02e+10     69.53     34.24   4510.89 -10748.02      0.00      0
1      1687 14.0       3.80e+10     75.67    280.23   4667.09  -9534.73      0.00      1
1      1688 14.0       1.26e+09     81.68    118.10   1735.04  -1497.32      0.00      1
1      1689 14.0       1.48e+10     67.48     10.69   2715.26  -3840.31      0.00      1
1      1690 14.0       7.08e+09     76.65      8.77   2286.03  -3480.29      0.00      1
1      1691 14.0       5.37e+09     71.88     99.72   2758.24  -7905.33      0.00      1
1      1692 14.0       2.95e+09     86.07    103.98   2554.92 -11043.23      0.00      1
1      1693 14.0       3.47e+10     65.23    269.00    161.85   1545.11      0.00      1
1      1694 14.0       1.78e+09     78.13    118.42   5012.35  -3720.01      0.00      1
1      1695 14.0       3.16e+10     74.31    342.83  -4215.71  -6697.28      0.00      1
1      1696 14.0       2.00e+09     69.86     33.26  -3591.68  -7615.29      0.00      1
1      1697 14.0       4.90e+10     78.70    309.78   1202.72 -10671.52      0.00      1
1      1698 14.0       5.13e+10     71.50    265.59  -2430.26  -1316.32      0.00      1
1      1699 14.0       1.20e+09     85.93    271.27  -2685.58  -6909.30      0.00      1
