1    100100 5626.0     2.14e+10     78.51    226.77  -3151.40  -1367.82      0.00      1
1    100101 5626.0     9.55e+10     81.26     65.83   1437.15   4145.30      0.00      1
1    100102 5626.0     5.50e+10     80.19     73.34  -1027.71  -2492.42      0.00      1
1    100103 5626.0     4.57e+10     72.47    113.01   -527.17   2978.87      0.00      1
1    100104 5626.0     1.29e+09     74.24    214.54   5416.00  -6541.86      0.00      1
1    100105 5626.0     3.72e+10     76.54     51.57  -2377.45  -5287.36      0.00      1
1    100106 5626.0     1.29e+09     84.03     82.26   6109.69  -9630.58      0.00      1
1    100107 5626.0     1.78e+10     79.42     28.14  -3381.49  -6336.46      0.00      1
1    100108 5626.0     1.45e+10     69.54    108.61     76.14  -2794.84      0.00      1
1    100109 5626.0     2.69e+10     68.33    162.32     25.25  -7909.25      0.00      1
1    100110 5626.0     2.14e+10     65.84    272.23  -3019.54   -929.71      0.00      1
1    100111 5626.0     2.14e+10     82.25     25.17   -112.74   -746.86      0.00      1
1    100112 5626.0     9.55e+09     79.26     53.86   5865.98  -6903.39      0.00      1
1    100113 5626.0     1.38e+10     68.18    245.83   3227.85  -6889.90      0.00      1
1    100114 5626.0     6.31e+10     87.49    247.86   1154.34   2385.43      0.00      1
1    100115 5626.0     7.08e+10     74.06    224.56   -783.24  -6216.00      0.00      1
1    100116 5626.0     4.57e+09     70.71     88.46     -3.58  -5644.83      0.00      1
1    100117 5626.0     1.26e+09     68.92    351.29   4968.00  -9209.12      0.00      1
1    100118 5626.0     5.75e+10     70.59    102.31   2237.48   4123.35      0.00      1
1    100119 5626.0     2.88e+10     73.14    330.28   -672.35  -3697.23      0.00      1
1    100120 5626.0     8.51e+09     85.50    260.61   5690.09  -9904.37      0.00      1
1    100121 5626.0     4.68e+09     79.76     70.17   1076.09  -1358.21      0.00      1
1    100122 5626.0     1.23e+09     68.98    333.33   -725.63  -2479.49      0.00      1
1    100123 5626.0     2.24e+09     82.92    127.03   3632.48     73.65      0.00      1
1    100124 5626.0     2.29e+10     81.62     90.08   4473.66 -11212.84      0.00      1
1    100125 5626.0     3.98e+10     76.97    167.87   3437.05   3629.34      0.00      1
1    100126 5626.0     1.70e+10     72.39    278.16   5535.48  -3239.26      0.00      1
1    100127 5626.0     1.29e+10     74.74    296.74   -318.53    696.73      0.00      1
1    100128 5626.0     3.89e+10     84.40    288.43   5997.72  -1512.33      0.00      1
1    100129 5626.0     6.76e+09     70.62    332.46    655.37  -2426.53      0.00      1
1    100130 5626.0     1.02e+09     76.68      6.51    467.90  -9296.13      0.00      1
1    100131 5626.0     5.37e+09     71.96    312.90   3611.33  -7263.08      0.00      1
1    100132 5626.0     1.70e+10     72.77     87.44      9.23     75.61      0.00      1
1    100133 5626.0     2.24e+10     65.83    195.55   3712.43  -6176.13      0.00      1
1    100134 5626.0     1.78e+09     78.33    258.05  -3500.89   3970.56      0.00      1
1    100135 5626.0     3.09e+10     70.03     15.50  -1507.99   2596.81      0.00      1
1    100136 5626.0     1.51e+09     72.32      9.70  -3348.39   5135.74      0.00      1
1    100137 5626.0     1.38e+10     72.08    109.77   2639.87   1873.92      0.00      1
1    100138 5626.0     2.24e+09     87.10     22.89   5982.46 -10210.27      0.00      0
1    100139 5626.0     3.63e+10     77.41      7.84   -537.60   3051.08      0.00      1
1    100140 5626.0     2.69e+10     87.83    265.45  -3228.24   4475.82      0.00      1
1    100141 5626.0     1.26e+09     79.41    270.53    -77.04   3635.32      0.00      1
1    100142 5626.0     5.75e+09     72.20     63.52   1682.12 -10620.70      0.00      1
1    100143 5626.0     1.70e+09     87.79    247.73  -4044.91  -7723.90      0.00      0
1    100144 5626.0     1.32e+09     79.73    143.38  -2204.06  -9771.81      0.00      1
1    100145 5626.0     3.89e+10     66.05    236.64   2442.16  -8090.07      0.00      1
1    100146 5626.0     1.74e+10     84.96    178.93   2635.34   2936.56      0.00      1
1    100147 5626.0     3.72e+09     69.05    227.63  -2650.48   -993.64      0.00      1
1    100148 5626.0     1.55e+09     73.43    229.30     79.71   3197.26      0.00      1
1    100149 5626.0     3.89e+09     72.12    267.66   4986.45   4691.04      0.00      0
1    100150 5626.0     9.55e+10     84.49    147.63   4501.67   4729.96      0.00      1
1    100151 5626.0     6.76e+10     81.15    295.56   3443.34  -3985.87      0.00      1
1    100152 5626.0     6.03e+10     78.25    356.35   6128.49   -533.50      0.00      1
1    100153 5626.0     5.37e+10     84.34    183.80  -3153.80   4668.03      0.00      1
1    100154 5626.0     2.04e+10     67.00    258.33   3817.75  -4806.14      0.00      1
1    100155 5626.0     4.17e+09     81.61     29.63   -224.23   1763.52      0.00      1
1    100156 5626.0     6.03e+10     84.26    154.57    741.98  -8152.72      0.00      1
1    100157 5626.0     5.75e+09     78.79    161.69   2881.47   3893.25      0.00      1
1    100158 5626.0     7.76e+10     79.62    296.90  -2858.66  -7090.95      0.00      1
1    100159 5626.0     6.92e+10     75.31     70.98   4572.70  -5121.63      0.00      1
1    100160 5626.0     7.08e+09     72.53    119.59     55.72  -5053.12      0.00      1
1    100161 5626.0     1.86e+09     75.28    314.46   5717.83   4386.07      0.00      0
1    100162 5626.0     2.57e+10     68.59    195.01   4770.50  -3143.21      0.00      1
1    100163 5626.0     9.77e+09     77.67    326.15  -1660.85   -711.00      0.00      1
1    100164 5626.0     2.69e+09     76.87    184.52   4321.61   2340.61      0.00      1
1    100165 5626.0     7.59e+09     80.14    226.14  -2641.18   3049.19      0.00      1
1    100166 5626.0     3.47e+10     77.15    154.21  -2021.75  -1960.60      0.00      1
1    100167 5626.0     1.02e+09     81.88    180.38  -3410.57   -151.64      0.00      1
1    100168 5626.0     1.15e+10     65.98    278.77   3634.48  -4281.93      0.00      1
1    100169 5626.0     1.02e+10     65.96    168.51  -2972.30   3608.00      0.00      1
1    100170 5626.0     5.89e+10     75.79     44.03   1929.23  -3207.00      0.00      1
1    100171 5626.0     2.34e+09     76.07    320.32   -462.41  -7988.22      0.00      1
1    100172 5626.0     2.75e+10     87.82    290.02   5719.57   -840.98      0.00      1
1    100173 5626.0     2.75e+09     75.25     82.01   1795.10   1228.77      0.00      1
1    100174 5626.0     2.51e+10     72.24     79.20   5520.38 -11216.44      0.00      0
1    100175 5626.0     2.34e+10     87.14     46.71  -2795.07   1739.51      0.00      1
1    100176 5626.0     8.91e+10     80.21    252.70     -7.04   1192.03      0.00      1
1    100177 5626.0     3.16e+10     72.12     26.83  -3926.63  -9125.06      0.00      1
1    100178 5626.0     1.62e+10     87.60    335.22   4123.20   2641.61      0.00      1
1    100179 5626.0     8.32e+09     73.47     16.13   1818.25  -7996.43      0.00      1
1    100180 5626.0     1.82e+09     82.03    279.67   4144.09   4793.15      0.00      1
1    100181 5626.0     1.95e+10     81.59    133.55   2331.63  -1344.26      0.00      1
1    100182 5626.0     3.55e+09     67.59     18.34   2813.21   2240.99      0.00      1
1    100183 5626.0     3.02e+09     78.92    139.70   5723.16  -1715.15      0.00      1
1    100184 5626.0     3.55e+10     65.57    304.96   3441.27  -4624.20      0.00      0
1    100185 5626.0     1.78e+09     81.75     37.97   3101.28   1866.84      0.00      1
1    100186 5626.0     3.02e+09     75.90    171.88   2894.34  -9327.70      0.00      1
1    100187 5626.0     8.91e+10     66.90    350.77  -1863.81   -419.60      0.00      1
1    100188 5626.0     1.15e+10     83.64    141.37   3332.18 -10324.04      0.00      1
1    100189 5626.0     6.17e+09     85.34    300.28  -1926.79   4229.59      0.00      1
1    100190 5626.0     1.78e+09     87.73    159.46   3203.17  -4143.70      0.00      0
1    100191 5626.0     3.55e+09     87.69    351.17   -478.14   5020.56      0.00      1
1    100192 5626.0     1.41e+10     65.74    206.24   4873.99  -1157.40      0.00      0
1    100193 5626.0     3.16e+10     78.32     53.09   2957.64  -2118.47      0.00      1
1    100194 5626.0     1.05e+09     84.13    194.29  -2783.98 -11187.49      0.00      1
1    100195 5626.0     1.23e+10     81.71    189.42  -2881.83  -6312.79      0.00      1
1    100196 5626.0     1.55e+10     81.84    196.62  -1027.74  -6957.57      0.00      1
1    100197 5626.0     7.94e+09     69.83    167.66   1303.94   3271.51      0.00      1
1    100198 5626.0     2.00e+09     80.71      9.47  -1869.29  -1610.86      0.00      1
1    100199 5626.0     1.48e+09     67.32    288.96  -4087.77  -1238.97      0.00      0
