1    104900 5626.0     1.55e+10     81.51    190.68   -132.67  -8463.29      0.00      1
1    104901 5626.0     1.95e+09     67.72    290.55   1825.56   3645.85      0.00      0
1    104902 5626.0     3.55e+10     69.41     43.83   3004.15   2037.70      0.00      1
1    104903 5626.0     4.68e+10     73.39    234.31   4929.14   3675.10      0.00      0
1    104904 5626.0     4.27e+10     81.30    237.45  -2221.20  -7123.15      0.00      1
1    104905 5626.0     4.17e+09     75.04    134.56  -1619.59  -4290.63      0.00      1
1    104906 5626.0     1.23e+10     70.06    212.41   5456.57  -1164.62      0.00      1
1    104907 5626.0     3.80e+09     73.65     83.90  -1206.09  -9236.23      0.00      1
1    104908 5626.0     5.75e+10     76.55    251.25   5658.17  -2969.63      0.00      1
1    104909 5626.0     1.74e+09     87.58    238.60    -80.90  -8798.09      0.00      0
1    104910 5626.0     1.62e+10     66.49    209.24   2839.19  -6514.06      0.00      0
1    104911 5626.0     1.35e+10     66.00    268.58  -2187.33   4162.75      0.00      0
1    104912 5626.0     1.62e+10     67.94    125.87   4068.22  -7209.31      0.00      0
1    104913 5626.0     2.45e+10     85.67    341.36   1508.46  -2806.44      0.00      1
1    104914 5626.0     1.41e+10     82.87    233.23    900.26   3704.67      0.00      1
1    104915 5626.0     9.12e+09     67.30    343.67  -3666.02  -1912.90      0.00      1
1    104916 5626.0     3.02e+09     76.29    354.23    292.28   3983.54      0.00      1
1    104917 5626.0     1.48e+10     77.52    177.69  -3408.02  -5703.08      0.00      1
1    104918 5626.0     6.31e+09     76.63    187.17   -285.29  -8295.37      0.00      1
1    104919 5626.0     9.12e+09     70.51    240.38  -4125.04  -2763.74      0.00      1
1    104920 5626.0     3.24e+09     79.72     37.50   3042.14 -10980.34      0.00      1
1    104921 5626.0     1.10e+09     71.17    136.28   4932.01  -5129.69      0.00      1
1    104922 5626.0     2.75e+09     86.79    174.05   6295.90  -6304.41      0.00      1
1    104923 5626.0     2.45e+10     85.61    169.02  -3317.59   2851.45      0.00      1
1    104924 5626.0     2.24e+09     68.92     43.48  -4049.49   3896.15      0.00      0
1    104925 5626.0     2.95e+09     80.42      9.32   -289.59  -3946.34      0.00      1
1    104926 5626.0     2.40e+10     75.98     71.29   2034.65 -10635.14      0.00      1
1    104927 5626.0     7.41e+09     74.14    256.42  -1646.03   -802.29      0.00      1
1    104928 5626.0     2.19e+10     69.15     99.04  -4251.79  -1321.49      0.00      1
1    104929 5626.0     1.02e+09     75.10    315.53   -216.55   3752.98      0.00      1
1    104930 5626.0     5.89e+10     77.19    150.29    615.43   1999.45      0.00      1
1    104931 5626.0     7.94e+10     68.08    176.43    608.41   4251.69      0.00      1
1    104932 5626.0     6.17e+10     80.02     34.37  -3305.73  -8619.85      0.00      1
1    104933 5626.0     8.71e+10     83.79    188.72   4756.20  -9875.84      0.00      1
1    104934 5626.0     2.24e+10     84.51    297.83    506.00  -5464.68      0.00      1
1    104935 5626.0     2.24e+10     71.02    285.85   3163.64 -11212.25      0.00      1
1    104936 5626.0     1.23e+10     85.22     82.18  -3837.28  -5407.65      0.00      1
1    104937 5626.0     1.00e+09     66.42    337.68   5094.07   -224.88      0.00      0
1    104938 5626.0     4.90e+10     70.38    141.25   3251.79 -10831.94      0.00      0
1    104939 5626.0     3.16e+09     65.92     19.07   4010.36  -4674.51      0.00      1
1    104940 5626.0     3.55e+09     65.91    306.64  -3560.62  -3807.87      0.00      0
1    104941 5626.0     1.17e+10     79.86    120.97   3469.17  -1789.37      0.00      1
1    104942 5626.0     3.89e+09     79.50    306.28   2205.37  -6843.60      0.00      1
1    104943 5626.0     7.08e+10     82.12     99.87   1351.52  -9099.86      0.00      1
1    104944 5626.0     4.07e+09     82.46    133.17   5605.20  -3702.58      0.00      1
1    104945 5626.0     7.94e+09     73.81     34.85  -1909.24  -3327.99      0.00      1
1    104946 5626.0     1.00e+09     68.15     92.89    957.96   2653.06      0.00      1
1    104947 5626.0     3.02e+09     70.78    152.94   4976.38  -4323.88      0.00      1
1    104948 5626.0     1.35e+09     70.79     10.35   3351.57   3129.84      0.00      1
1    104949 5626.0     9.55e+10     76.05     89.08   1022.80  -4433.11      0.00      1
1    104950 5626.0     1.20e+09     67.76    227.04  -1906.14    432.91      0.00      1
1    104951 5626.0     1.95e+09     67.15     68.28     62.09  -2971.00      0.00      1
1    104952 5626.0     4.90e+10     78.05    143.44  -2204.81  -2247.63      0.00      1
1    104953 5626.0     1.38e+10     65.94     50.54   -766.36 -10553.45      0.00      1
1    104954 5626.0     9.12e+10     65.08    212.02  -3916.52  -1877.25      0.00      0
1    104955 5626.0     8.91e+10     85.18     61.90   1184.22   5004.50      0.00      1
1    104956 5626.0     2.57e+10     72.66    276.65  -2363.67  -2620.70      0.00      1
1    104957 5626.0     1.05e+10     73.70    169.93   3383.83  -5291.44      0.00      1
1    104958 5626.0     1.66e+09     76.12    176.80   5174.85   2377.93      0.00      1
1    104959 5626.0     1.32e+10     69.00    261.89  -1213.81  -7406.83      0.00      1
1    104960 5626.0     1.91e+09     79.59    207.95   -118.59   5189.67      0.00      1
1    104961 5626.0     2.14e+09     82.98     90.05   1649.25   -381.66      0.00      1
1    104962 5626.0     1.45e+10     66.65    203.40   1196.15   -971.56      0.00      1
1    104963 5626.0     2.51e+09     83.20    209.96   1334.65   2685.71      0.00      1
1    104964 5626.0     5.01e+10     68.30    289.55  -1577.20 -10121.07      0.00      1
1    104965 5626.0     3.39e+09     71.11    146.89  -3605.82   2907.33      0.00      1
1    104966 5626.0     8.71e+09     75.82     97.33   4410.04    280.11      0.00      1
1    104967 5626.0     1.05e+09     72.02    293.12  -4291.93  -5360.91      0.00      1
1    104968 5626.0     4.37e+09     81.15    121.35   4691.63  -1791.64      0.00      1
1    104969 5626.0     2.57e+10     76.28    281.91   5951.95  -4682.65      0.00      1
1    104970 5626.0     6.92e+09     87.44    230.05  -1171.78  -5761.66      0.00      1
1    104971 5626.0     1.38e+09     74.96    158.42     59.39  -6517.75      0.00      1
1    104972 5626.0     2.29e+10     77.85    180.26  -2902.53   -220.63      0.00      1
1    104973 5626.0     7.59e+10     86.27    269.93   4444.38  -6630.46      0.00      1
1    104974 5626.0     4.17e+10     67.28     64.17  -4118.95  -5804.84      0.00      0
1    104975 5626.0     2.00e+10     77.76    317.00   4406.22   4150.06      0.00      1
1    104976 5626.0     4.47e+10     77.68     42.41   6417.94  -4154.30      0.00      1
1    104977 5626.0     4.47e+10     80.80    258.12  -2095.21   4222.93      0.00      1
1    104978 5626.0     1.70e+10     78.14    240.40    874.19  -8321.80      0.00      1
1    104979 5626.0     1.12e+10     80.58    144.06  -1209.10  -5313.85      0.00      1
1    104980 5626.0     6.46e+10     82.08    154.23   6317.68  -9429.47      0.00      1
1    104981 5626.0     1.58e+10     83.72    215.45  -1109.85  -2951.49      0.00      1
1    104982 5626.0     6.76e+09     74.93    112.63   5966.17  -7016.40      0.00      1
1    104983 5626.0     6.92e+10     78.67    270.74  -1875.55  -8842.27      0.00      1
1    104984 5626.0     2.14e+09     80.38    101.24  -1632.16   1718.67      0.00      1
1    104985 5626.0     2.69e+10     80.83    173.15   4603.56  -2904.56      0.00      1
1    104986 5626.0     1.48e+09     86.22    150.29  -2428.40  -2375.18      0.00      0
1    104987 5626.0     4.27e+10     78.16    325.85  -1344.25  -4451.11      0.00      1
1    104988 5626.0     5.13e+10     84.80    118.66  -1860.96  -6005.43      0.00      1
1    104989 5626.0     5.62e+09     77.76    195.86  -3420.15   4374.43      0.00      1
1    104990 5626.0     1.29e+10     83.83    104.41   2173.18   2848.60      0.00      1
1    104991 5626.0     5.75e+10     85.04     24.72   1293.43    588.17      0.00      1
1    104992 5626.0     9.55e+10     77.74     83.70   2295.32  -2377.47      0.00      1
1    104993 5626.0     8.91e+09     67.74     58.56  -3364.36   1794.76      0.00      1
1    104994 5626.0     1.02e+09     74.20    270.55  -1336.29   1343.32      0.00      1
1    104995 5626.0     5.25e+10     73.76    239.53   1287.32   4008.06      0.00      1
1    104996 5626.0     4.79e+09     68.07    247.28   4343.60  -2035.48      0.00      1
1    104997 5626.0     1.55e+09     74.07    187.10  -2846.79  -6055.09      0.00      1
1    104998 5626.0     1.51e+09     84.92     66.11   4360.98  -3385.79      0.00      1
1    104999 5626.0     5.25e+09     71.57     68.22   1132.12 -10026.44      0.00      1
