1      3000 14.0       4.37e+09     71.75    340.45   4130.45  -3526.88      0.00      1
1      3001 14.0       2.09e+10     84.33    358.06     90.56   2638.82      0.00      1
1      3002 14.0       2.45e+09     85.92    356.90   5450.92  -1307.22      0.00      1
1      3003 14.0       7.76e+09     85.85      6.99  -4143.67   -637.23      0.00      1
1      3004 14.0       5.01e+09     75.11     98.81   5247.59  -8766.37      0.00      1
1      3005 14.0       8.71e+10     74.39     49.57    635.72   4648.33      0.00      1
1      3006 14.0       4.68e+10     74.74    167.60  -2662.81  -5123.68      0.00      1
1      3007 14.0       1.29e+09     67.55    268.78   1626.62    456.83      0.00      1
1      3008 14.0       1.17e+10     87.72    296.88   5931.74  -6543.71      0.00      1
1      3009 14.0       8.32e+10     67.77    282.27  -4141.61   3211.20      0.00      0
1      3010 14.0       9.12e+09     81.04    341.68   3612.29   1019.00      0.00      1
1      3011 14.0       2.95e+09     65.02    178.46  -1717.00  -3920.37      0.00      1
1      3012 14.0       2.19e+10     85.73    297.54  -1664.18  -4676.63      0.00      1
1      3013 14.0       1.29e+10     73.76    121.26   4260.66  -3219.86      0.00      1
1      3014 14.0       2.82e+09     81.26     86.05   5530.83   -888.27      0.00      1
1      3015 14.0       1.70e+10     66.71    279.51    745.89  -4961.84      0.00      1
1      3016 14.0       1.78e+10     75.16     36.80   4766.74  -9795.57      0.00      0
1      3017 14.0       5.50e+10     73.01    111.49  -1838.29  -3231.69      0.00      1
1      3018 14.0       2.75e+09     82.24     28.86   2546.80  -7638.45      0.00      1
1      3019 14.0       9.55e+09     75.77    144.22  -2858.10  -8002.44      0.00      1
1      3020 14.0       4.07e+10     70.98    219.28   2235.20  -5724.40      0.00      1
1      3021 14.0       9.55e+09     74.56     66.33   -157.16   2455.06      0.00      1
1      3022 14.0       3.39e+09     65.98    239.22   6102.33  -6485.15      0.00      0
1      3023 14.0       1.29e+09     65.02     23.18  -1079.62  -7735.09      0.00      0
1      3024 14.0       1.70e+10     69.83    245.28   4021.84  -9073.54      0.00      1
1      3025 14.0       7.24e+10     82.67    162.97   1592.59  -9435.66      0.00      1
1      3026 14.0       2.51e+10     65.37    177.96   1276.65  -4228.20      0.00      1
1      3027 14.0       3.31e+09     67.63     10.30  -2695.82  -9790.20      0.00      1
1      3028 14.0       9.55e+10     83.58     52.39   4206.73   3571.04      0.00      1
1      3030 14.0       2.40e+10     87.26    140.97  -1831.59  -9707.81      0.00      1
1      3031 14.0       3.47e+09     73.06    302.12  -4307.66   2748.14      0.00      1
1      3032 14.0       5.50e+09     79.28    289.38  -2854.26  -6850.95      0.00      1
1      3033 14.0       7.76e+09     69.29    304.17   5510.62  -8369.82      0.00      0
1      3034 14.0       4.79e+10     84.29    325.17  -3077.31  -8945.19      0.00      1
1      3035 14.0       4.57e+09     70.32    220.48   1151.57    766.61      0.00      1
1      3036 14.0       1.20e+10     84.74     64.93   5130.60  -8991.02      0.00      1
1      3037 14.0       5.37e+09     85.78    246.04    644.45  -1417.50      0.00      1
1      3038 14.0       2.04e+09     65.82    141.38  -1751.17  -9747.33      0.00      0
1      3039 14.0       4.37e+09     84.46    125.15   2964.28  -7709.69      0.00      1
1      3040 14.0       1.23e+09     73.32    205.48   3698.91   1272.44      0.00      1
1      3041 14.0       3.63e+09     78.86      4.87   3025.65  -4925.07      0.00      1
1      3042 14.0       4.68e+09     71.86    139.22   6408.16  -9887.86      0.00      0
1      3043 14.0       1.62e+10     86.00    247.60   3893.70  -9388.22      0.00      1
1      3044 14.0       2.69e+10     84.36    169.81   6471.39  -1092.11      0.00      1
1      3045 14.0       1.26e+10     84.89     73.17  -3502.24  -6593.76      0.00      1
1      3046 14.0       3.09e+10     74.47    158.58  -1044.65  -2865.45      0.00      1
1      3047 14.0       2.95e+10     71.13    191.41   5046.65   4317.42      0.00      1
1      3048 14.0       1.74e+09     68.78     28.23   4995.56   3361.60      0.00      1
1      3049 14.0       1.12e+10     78.07    322.71   2090.34   1963.39      0.00      1
1      3050 14.0       1.70e+10     84.41    340.67   2199.68   4036.95      0.00      1
1      3051 14.0       2.14e+09     86.00      5.53  -2008.90   -898.97      0.00      1
1      3052 14.0       1.51e+10     72.07    143.00   1882.33  -5117.65      0.00      0
1      3053 14.0       1.58e+09     66.67    226.48   -305.79  -4536.94      0.00      1
1      3054 14.0       1.66e+09     67.16     81.18  -1580.84  -9416.45      0.00      1
1      3055 14.0       6.46e+09     66.32    215.34   1813.90   -327.77      0.00      1
1      3056 14.0       4.47e+10     68.75    229.60  -1875.15 -10140.05      0.00      1
1      3057 14.0       1.55e+10     83.49     44.16  -1609.83   4573.50      0.00      1
1      3058 14.0       1.17e+10     81.06    287.02   4939.26   4700.61      0.00      1
1      3059 14.0       8.13e+10     76.89    117.70  -1057.41  -8600.11      0.00      1
1      3060 14.0       3.09e+09     87.68    227.88   -663.88  -7586.59      0.00      0
1      3061 14.0       3.89e+09     84.70      8.05   6405.90  -3213.89      0.00      1
1      3062 14.0       3.47e+09     67.82     90.57    334.74   2764.45      0.00      1
1      3063 14.0       1.23e+10     87.90     37.88  -2269.25  -1166.34      0.00      1
1      3064 14.0       1.82e+09     74.95    318.74   5197.18  -6270.33      0.00      1
1      3065 14.0       1.41e+09     80.45    354.39    134.48  -3199.12      0.00      1
1      3066 14.0       2.63e+09     82.15    219.45   -564.73   4623.06      0.00      1
1      3067 14.0       1.05e+10     76.03     94.51   -376.61  -2375.79      0.00      1
1      3068 14.0       8.13e+10     76.40    342.17  -2160.94  -5440.42      0.00      1
1      3069 14.0       2.40e+10     79.13     14.72   3180.32   4500.96      0.00      1
1      3070 14.0       1.82e+10     85.16    336.34   5845.83   2134.08      0.00      1
1      3071 14.0       7.08e+09     87.61    278.55   2454.25   -786.75      0.00      1
1      3072 14.0       2.82e+10     86.38     14.48   -565.99  -9523.67      0.00      1
1      3073 14.0       5.01e+09     75.43    121.44  -1335.12   3896.56      0.00      1
1      3074 14.0       6.17e+10     85.79    247.27  -2853.55  -5359.08      0.00      1
1      3075 14.0       3.89e+09     82.68      5.85  -4357.74  -4048.52      0.00      1
1      3076 14.0       1.20e+09     70.86    131.50  -2970.66   2808.44      0.00      1
1      3077 14.0       4.47e+10     82.94     48.98   3094.01  -3614.29      0.00      1
1      3078 14.0       8.51e+09     76.95     98.80    -31.79  -9080.49      0.00      1
1      3079 14.0       2.00e+09     70.60    195.99  -3084.16 -10265.28      0.00      1
1      3080 14.0       5.01e+10     80.16    345.92     68.70   3725.67      0.00      1
1      3081 14.0       2.34e+09     87.07    258.35   -583.01  -2547.22      0.00      1
1      3082 14.0       9.12e+10     85.89    355.77   3608.31   4533.81      0.00      1
1      3083 14.0       2.82e+09     67.81    318.95  -1385.52  -2355.60      0.00      1
1      3084 14.0       1.82e+09     79.21    264.10   -297.09   1435.99      0.00      1
1      3085 14.0       1.95e+09     79.98    320.38   2755.26  -5028.37      0.00      1
1      3086 14.0       1.26e+10     79.71    105.12   5842.61 -10788.90      0.00      1
1      3087 14.0       7.59e+10     65.12    126.10    722.62  -7950.68      0.00      0
1      3088 14.0       4.47e+10     75.46     84.70   -438.32  -6719.69      0.00      1
1      3089 14.0       2.04e+10     74.83    151.86   2654.38  -6020.25      0.00      1
1      3090 14.0       3.39e+10     68.58     48.78   3757.54   3525.23      0.00      0
1      3091 14.0       7.24e+10     85.66    110.60   1690.90  -4566.05      0.00      1
1      3092 14.0       6.46e+09     68.97     83.65    -38.86  -3817.62      0.00      1
1      3093 14.0       4.37e+10     81.49     44.51   3234.81  -3461.06      0.00      1
1      3094 14.0       2.04e+09     68.65    237.03   5125.96  -9571.23      0.00      0
1      3095 14.0       3.47e+09     71.94    206.82   4490.17  -2110.93      0.00      1
1      3096 14.0       1.35e+10     79.83    299.78   1892.01  -3607.30      0.00      1
1      3097 14.0       7.24e+09     82.85     21.12   -770.26   2900.32      0.00      1
1      3098 14.0       1.07e+09     72.10    206.12   2034.20   3388.32      0.00      1
1      3099 14.0       5.62e+09     82.35     97.22   1055.56  -1554.15      0.00      1
