1      6400 14.0       2.04e+08     71.55     15.83    531.48   4710.48      0.00      1
1      6401 14.0       9.55e+08     86.90    148.68  -2822.84  -2147.24      0.00      0
1      6402 14.0       3.63e+08     75.97    131.52   6479.27   2138.38      0.00      1
1      6403 14.0       9.33e+08     86.22     18.47   2245.33  -3961.41      0.00      0
1      6404 14.0       1.51e+08     82.09     87.43  -3509.04  -8717.11      0.00      0
1      6405 14.0       1.74e+08     86.60    330.43   2751.77  -4429.95      0.00      0
1      6406 14.0       1.62e+08     77.32    101.32   2940.22  -3558.83      0.00      0
1      6407 14.0       7.08e+08     71.10    300.40   1583.88  -4964.57      0.00      1
1      6408 14.0       1.86e+08     85.06     38.51   6399.86  -3974.32      0.00      0
1      6409 14.0       3.80e+08     87.48    328.20   1521.17  -7619.01      0.00      0
1      6410 14.0       7.24e+08     65.67     83.58  -4208.65  -9530.01      0.00      0
1      6411 14.0       1.45e+08     79.02    336.51   6374.57 -10058.19      0.00      0
1      6412 14.0       1.07e+08     66.42     84.66  -4147.53   2090.48      0.00      0
1      6413 14.0       1.66e+08     71.70    159.90  -2018.55  -5518.09      0.00      0
1      6414 14.0       8.71e+08     84.85    318.97   1129.40  -6602.33      0.00      0
1      6415 14.0       3.63e+08     84.27    216.30  -1651.32  -7306.46      0.00      0
1      6416 14.0       1.23e+08     80.65     66.65   4320.39  -8937.66      0.00      0
1      6417 14.0       4.17e+08     69.98    187.90   1985.14  -5699.24      0.00      1
1      6418 14.0       1.26e+08     69.95    150.92   6137.32  -1917.88      0.00      0
1      6419 14.0       7.76e+08     87.64    188.55  -2048.86    388.58      0.00      0
1      6420 14.0       2.69e+08     68.65    123.68   5188.10  -7584.29      0.00      0
1      6421 14.0       1.38e+08     68.11     53.02   2377.53  -8707.33      0.00      0
1      6422 14.0       3.31e+08     80.26    188.30   2363.71   3360.35      0.00      1
1      6423 14.0       2.04e+08     71.99    149.05   -500.69  -1983.95      0.00      0
1      6424 14.0       4.68e+08     73.92    200.00   3315.99  -8382.55      0.00      1
1      6425 14.0       5.75e+08     72.35    147.26    -34.15   -173.82      0.00      1
1      6426 14.0       5.25e+08     87.98    242.94   2783.87  -9435.22      0.00      0
1      6427 14.0       5.37e+08     72.46    262.98   4153.98 -10325.72      0.00      1
1      6428 14.0       5.89e+08     78.98    358.66  -2038.97  -9736.58      0.00      1
1      6429 14.0       2.88e+08     67.02     20.70  -1123.31  -4177.59      0.00      0
1      6430 14.0       1.51e+08     84.26      3.79   -825.51  -5436.53      0.00      0
1      6431 14.0       2.51e+08     74.84    337.68   3136.28  -1678.54      0.00      1
1      6432 14.0       1.70e+08     68.97    195.37   5020.61  -6176.74      0.00      0
1      6433 14.0       3.47e+08     79.83     65.59   5500.13   2380.70      0.00      0
1      6434 14.0       1.66e+08     66.16    192.41   3519.62  -8015.50      0.00      0
1      6435 14.0       6.17e+08     84.90    315.10   2023.46 -10799.44      0.00      0
1      6436 14.0       2.57e+08     66.68    344.56   2772.26  -4250.50      0.00      0
1      6437 14.0       6.46e+08     75.25    187.39  -1119.99  -5167.51      0.00      1
1      6438 14.0       1.05e+08     68.89    136.80   3063.48  -2550.34      0.00      0
1      6439 14.0       4.57e+08     82.96    287.63    107.51  -7307.38      0.00      1
1      6440 14.0       6.61e+08     74.50    208.86   6346.52  -4330.87      0.00      1
1      6441 14.0       1.26e+08     73.03    251.37   1172.01   1343.44      0.00      0
1      6442 14.0       5.62e+08     76.81     62.24   2343.05  -8212.50      0.00      1
1      6443 14.0       4.27e+08     74.72    188.07   2746.89   -821.66      0.00      1
1      6444 14.0       6.76e+08     82.70    231.59    963.14   -765.68      0.00      1
1      6445 14.0       2.69e+08     72.22    219.96   -659.69  -9962.01      0.00      0
1      6446 14.0       2.00e+08     67.29    359.62  -1305.23  -1071.65      0.00      1
1      6447 14.0       2.95e+08     70.71    309.24  -2782.09   1233.23      0.00      1
1      6448 14.0       2.75e+08     82.41     57.23    661.34  -8145.23      0.00      0
1      6449 14.0       1.10e+08     66.59    191.84    722.42   1221.65      0.00      0
1      6450 14.0       7.76e+08     78.40    285.34    973.96  -2554.94      0.00      1
1      6451 14.0       1.15e+08     79.72     21.05   6224.68  -6302.31      0.00      0
1      6452 14.0       6.92e+08     72.70    176.74   1211.93  -9081.72      0.00      1
1      6453 14.0       9.55e+08     69.79    190.73   1157.50   3054.01      0.00      1
1      6454 14.0       1.02e+08     78.74     48.22   2829.73   2747.36      0.00      0
1      6455 14.0       1.05e+08     86.06     22.22   5279.28  -3975.45      0.00      0
1      6456 14.0       8.13e+08     83.94    313.75   5066.60   4160.57      0.00      0
1      6457 14.0       3.63e+08     75.56    255.91   4691.23  -8110.27      0.00      1
1      6458 14.0       2.63e+08     77.30    340.94   4837.19   4201.99      0.00      0
1      6459 14.0       8.91e+08     84.52    172.36   3361.54  -5929.97      0.00      1
1      6460 14.0       3.16e+08     67.43    349.10   1607.66  -7796.28      0.00      0
1      6461 14.0       2.34e+08     77.94    247.57   5713.74  -4211.62      0.00      0
1      6462 14.0       7.08e+08     78.08    324.50  -2478.48  -3434.09      0.00      1
1      6463 14.0       6.17e+08     87.58    230.82   -806.16 -10659.81      0.00      0
1      6464 14.0       9.33e+08     72.39     74.64  -2960.19 -11082.50      0.00      1
1      6465 14.0       1.12e+08     74.21    122.36    -98.32   3467.79      0.00      0
1      6466 14.0       9.55e+08     69.61    313.43  -3224.99   -956.26      0.00      1
1      6467 14.0       9.55e+08     85.10    107.78   5383.48 -10258.78      0.00      1
1      6468 14.0       3.98e+08     78.55     73.48   3479.24  -1783.54      0.00      1
1      6469 14.0       3.09e+08     77.45    355.42   1383.85  -7029.87      0.00      1
1      6470 14.0       1.17e+08     66.02    259.41   1029.93  -1338.98      0.00      0
1      6471 14.0       2.69e+08     65.43    121.51   3645.22   1787.75      0.00      0
1      6472 14.0       6.03e+08     72.99    109.55   -473.07   1287.92      0.00      1
1      6473 14.0       7.24e+08     78.67     77.89  -4086.06  -4396.16      0.00      1
1      6474 14.0       1.62e+08     72.80     45.44   2294.56  -6763.71      0.00      0
1      6475 14.0       2.24e+08     80.29     52.58   1238.28  -7999.73      0.00      0
1      6476 14.0       3.63e+08     80.42    217.00   3003.53  -3333.98      0.00      1
1      6477 14.0       2.82e+08     69.52    112.31   -677.61   1654.21      0.00      1
1      6478 14.0       2.63e+08     73.40    104.31  -3033.96   4045.57      0.00      1
1      6479 14.0       1.58e+08     80.48    157.57   -719.05  -9879.06      0.00      0
1      6480 14.0       2.40e+08     66.30    232.41  -3253.71  -2483.76      0.00      0
1      6481 14.0       5.13e+08     65.46    300.17   1689.88 -10013.01      0.00      0
1      6482 14.0       1.26e+08     80.62    237.57  -3302.55   -708.73      0.00      0
1      6483 14.0       6.46e+08     83.99    230.45   5625.96   4580.22      0.00      1
1      6484 14.0       7.76e+08     81.51    287.24   2927.19  -5247.30      0.00      1
1      6485 14.0       2.82e+08     81.03    293.09  -3080.41   3435.28      0.00      0
1      6486 14.0       3.98e+08     76.78    299.35   3671.60   3637.94      0.00      1
1      6487 14.0       1.38e+08     75.18      3.95   2268.59 -10258.33      0.00      0
1      6488 14.0       5.62e+08     70.63    160.05   5977.53  -6211.12      0.00      1
1      6489 14.0       1.82e+08     71.73    223.77   5766.53   3895.88      0.00      0
1      6490 14.0       1.15e+08     68.24    288.75   5096.10  -8958.90      0.00      0
1      6491 14.0       2.45e+08     71.89    236.25  -3162.29 -10016.35      0.00      0
1      6492 14.0       1.70e+08     86.02    267.65  -1625.63   1961.16      0.00      0
1      6493 14.0       3.80e+08     72.08    337.67   4967.30  -8673.49      0.00      1
1      6494 14.0       1.23e+08     84.93     38.57  -4140.65  -7615.03      0.00      0
1      6495 14.0       6.76e+08     70.59    197.31   2334.83   1955.85      0.00      1
1      6496 14.0       2.45e+08     75.96    342.45   2920.11 -10370.75      0.00      0
1      6497 14.0       1.86e+08     72.87    338.60  -3383.67  -6416.78      0.00      1
1      6498 14.0       2.29e+08     78.89    278.84  -1969.92  -7013.92      0.00      1
1      6499 14.0       3.24e+08     75.27     29.02  -3239.33   4409.42      0.00      1
