1    101600 5626.0     2.34e+09     77.21    115.26   -587.79  -3988.17      0.00      1
1    101601 5626.0     7.08e+10     66.75    186.41  -4031.17  -7033.18      0.00      1
1    101602 5626.0     3.98e+09     77.03    100.31  -1860.83   2017.10      0.00      1
1    101603 5626.0     3.39e+09     80.57    106.19   -357.03  -1826.21      0.00      1
1    101604 5626.0     1.86e+10     85.60    121.46   3079.21  -9921.21      0.00      1
1    101605 5626.0     3.89e+10     74.53     37.09   6019.26   1141.91      0.00      1
1    101606 5626.0     6.92e+09     76.17    158.72   -297.09  -4823.23      0.00      1
1    101607 5626.0     4.68e+09     82.34    171.07  -4161.07  -4945.56      0.00      1
1    101608 5626.0     2.09e+10     73.98      1.27  -3889.54  -8215.27      0.00      1
1    101609 5626.0     2.63e+10     67.25    315.26  -2883.52  -7555.28      0.00      1
1    101610 5626.0     9.77e+09     84.55    227.36   5836.32  -8735.63      0.00      1
1    101611 5626.0     2.29e+09     86.73    187.40   3429.12 -10195.67      0.00      1
1    101612 5626.0     2.75e+09     70.06    215.44   3495.74    273.95      0.00      1
1    101613 5626.0     1.17e+09     71.36    273.77   1294.31  -9982.33      0.00      1
1    101614 5626.0     1.35e+10     70.48     22.21  -1099.10  -8807.11      0.00      0
1    101615 5626.0     1.32e+09     68.77    244.76  -2551.92 -10812.96      0.00      1
1    101616 5626.0     2.69e+10     79.66     74.88    677.67   1487.76      0.00      1
1    101617 5626.0     1.26e+09     71.39    351.37   -894.77  -5644.80      0.00      1
1    101618 5626.0     8.51e+09     78.56      0.47   2651.53  -8993.56      0.00      1
1    101619 5626.0     2.51e+09     69.58    312.24   4693.68  -6215.74      0.00      1
1    101620 5626.0     4.47e+10     81.92    259.32  -3278.31  -1308.35      0.00      1
1    101621 5626.0     5.89e+10     87.45    249.67  -2847.65  -7972.27      0.00      1
1    101622 5626.0     8.13e+09     86.91    131.17  -3271.90   1363.65      0.00      1
1    101623 5626.0     1.20e+09     87.92    233.43  -3108.25  -5157.27      0.00      0
1    101624 5626.0     1.10e+09     79.09    206.97   3017.23  -8375.21      0.00      1
1    101625 5626.0     8.51e+09     85.47    337.71   1254.70  -1918.50      0.00      1
1    101626 5626.0     1.12e+10     79.98     50.52    400.82   5140.24      0.00      1
1    101627 5626.0     6.76e+09     83.32    245.73   4986.49  -5806.21      0.00      1
1    101628 5626.0     3.63e+09     84.96    119.81  -2522.12   3920.83      0.00      1
1    101629 5626.0     4.07e+10     85.25    156.17  -2974.53  -8017.76      0.00      1
1    101630 5626.0     6.31e+10     82.99    318.54   1576.39 -10746.14      0.00      1
1    101631 5626.0     7.76e+09     69.51    258.32    694.39  -9541.08      0.00      1
1    101632 5626.0     1.55e+09     65.60    124.79   4328.51 -10775.78      0.00      0
1    101633 5626.0     3.47e+10     79.31    107.30   3323.63   1982.31      0.00      1
1    101634 5626.0     8.71e+10     78.42     63.79   3134.25 -11283.23      0.00      1
1    101635 5626.0     1.32e+09     71.97    155.73    516.04   1682.69      0.00      1
1    101636 5626.0     3.09e+09     77.44    343.03   4186.85   4455.07      0.00      1
1    101637 5626.0     4.47e+09     67.44    132.61  -1695.49  -7170.15      0.00      1
1    101638 5626.0     1.48e+09     81.00     82.10  -1406.69   -707.91      0.00      1
1    101639 5626.0     3.02e+09     83.33     59.33   3502.31  -9124.92      0.00      1
1    101640 5626.0     2.14e+09     78.52    101.35   5990.21 -10138.12      0.00      1
1    101641 5626.0     1.17e+10     83.98    342.69  -3999.97    108.77      0.00      1
1    101642 5626.0     1.12e+10     87.76    286.58   2315.76   4782.10      0.00      1
1    101643 5626.0     1.32e+10     69.30    120.30   2935.64 -11095.15      0.00      0
1    101644 5626.0     5.75e+09     85.44    335.32   6047.85  -8100.31      0.00      1
1    101645 5626.0     7.76e+10     86.87    317.30   2252.97  -6998.79      0.00      1
1    101646 5626.0     2.14e+09     76.71    100.82  -3225.35  -9670.29      0.00      1
1    101647 5626.0     4.07e+09     70.25    121.40   1934.46   3060.58      0.00      1
1    101648 5626.0     6.03e+10     82.05    159.95  -2284.12   -268.62      0.00      1
1    101649 5626.0     6.17e+10     67.00    348.94   2979.35   2312.00      0.00      1
1    101650 5626.0     3.72e+09     84.88    342.57  -2175.28   3948.73      0.00      1
1    101651 5626.0     2.63e+10     86.28     67.27  -2173.79   3615.74      0.00      1
1    101652 5626.0     6.61e+09     66.51    315.31    488.52  -8644.32      0.00      1
1    101653 5626.0     8.91e+10     78.30    256.79  -4175.56 -10987.52      0.00      1
1    101654 5626.0     8.91e+09     87.01    271.63  -3405.18   3225.99      0.00      1
1    101655 5626.0     2.45e+09     78.18    131.07   4020.45 -10299.78      0.00      1
1    101656 5626.0     9.77e+10     69.28    139.17   6289.09  -8799.58      0.00      0
1    101657 5626.0     1.17e+10     82.97    155.76  -1667.22  -3122.39      0.00      1
1    101658 5626.0     4.47e+10     87.36    254.80  -1250.55   2477.33      0.00      1
1    101659 5626.0     2.69e+10     70.23    169.82   3710.05 -10922.05      0.00      0
1    101660 5626.0     4.90e+10     68.99    248.00    376.50  -9835.28      0.00      1
1    101661 5626.0     2.34e+09     74.84    292.83   6117.73   3339.92      0.00      1
1    101662 5626.0     2.75e+10     80.92     84.35   5057.07  -9118.26      0.00      1
1    101663 5626.0     2.51e+09     69.56     97.70  -1845.04  -3483.25      0.00      1
1    101665 5626.0     1.91e+09     87.24    221.52  -3521.90  -1249.58      0.00      0
1    101666 5626.0     1.10e+09     79.01    221.34   -829.39  -3381.01      0.00      1
1    101667 5626.0     2.95e+09     81.35    247.94   5524.66  -9390.20      0.00      1
1    101668 5626.0     6.31e+10     77.32    270.95  -1151.02  -6439.73      0.00      1
1    101669 5626.0     3.09e+09     87.91     63.14  -4149.99   -743.05      0.00      0
1    101670 5626.0     6.17e+09     79.84    127.86   3659.47  -2940.69      0.00      1
1    101671 5626.0     6.17e+10     67.67     14.44  -3722.06   4919.93      0.00      1
1    101672 5626.0     1.05e+10     78.64    155.36   1112.07 -10615.72      0.00      1
1    101673 5626.0     1.07e+09     78.28     70.38    484.35  -3097.25      0.00      1
1    101674 5626.0     1.74e+10     78.58    116.64   2769.99   4569.72      0.00      1
1    101675 5626.0     2.63e+09     69.32    263.42   4231.34  -6566.65      0.00      1
1    101676 5626.0     2.45e+09     87.65     52.89  -3648.24   -271.35      0.00      0
1    101677 5626.0     2.24e+10     76.03    123.58  -3036.95 -10019.87      0.00      1
1    101678 5626.0     7.59e+09     70.94    351.88  -1480.81  -6963.45      0.00      1
1    101679 5626.0     2.57e+10     77.54    129.64  -3356.71  -4133.78      0.00      1
1    101680 5626.0     1.45e+10     77.78    191.21   5955.99  -8207.27      0.00      1
1    101681 5626.0     3.98e+10     85.29    127.09  -1816.40   2046.35      0.00      1
1    101682 5626.0     1.86e+09     86.39     91.67  -3408.42   1077.01      0.00      1
1    101683 5626.0     1.23e+10     76.29      9.68  -4305.13   2342.11      0.00      1
1    101684 5626.0     5.13e+09     73.13      9.81   5084.57   -837.12      0.00      1
1    101685 5626.0     8.32e+09     85.45    342.46  -2169.11    293.13      0.00      1
1    101686 5626.0     5.75e+09     86.10    216.93  -4097.80  -6306.34      0.00      1
1    101687 5626.0     6.76e+09     68.44    213.76   3527.51  -8438.82      0.00      1
1    101688 5626.0     8.71e+10     81.81    258.65    483.76  -9176.69      0.00      1
1    101689 5626.0     3.02e+10     80.84    359.12  -2836.01  -7939.37      0.00      1
1    101690 5626.0     1.91e+10     81.70    189.74   6155.64   4846.34      0.00      1
1    101691 5626.0     3.47e+10     72.00    149.93   -493.26  -1304.12      0.00      1
1    101692 5626.0     2.82e+10     65.19    338.51  -1817.31   -395.06      0.00      1
1    101693 5626.0     2.04e+10     71.28     74.08  -2934.17  -6290.58      0.00      1
1    101694 5626.0     3.39e+10     79.42     57.36  -2563.28   4425.96      0.00      0
1    101696 5626.0     6.61e+09     70.14    158.93   -741.58  -3659.85      0.00      1
1    101697 5626.0     1.32e+10     85.59    234.54  -2909.28   4081.85      0.00      1
1    101698 5626.0     1.51e+09     70.45    342.33   2618.27   1001.43      0.00      1
1    101699 5626.0     9.33e+10     79.98      4.72   5893.34     94.27      0.00      1
