1    105000 5626.0     1.23e+08     72.91    329.70  -2166.37  -4493.44      0.00      0
1    105001 5626.0     1.05e+08     86.74    202.62  -2331.19  -6714.67      0.00      0
1    105002 5626.0     2.75e+08     86.33    176.17  -3048.83   3845.54      0.00      0
1    105003 5626.0     1.02e+08     68.98    276.26   3637.19  -7466.10      0.00      0
1    105004 5626.0     1.66e+08     83.03     51.37  -2340.64   2808.09      0.00      0
1    105005 5626.0     1.05e+08     67.93    199.07   4928.27  -2199.48      0.00      0
1    105006 5626.0     5.25e+08     83.12    269.76   6063.65 -10589.73      0.00      0
1    105007 5626.0     3.72e+08     70.96    199.56   3446.37  -1886.07      0.00      1
1    105008 5626.0     2.69e+08     73.09     59.23   4322.06   -591.92      0.00      0
1    105009 5626.0     2.29e+08     68.68    121.15  -2153.22  -3686.06      0.00      0
1    105010 5626.0     2.40e+08     68.52    119.51  -1789.96  -8898.49      0.00      0
1    105011 5626.0     7.24e+08     84.20    184.57    153.06  -4419.40      0.00      1
1    105012 5626.0     2.88e+08     86.15    339.84  -4352.04  -5704.55      0.00      0
1    105013 5626.0     4.07e+08     85.69    283.65   6161.97  -3780.19      0.00      0
1    105014 5626.0     1.70e+08     85.96    272.18   2672.87  -1616.88      0.00      0
1    105015 5626.0     3.72e+08     81.95    247.86  -3910.85   3426.16      0.00      0
1    105016 5626.0     2.00e+08     85.74     72.54     79.68  -9193.59      0.00      0
1    105017 5626.0     1.12e+08     80.28    340.03  -1257.90   1726.11      0.00      0
1    105018 5626.0     6.17e+08     65.74    269.68   -821.96   4088.65      0.00      0
1    105019 5626.0     3.98e+08     86.86    225.33  -3883.94  -2741.52      0.00      0
1    105020 5626.0     6.46e+08     79.97    326.17   -210.93   -565.26      0.00      1
1    105021 5626.0     4.37e+08     71.56    296.20   1762.02  -3241.31      0.00      1
1    105022 5626.0     7.08e+08     72.54    215.89  -3047.26  -3785.40      0.00      1
1    105023 5626.0     4.57e+08     77.44     94.99   -742.08   -757.87      0.00      1
1    105024 5626.0     1.66e+08     86.81    354.41  -3903.40  -8997.36      0.00      0
1    105025 5626.0     1.38e+08     66.46    219.83   3873.06  -7367.64      0.00      0
1    105026 5626.0     2.45e+08     67.20    221.58   2535.04  -4527.54      0.00      0
1    105027 5626.0     7.94e+08     78.49     95.14   -222.44  -2867.85      0.00      1
1    105028 5626.0     1.10e+08     82.78    215.36   2414.45  -8900.06      0.00      0
1    105029 5626.0     5.89e+08     81.55     65.18   -940.34   -369.07      0.00      1
1    105030 5626.0     2.45e+08     69.22    187.29   5157.90  -5150.82      0.00      0
1    105031 5626.0     3.24e+08     75.69    250.74   5905.28   2531.51      0.00      0
1    105032 5626.0     6.31e+08     74.00    307.67   -692.64  -9002.11      0.00      1
1    105033 5626.0     2.40e+08     75.91    159.00  -3391.26   3804.47      0.00      0
1    105034 5626.0     2.51e+08     81.39    359.83  -3949.17  -5240.05      0.00      0
1    105035 5626.0     2.63e+08     65.12    325.17   1556.97  -4502.53      0.00      0
1    105036 5626.0     1.70e+08     77.82    194.29   3691.07  -4785.27      0.00      0
1    105037 5626.0     2.00e+08     75.20    202.58   5737.89   1112.33      0.00      0
1    105038 5626.0     5.25e+08     71.30     25.40   4672.34   -762.69      0.00      1
1    105039 5626.0     1.51e+08     72.30     98.02    -83.82   5037.81      0.00      0
1    105040 5626.0     4.90e+08     87.75    173.96  -2997.34  -4293.57      0.00      0
1    105041 5626.0     7.24e+08     68.64    113.41   2419.24  -2685.38      0.00      0
1    105042 5626.0     1.02e+08     68.08    154.88  -1936.59   4194.06      0.00      0
1    105043 5626.0     5.75e+08     67.11    186.33   6427.53  -8225.27      0.00      0
1    105044 5626.0     2.69e+08     70.54    324.02   3386.14  -2233.83      0.00      0
1    105045 5626.0     2.09e+08     85.86     26.87   4548.53    593.33      0.00      0
1    105046 5626.0     6.76e+08     74.45     79.92   1916.82    209.65      0.00      1
1    105047 5626.0     2.95e+08     87.55     79.47   6293.78  -8845.69      0.00      0
1    105048 5626.0     2.40e+08     76.38    169.87   4284.82  -5571.07      0.00      1
1    105049 5626.0     7.59e+08     84.46    155.12   4425.08  -2371.52      0.00      1
1    105050 5626.0     2.95e+08     67.61      4.34  -2703.64 -10159.85      0.00      0
1    105051 5626.0     1.78e+08     75.83    303.78   6125.55   2472.36      0.00      0
1    105052 5626.0     1.91e+08     65.07    334.89   2908.35  -9179.22      0.00      0
1    105053 5626.0     1.35e+08     78.93    229.02   2481.25  -6834.48      0.00      0
1    105054 5626.0     5.37e+08     83.28    200.65   -442.47   1361.20      0.00      1
1    105055 5626.0     2.88e+08     66.57    105.16  -3489.91  -1553.42      0.00      0
1    105056 5626.0     1.32e+08     85.90    332.62   1251.74  -3059.65      0.00      0
1    105057 5626.0     5.75e+08     67.60     49.80  -1513.05   4654.58      0.00      0
1    105058 5626.0     9.55e+08     66.36     18.32   2848.82  -1551.86      0.00      1
1    105059 5626.0     7.08e+08     78.74    209.89  -4220.32    490.52      0.00      1
1    105060 5626.0     1.07e+08     75.65    300.43    440.56   1121.82      0.00      0
1    105061 5626.0     7.24e+08     71.91    101.69   5719.46  -8165.52      0.00      0
1    105062 5626.0     5.01e+08     78.05    135.22   1311.62   3567.66      0.00      1
1    105063 5626.0     2.29e+08     77.70     39.56   1823.22  -8779.49      0.00      0
1    105064 5626.0     4.68e+08     85.76    314.80   3397.97   1556.42      0.00      0
1    105065 5626.0     2.09e+08     80.34    185.34   4132.52   1489.09      0.00      0
1    105066 5626.0     1.20e+08     83.33    129.45   3803.43   1161.32      0.00      0
1    105067 5626.0     4.17e+08     83.30    232.62   2257.45  -5634.27      0.00      0
1    105068 5626.0     1.07e+08     70.22     58.65   5157.79  -9470.21      0.00      0
1    105069 5626.0     3.16e+08     68.97     48.91   1665.51  -4824.52      0.00      0
1    105070 5626.0     3.39e+08     84.91    190.65   1053.87  -6717.82      0.00      0
1    105071 5626.0     1.20e+08     72.67    317.31   2129.44  -2818.77      0.00      0
1    105072 5626.0     1.51e+08     78.77    108.41  -3764.76  -3729.38      0.00      0
1    105073 5626.0     5.01e+08     74.11     77.29   2037.36  -6828.42      0.00      1
1    105074 5626.0     4.27e+08     79.56    245.79  -1784.10  -9194.35      0.00      1
1    105075 5626.0     1.48e+08     85.49    356.87  -4310.29  -5392.00      0.00      0
1    105076 5626.0     1.05e+08     86.44     41.73    750.17  -3517.43      0.00      0
1    105077 5626.0     5.50e+08     81.16     51.59   6304.98   5185.87      0.00      0
1    105078 5626.0     1.48e+08     74.42    174.88  -2639.42  -7066.61      0.00      0
1    105079 5626.0     5.50e+08     85.66    237.81   1161.65 -11287.73      0.00      0
1    105080 5626.0     8.91e+08     69.49     92.85    607.62   3586.42      0.00      1
1    105081 5626.0     1.86e+08     71.43     46.40   1482.64  -7735.98      0.00      0
1    105082 5626.0     2.34e+08     67.54    220.28    280.43  -6455.14      0.00      0
1    105083 5626.0     1.20e+08     73.05    124.70    618.38  -5302.22      0.00      0
1    105084 5626.0     2.04e+08     72.36     98.42    536.49   2890.07      0.00      0
1    105085 5626.0     1.00e+08     73.00     63.82   3274.27  -4567.61      0.00      0
1    105086 5626.0     6.31e+08     83.84     27.75  -2960.33  -5208.59      0.00      0
1    105087 5626.0     1.70e+08     81.81    340.28  -3464.71  -4257.39      0.00      0
1    105089 5626.0     7.41e+08     72.92    208.45   3996.95  -7368.33      0.00      1
1    105090 5626.0     7.59e+08     82.01    153.14   3334.32 -10598.97      0.00      1
1    105091 5626.0     9.33e+08     73.32    310.58   5946.37  -8620.88      0.00      1
1    105092 5626.0     1.62e+08     77.35     76.95   5873.63  -6283.61      0.00      0
1    105093 5626.0     4.57e+08     68.43    142.09  -4115.90  -6828.95      0.00      0
1    105094 5626.0     5.50e+08     78.15    104.67   1828.10  -6065.04      0.00      1
1    105095 5626.0     2.88e+08     84.57     62.57   3069.41   3543.58      0.00      0
1    105096 5626.0     1.74e+08     82.58    188.04  -1824.80  -5774.62      0.00      0
1    105097 5626.0     2.69e+08     72.19    110.73  -4385.18  -1444.52      0.00      0
1    105098 5626.0     1.45e+08     80.31    193.74    112.25 -10575.78      0.00      0
1    105099 5626.0     2.51e+08     71.41     53.06  -4200.82  -3655.00      0.00      0
