1      1400 14.0       4.68e+10     80.23     60.89   -443.43  -8958.02      0.00      1
1      1401 14.0       7.24e+10     81.59    137.35  -4036.57  -1798.12      0.00      1
1      1402 14.0       1.20e+09     74.53    192.07   2367.94  -8796.45      0.00      1
1      1403 14.0       2.63e+10     78.59    101.65   1280.18   -465.97      0.00      1
1      1404 14.0       4.57e+10     74.73    271.84  -3974.79    276.83      0.00      1
1      1405 14.0       2.19e+10     66.49    254.37  -1736.86  -1385.59      0.00      1
1      1406 14.0       1.95e+09     81.46    254.46   2599.88   4460.23      0.00      1
1      1407 14.0       1.91e+09     65.80    241.58  -2329.13   4016.27      0.00      1
1      1408 14.0       8.13e+09     80.47    347.23  -2725.17 -10231.75      0.00      1
1      1409 14.0       1.38e+09     74.98    189.96   -113.55   -348.47      0.00      1
1      1410 14.0       1.29e+09     74.33    140.18   2430.79  -1057.63      0.00      1
1      1411 14.0       8.13e+10     69.27    216.33   3932.49  -2725.71      0.00      1
1      1412 14.0       3.63e+09     69.50    224.80  -1285.52  -4053.99      0.00      1
1      1413 14.0       3.98e+09     77.66    262.60   1451.08  -2234.60      0.00      1
1      1414 14.0       6.31e+09     87.92     66.62   5085.33   4620.89      0.00      1
1      1415 14.0       1.48e+09     82.14    200.41  -2528.15  -9401.78      0.00      1
1      1416 14.0       9.33e+10     81.08    185.17  -1065.91   2736.16      0.00      1
1      1417 14.0       2.57e+09     69.59    132.36   5212.87  -5389.35      0.00      1
1      1418 14.0       3.98e+10     68.06    275.39  -1037.20 -10548.65      0.00      1
1      1419 14.0       2.29e+10     70.43    354.42    216.80 -10892.67      0.00      1
1      1420 14.0       3.24e+09     87.23     36.30   5386.13  -6133.24      0.00      1
1      1421 14.0       7.59e+09     70.25    241.66   4802.50  -6994.89      0.00      1
1      1422 14.0       9.33e+10     80.51     74.24   1812.09  -3584.62      0.00      1
1      1423 14.0       4.90e+09     83.43     49.37  -1215.12  -6036.86      0.00      1
1      1424 14.0       3.02e+09     73.51    281.16   2155.19 -10705.51      0.00      1
1      1425 14.0       1.74e+10     85.93     27.13    891.10  -8362.04      0.00      1
1      1426 14.0       2.69e+10     70.62    126.14   2568.53  -2012.47      0.00      1
1      1427 14.0       2.57e+09     77.51    352.58   2954.98  -1370.53      0.00      1
1      1428 14.0       5.62e+10     83.03    196.46   6480.44   4801.69      0.00      1
1      1429 14.0       6.92e+09     72.22    235.15  -2619.67   3987.92      0.00      1
1      1430 14.0       2.95e+09     79.61     46.24   -413.82  -5547.71      0.00      1
1      1431 14.0       1.62e+10     82.02    295.38   4036.93    212.35      0.00      1
1      1432 14.0       1.95e+10     85.57    144.00  -1067.54  -8462.61      0.00      1
1      1433 14.0       8.71e+10     67.33     78.13  -2337.29  -5106.46      0.00      0
1      1434 14.0       1.66e+09     69.86    162.98   2186.62  -7106.80      0.00      1
1      1435 14.0       9.55e+10     67.18    225.23    749.32  -1725.32      0.00      1
1      1436 14.0       4.27e+09     81.65     77.49  -3555.48   3887.79      0.00      1
1      1437 14.0       4.79e+10     82.08    239.45    145.90   1025.32      0.00      1
1      1438 14.0       3.39e+10     86.12    332.64   4760.69    339.88      0.00      1
1      1439 14.0       2.51e+10     65.60      4.68   3809.99  -4086.12      0.00      1
1      1440 14.0       3.09e+10     75.06     16.84   1826.34   4597.45      0.00      1
1      1441 14.0       1.74e+10     81.82     13.69  -1884.45  -2909.55      0.00      1
1      1442 14.0       1.51e+09     85.83    182.91   5824.98  -7895.30      0.00      1
1      1443 14.0       3.72e+09     86.30     67.98  -3098.63   -659.85      0.00      1
1      1444 14.0       4.17e+10     77.10    131.63   -494.49   4250.79      0.00      1
1      1445 14.0       3.63e+10     86.78    185.20   -898.80  -4325.04      0.00      1
1      1446 14.0       1.74e+10     78.50     54.21   -263.47  -4718.94      0.00      1
1      1447 14.0       2.09e+10     77.76     26.97   3792.89   2911.50      0.00      1
1      1448 14.0       4.27e+09     76.87    110.92   3136.52    706.69      0.00      1
1      1449 14.0       5.13e+09     81.83     41.67    664.77     -2.21      0.00      1
1      1450 14.0       2.69e+10     69.60    216.86   4658.74  -2655.79      0.00      0
1      1451 14.0       6.61e+10     71.30    268.14   5903.02  -5594.31      0.00      1
1      1452 14.0       5.62e+09     66.85     77.59  -2087.04  -3415.90      0.00      1
1      1453 14.0       9.12e+10     77.48    186.65  -1356.85   2354.03      0.00      1
1      1454 14.0       9.12e+10     87.10     80.55    478.49  -3606.54      0.00      1
1      1455 14.0       1.05e+10     80.07    133.49   5825.36   -430.60      0.00      1
1      1456 14.0       2.69e+09     75.72    104.17    377.30  -4871.72      0.00      1
1      1457 14.0       8.91e+10     80.96    256.50   3864.58    644.56      0.00      1
1      1458 14.0       3.89e+10     78.10    319.83    754.83   4331.79      0.00      1
1      1459 14.0       2.00e+10     78.85    166.03  -2920.07  -2412.65      0.00      1
1      1460 14.0       3.02e+10     69.08    207.55   6409.66  -7870.07      0.00      0
1      1461 14.0       5.25e+09     74.79     13.86   3567.97  -6997.28      0.00      1
1      1462 14.0       3.55e+09     68.84    140.11  -3437.89  -8895.66      0.00      1
1      1463 14.0       1.10e+10     73.00     21.67   6326.70  -5416.34      0.00      1
1      1464 14.0       3.39e+09     81.00    115.31   1783.42  -4622.98      0.00      1
1      1465 14.0       4.57e+10     83.21    277.04   6354.51  -1997.69      0.00      1
1      1466 14.0       1.02e+09     83.13      0.84   4746.46    493.65      0.00      1
1      1467 14.0       2.24e+09     85.42     86.96   1092.65  -3041.53      0.00      1
1      1468 14.0       1.05e+10     76.59    284.13   5852.59   4703.26      0.00      1
1      1469 14.0       2.51e+10     72.36    284.56   1714.79  -9341.42      0.00      1
1      1470 14.0       6.92e+10     80.74     71.82  -3217.28  -2637.75      0.00      1
1      1471 14.0       4.68e+10     82.63    123.77  -4205.46 -11155.49      0.00      0
1      1472 14.0       5.75e+10     73.09    291.58   5724.89 -10288.87      0.00      1
1      1473 14.0       6.76e+09     69.87     96.00  -4292.01   -559.34      0.00      1
1      1474 14.0       5.50e+09     86.29    303.23   2399.56  -3590.04      0.00      1
1      1475 14.0       7.59e+10     78.17     79.62  -3181.05 -11045.96      0.00      1
1      1476 14.0       4.47e+10     84.28    302.72   3198.27   1539.09      0.00      1
1      1477 14.0       2.14e+09     73.49    224.42   1645.24  -7895.24      0.00      1
1      1478 14.0       3.72e+10     67.69    275.14  -1309.17  -3886.83      0.00      1
1      1479 14.0       1.45e+09     81.78    236.32   4618.68   2792.53      0.00      1
1      1480 14.0       2.69e+09     65.84    251.27   3692.15  -2632.91      0.00      0
1      1481 14.0       7.94e+09     77.54    120.49   6144.63  -6040.62      0.00      1
1      1482 14.0       1.05e+09     79.24    345.78  -2525.53  -2309.61      0.00      1
1      1483 14.0       9.55e+10     76.17     46.02   4499.46   2862.04      0.00      1
1      1484 14.0       5.75e+10     85.80     55.06   4607.17  -3412.76      0.00      1
1      1485 14.0       3.39e+10     68.71     48.01   -716.10  -1122.54      0.00      1
1      1486 14.0       6.76e+10     84.75     18.30  -1405.57 -10269.41      0.00      1
1      1487 14.0       3.98e+09     73.20    178.97   1395.52  -8104.45      0.00      1
1      1488 14.0       1.02e+09     73.80    143.34   6270.69    -62.02      0.00      1
1      1489 14.0       3.09e+10     71.40     49.19   1622.51  -3851.66      0.00      1
1      1490 14.0       7.24e+10     67.82    278.83   2922.08   3253.82      0.00      1
1      1491 14.0       3.72e+10     70.13     25.83   5512.00  -7055.12      0.00      1
1      1492 14.0       1.62e+09     82.88    203.22    375.89  -8814.89      0.00      1
1      1493 14.0       1.32e+10     76.28     11.86   -460.17    267.41      0.00      1
1      1494 14.0       3.39e+10     80.74    133.70    561.00  -3001.61      0.00      1
1      1495 14.0       1.45e+09     86.07     97.03    860.16   3053.07      0.00      1
1      1496 14.0       1.32e+10     78.38    267.72   3426.09  -8329.21      0.00      1
1      1497 14.0       5.01e+10     80.05    104.89   1637.60  -8839.09      0.00      1
1      1498 14.0       5.75e+10     66.62    126.19   -434.64 -10208.40      0.00      0
1      1499 14.0       8.71e+09     77.77    104.05  -3879.31   4401.93      0.00      1
