1    105200 5626.0     8.13e+08     71.71     94.26   2341.51    -88.90      0.00      1
1    105201 5626.0     4.57e+08     66.42     27.08  -3669.34 -10916.73      0.00      0
1    105202 5626.0     2.82e+08     70.19    339.64    305.86   1229.36      0.00      1
1    105203 5626.0     5.01e+08     77.34     16.92   1331.37  -5965.81      0.00      1
1    105204 5626.0     9.77e+08     75.34     60.06  -3536.68 -10997.56      0.00      1
1    105205 5626.0     9.12e+08     78.31    155.26    294.52  -1598.00      0.00      1
1    105206 5626.0     1.07e+08     84.82     51.07  -3048.48   3605.91      0.00      0
1    105207 5626.0     4.57e+08     83.03    305.27   3862.90  -3183.44      0.00      0
1    105208 5626.0     4.47e+08     83.77    204.90   -387.65  -4488.66      0.00      0
1    105209 5626.0     2.51e+08     82.06     60.54  -3576.27  -6397.43      0.00      0
1    105210 5626.0     1.55e+08     78.58    116.85    492.77     74.30      0.00      0
1    105211 5626.0     5.75e+08     85.71    299.87   -895.16  -5875.18      0.00      0
1    105212 5626.0     3.02e+08     69.24    274.91  -2394.79   3104.75      0.00      0
1    105213 5626.0     3.16e+08     75.99     71.45  -2704.33  -9085.50      0.00      1
1    105214 5626.0     4.57e+08     68.80    183.91   3768.43   1474.61      0.00      0
1    105215 5626.0     5.75e+08     84.47     78.76    374.19  -1330.40      0.00      0
1    105216 5626.0     2.63e+08     87.12    332.86  -3247.13  -8686.92      0.00      0
1    105217 5626.0     2.95e+08     66.85      4.67   -674.21 -10239.91      0.00      0
1    105218 5626.0     2.29e+08     84.43    347.11  -1105.48  -3742.04      0.00      0
1    105219 5626.0     1.95e+08     80.06     40.82  -3382.25  -2653.85      0.00      0
1    105220 5626.0     2.45e+08     86.93    276.01   5701.11   2413.47      0.00      0
1    105221 5626.0     2.75e+08     67.47    341.12   -661.35  -9898.46      0.00      1
1    105222 5626.0     1.91e+08     68.32    199.26  -3174.79   -983.30      0.00      0
1    105223 5626.0     6.31e+08     71.80     87.85   3566.38  -5128.56      0.00      1
1    105224 5626.0     1.66e+08     71.00     82.36   2045.78  -7048.49      0.00      0
1    105225 5626.0     2.34e+08     74.35    246.24   3730.85   4944.12      0.00      0
1    105226 5626.0     4.90e+08     82.15     93.60   1698.00  -1775.69      0.00      1
1    105227 5626.0     3.72e+08     78.93    136.09  -3316.80  -2846.09      0.00      1
1    105228 5626.0     1.62e+08     72.67    320.62  -4230.93  -2400.57      0.00      0
1    105229 5626.0     1.10e+08     78.41     54.64    384.02 -10819.87      0.00      0
1    105230 5626.0     2.63e+08     76.31    108.43   5625.61   4262.57      0.00      0
1    105231 5626.0     1.95e+08     79.04     80.08   4588.46  -6712.34      0.00      0
1    105232 5626.0     1.95e+08     84.46    196.99   -640.33   1705.15      0.00      0
1    105233 5626.0     6.92e+08     82.59     36.43   3878.93   4362.16      0.00      1
1    105234 5626.0     1.17e+08     65.12    291.11   -719.71  -8376.24      0.00      0
1    105235 5626.0     4.07e+08     82.49     75.53  -3724.63    753.61      0.00      0
1    105236 5626.0     4.37e+08     87.57    296.37  -3895.43  -3698.59      0.00      0
1    105237 5626.0     1.45e+08     84.90    120.77  -3767.83  -1487.15      0.00      0
1    105238 5626.0     3.02e+08     68.31    139.82  -1198.34   2301.73      0.00      0
1    105239 5626.0     2.14e+08     65.88     79.61   1162.69  -2833.72      0.00      0
1    105240 5626.0     1.66e+08     83.59     34.89     42.62  -7018.54      0.00      0
1    105241 5626.0     1.91e+08     74.64    165.99   1558.41  -7670.41      0.00      0
1    105242 5626.0     3.89e+08     77.69    199.70    -53.50  -8860.86      0.00      1
1    105243 5626.0     1.15e+08     86.07     44.36   3426.11  -7202.72      0.00      0
1    105244 5626.0     1.66e+08     67.16    198.26   3323.48  -9317.62      0.00      0
1    105245 5626.0     2.45e+08     80.93    292.59  -1911.19  -4439.24      0.00      0
1    105246 5626.0     4.90e+08     77.86    261.61   4413.94   -817.86      0.00      1
1    105247 5626.0     5.75e+08     69.22    339.35   3110.00  -8201.25      0.00      1
1    105248 5626.0     9.33e+08     80.45    333.05   1787.40  -9106.79      0.00      1
1    105249 5626.0     5.89e+08     86.10    354.70   2796.67  -1398.50      0.00      0
1    105250 5626.0     8.32e+08     71.13    333.30  -1618.05  -6288.96      0.00      1
1    105251 5626.0     1.10e+08     73.03      5.61   2755.09 -11245.40      0.00      0
1    105252 5626.0     5.13e+08     79.11     26.47    602.88 -11137.93      0.00      1
1    105253 5626.0     5.89e+08     84.14    329.43    383.03  -3436.23      0.00      0
1    105254 5626.0     4.90e+08     77.57    281.81  -1166.18 -11263.75      0.00      1
1    105255 5626.0     1.41e+08     65.92    155.01  -2460.14  -9965.22      0.00      0
1    105256 5626.0     4.17e+08     76.17    281.37  -3040.32   3937.72      0.00      1
1    105257 5626.0     1.74e+08     73.31    220.08  -3207.02  -6767.74      0.00      0
1    105258 5626.0     3.39e+08     87.57    284.44   -342.74    426.06      0.00      0
1    105259 5626.0     8.13e+08     70.60    184.77  -1297.98     -0.87      0.00      1
1    105260 5626.0     5.37e+08     74.14     40.71   6230.92  -8850.36      0.00      0
1    105261 5626.0     2.45e+08     68.72    291.42   5744.68   4632.62      0.00      0
1    105262 5626.0     6.92e+08     68.15     22.07  -2964.71    969.07      0.00      1
1    105263 5626.0     1.02e+08     86.39     82.42   5569.79  -6382.77      0.00      0
1    105264 5626.0     5.62e+08     82.78     30.62   3391.18  -2308.81      0.00      1
1    105265 5626.0     1.41e+08     75.68    309.86   5725.57   -136.73      0.00      0
1    105266 5626.0     4.17e+08     67.18     33.87  -4062.13  -1176.21      0.00      0
1    105267 5626.0     9.77e+08     81.36     47.38    365.42 -10324.50      0.00      1
1    105268 5626.0     1.26e+08     80.25    155.98   3212.90  -2229.51      0.00      0
1    105269 5626.0     8.51e+08     73.01    273.95   5064.42  -6752.87      0.00      1
1    105270 5626.0     4.07e+08     82.18     55.03   -696.85  -6764.63      0.00      0
1    105271 5626.0     2.24e+08     82.56     11.07   4701.77   1716.68      0.00      0
1    105272 5626.0     1.70e+08     70.28    129.88   2036.50   3227.84      0.00      0
1    105273 5626.0     8.71e+08     67.95    252.29   4634.16   3640.32      0.00      1
1    105274 5626.0     1.26e+08     67.89     47.90   -123.01  -5325.06      0.00      0
1    105275 5626.0     6.46e+08     76.85    232.09   1839.61 -10755.57      0.00      1
1    105276 5626.0     3.80e+08     71.80    223.01   5686.93  -6375.91      0.00      1
1    105277 5626.0     2.69e+08     77.11    236.16  -1166.57  -1645.31      0.00      0
1    105278 5626.0     2.34e+08     66.88    284.56   2057.47  -6977.67      0.00      0
1    105279 5626.0     7.08e+08     87.20     11.54   3641.25     76.20      0.00      0
1    105280 5626.0     9.33e+08     77.88     49.43  -2002.15    644.10      0.00      1
1    105281 5626.0     6.46e+08     83.66     88.55   2270.85  -6824.06      0.00      1
1    105282 5626.0     2.45e+08     66.15    100.45   2840.18  -6971.99      0.00      0
1    105283 5626.0     6.61e+08     73.91    302.88    858.92  -9257.66      0.00      1
1    105284 5626.0     6.92e+08     77.01    291.62    -73.95  -4667.88      0.00      1
1    105285 5626.0     3.98e+08     75.50      6.18    621.50  -9360.59      0.00      1
1    105286 5626.0     6.03e+08     78.94    279.98   5713.48    817.28      0.00      1
1    105287 5626.0     1.38e+08     68.41    245.23   6151.39   3893.41      0.00      0
1    105288 5626.0     9.33e+08     83.16    294.98  -1670.78 -10046.88      0.00      1
1    105289 5626.0     1.58e+08     67.62    266.81   -263.62  -9542.10      0.00      0
1    105290 5626.0     1.15e+08     65.65     89.34  -3511.72  -5325.99      0.00      0
1    105291 5626.0     7.76e+08     79.65    344.19    264.92  -6374.51      0.00      1
1    105292 5626.0     2.69e+08     83.08    210.55   5971.99  -7861.26      0.00      0
1    105293 5626.0     3.02e+08     65.86    135.23     24.52  -1760.77      0.00      0
1    105294 5626.0     5.75e+08     78.54    253.23   4051.06   3173.54      0.00      1
1    105295 5626.0     3.89e+08     79.19     34.59   5675.03   1074.71      0.00      1
1    105296 5626.0     5.13e+08     68.94      7.00   1264.96 -10258.98      0.00      0
1    105297 5626.0     5.13e+08     83.37    142.04    978.07    794.88      0.00      0
1    105298 5626.0     3.89e+08     72.22     76.07   3105.62 -10081.78      0.00      0
1    105299 5626.0     1.45e+08     66.25    274.35  -3110.22  -2210.59      0.00      0
