1      2300 14.0       4.07e+10     69.23    242.89   3062.08  -8885.88      0.00      1
1      2301 14.0       4.79e+09     87.13    271.42   5450.17 -11278.37      0.00      1
1      2302 14.0       1.48e+09     84.87    228.83  -2900.10   3594.23      0.00      1
1      2303 14.0       3.55e+10     71.55    186.88   2487.19  -6907.60      0.00      1
1      2304 14.0       4.47e+09     72.54    162.28   4472.75   1954.11      0.00      1
1      2305 14.0       2.14e+09     78.11    127.93   1818.67  -5756.79      0.00      1
1      2306 14.0       1.58e+10     71.21    353.69  -1852.32  -5039.22      0.00      1
1      2307 14.0       3.31e+09     65.18    120.58   5216.25   4991.39      0.00      0
1      2308 14.0       8.91e+10     81.43    270.84   1747.25 -11049.84      0.00      1
1      2309 14.0       8.32e+09     80.72     85.65   2608.25    482.48      0.00      1
1      2310 14.0       4.07e+10     73.56    197.76  -2959.99  -6601.23      0.00      1
1      2311 14.0       7.94e+09     65.15    286.74  -2582.87  -6556.77      0.00      1
1      2312 14.0       1.58e+09     87.53    351.34    874.19   3521.50      0.00      0
1      2313 14.0       2.69e+10     85.59    201.03   -948.70  -4514.03      0.00      1
1      2314 14.0       1.17e+09     77.49    122.75   5892.87  -6069.98      0.00      1
1      2315 14.0       4.68e+10     66.29    149.60  -3280.77   3313.74      0.00      1
1      2316 14.0       1.51e+10     85.04    118.31  -1086.87   -719.60      0.00      1
1      2317 14.0       9.33e+09     73.00     81.67   6115.42  -7830.33      0.00      1
1      2318 14.0       3.31e+10     77.09    208.67   2571.61   1350.73      0.00      1
1      2319 14.0       5.89e+10     84.46     82.68   1835.44  -3007.60      0.00      1
1      2320 14.0       1.86e+09     72.48    354.12   3266.89  -7219.85      0.00      1
1      2321 14.0       2.19e+09     75.69    248.34   5852.45  -6759.49      0.00      1
1      2322 14.0       2.69e+09     86.23    247.52  -2362.68  -8082.71      0.00      1
1      2323 14.0       5.37e+10     80.01     60.83   3552.18  -2091.75      0.00      1
1      2324 14.0       4.27e+09     67.16    141.85  -1024.85   2494.35      0.00      1
1      2325 14.0       2.57e+10     67.59     59.26    589.60  -7441.51      0.00      0
1      2326 14.0       1.58e+10     66.98    162.13   5337.35  -7620.08      0.00      0
1      2327 14.0       9.77e+09     67.87    267.80   3845.53  -5596.94      0.00      1
1      2328 14.0       1.41e+10     70.80    317.48    264.45  -4057.87      0.00      1
1      2329 14.0       6.03e+10     74.61    227.70  -1804.39  -6913.00      0.00      1
1      2330 14.0       3.55e+10     69.90    198.28    625.33   3721.91      0.00      0
1      2331 14.0       1.29e+10     71.67     10.97   4408.68  -2707.20      0.00      1
1      2332 14.0       3.24e+10     72.16    310.08    778.60    327.86      0.00      1
1      2333 14.0       1.38e+10     80.36    298.36     11.70   2418.98      0.00      1
1      2334 14.0       1.23e+09     72.02    322.08   3528.58   3282.70      0.00      1
1      2335 14.0       4.90e+10     67.31     74.05    778.08  -1847.92      0.00      1
1      2336 14.0       1.23e+10     66.24     26.74    296.24  -3960.92      0.00      0
1      2337 14.0       1.86e+10     78.65    139.26   3099.43  -3524.65      0.00      1
1      2338 14.0       4.79e+10     85.93    218.32   4081.96   1624.93      0.00      1
1      2339 14.0       1.29e+09     84.00    295.99   4970.17  -8596.56      0.00      1
1      2340 14.0       6.46e+10     79.71    307.93   5092.41  -5880.80      0.00      1
1      2341 14.0       4.68e+10     81.65    145.03   5036.36  -2671.18      0.00      1
1      2343 14.0       2.45e+10     84.53    238.28   1362.81  -3534.26      0.00      1
1      2344 14.0       6.92e+10     72.48    152.05  -2077.02 -11276.80      0.00      1
1      2345 14.0       7.76e+10     79.97    285.24  -3850.82   3160.66      0.00      1
1      2346 14.0       4.57e+10     83.29    186.97   -176.53  -8939.04      0.00      1
1      2347 14.0       1.48e+10     77.39    273.96   4712.13   2381.06      0.00      1
1      2348 14.0       2.24e+10     75.27    330.56   3587.25    244.97      0.00      1
1      2349 14.0       1.91e+10     70.98    260.43  -3386.46   3365.57      0.00      1
1      2350 14.0       1.82e+09     79.34     82.60   1131.30  -2356.81      0.00      1
1      2351 14.0       3.98e+10     87.32     81.09  -3902.86  -7147.32      0.00      1
1      2352 14.0       1.51e+10     79.73     53.25   3906.74  -1738.52      0.00      1
1      2353 14.0       2.82e+09     79.09     75.60   1978.32  -5269.35      0.00      1
1      2354 14.0       1.10e+09     70.14    301.92  -1051.52   5025.01      0.00      1
1      2355 14.0       3.24e+10     70.66     95.56   5942.38  -1081.33      0.00      1
1      2356 14.0       4.37e+10     74.07      6.35  -1433.70   -291.01      0.00      1
1      2357 14.0       7.08e+10     67.12    184.96     -7.13  -4320.99      0.00      1
1      2358 14.0       6.61e+10     76.37    135.44  -2815.14   3927.39      0.00      1
1      2359 14.0       5.25e+10     65.64    285.51   5198.98    249.40      0.00      0
1      2360 14.0       3.24e+09     87.94    212.41  -4208.82  -7451.47      0.00      0
1      2361 14.0       6.61e+10     85.29    321.24   2152.32  -4046.80      0.00      1
1      2362 14.0       1.15e+09     78.09    228.92  -3410.30  -4516.54      0.00      1
1      2363 14.0       2.00e+10     84.70    312.03   1922.15  -8627.13      0.00      1
1      2364 14.0       2.04e+09     75.35    102.88    354.41   2951.14      0.00      1
1      2365 14.0       1.15e+10     69.20     41.85  -1967.76  -5301.87      0.00      1
1      2366 14.0       1.70e+10     81.49    261.09   2032.36  -4349.96      0.00      1
1      2367 14.0       2.40e+09     83.26     75.64   3125.75  -1769.61      0.00      1
1      2368 14.0       3.98e+10     73.17    203.78   3149.20   1251.41      0.00      1
1      2369 14.0       1.10e+09     70.24    209.63   5356.05  -8507.63      0.00      0
1      2370 14.0       7.41e+10     79.71    276.70  -1942.15  -3473.08      0.00      1
1      2371 14.0       3.39e+09     82.50    130.61   6347.13   2804.68      0.00      1
1      2372 14.0       6.76e+10     70.18    205.36   5070.99  -6053.73      0.00      1
1      2373 14.0       5.62e+10     83.55    186.33   4671.57  -5736.93      0.00      1
1      2374 14.0       7.41e+10     84.44    138.84   2556.89  -8305.65      0.00      1
1      2375 14.0       2.45e+10     77.24    297.36   5177.78  -2209.46      0.00      1
1      2376 14.0       3.09e+10     73.53    201.09   6336.72  -6562.58      0.00      1
1      2377 14.0       1.29e+10     75.77    342.64   6281.34  -8687.97      0.00      1
1      2378 14.0       5.25e+10     84.57    250.18   1559.45 -11181.98      0.00      1
1      2379 14.0       6.46e+09     84.49    151.35   2203.66   1719.59      0.00      1
1      2380 14.0       6.61e+10     74.07    144.59   -589.66  -5906.47      0.00      1
1      2381 14.0       6.46e+09     83.12    152.71   3135.29 -10593.00      0.00      1
1      2382 14.0       9.12e+09     74.65    227.98   5883.98   2604.10      0.00      1
1      2383 14.0       7.24e+10     83.01    166.41  -2685.30    523.30      0.00      1
1      2384 14.0       5.37e+09     65.30    302.01  -1811.24   4903.93      0.00      0
1      2385 14.0       3.16e+09     75.37      4.92   2188.75   -354.73      0.00      1
1      2386 14.0       1.15e+10     68.24    351.16   -104.95 -10998.97      0.00      1
1      2387 14.0       1.86e+10     75.00    241.53  -3170.34   1155.83      0.00      1
1      2388 14.0       3.24e+10     77.30    344.49   3194.83 -10049.15      0.00      1
1      2389 14.0       1.95e+10     70.37    171.95   5931.34  -1004.97      0.00      1
1      2390 14.0       2.51e+09     73.94    195.69   5570.43    952.58      0.00      1
1      2391 14.0       2.69e+09     86.02    327.14  -1124.36 -10941.66      0.00      1
1      2392 14.0       8.32e+09     65.69    206.21   1174.02  -6560.68      0.00      0
1      2393 14.0       6.03e+09     85.43    289.12   1410.83  -5908.93      0.00      1
1      2394 14.0       2.19e+09     84.64    336.09   2844.47  -9907.74      0.00      1
1      2395 14.0       8.91e+09     86.13    117.91  -2178.58   1451.96      0.00      1
1      2396 14.0       2.24e+10     75.30     35.73   -380.29  -3691.48      0.00      1
1      2397 14.0       1.95e+09     82.75    301.33   6248.57  -6106.09      0.00      1
1      2398 14.0       9.55e+10     71.83     43.25  -3540.01 -11046.76      0.00      0
1      2399 14.0       3.02e+10     75.89    134.68    -28.62  -9103.75      0.00      1
