1      3600 14.0       1.51e+09     75.65    117.70   2356.03 -10050.26      0.00      1
1      3601 14.0       1.35e+10     85.24    203.94   -877.52   -845.66      0.00      1
1      3602 14.0       1.86e+09     81.24     43.16   3046.63   -441.83      0.00      1
1      3603 14.0       3.09e+10     67.28    262.19   1156.54  -4361.34      0.00      1
1      3604 14.0       5.75e+09     86.68     33.75    687.84   3803.54      0.00      1
1      3605 14.0       5.50e+10     79.57    309.03   -893.25  -7161.65      0.00      1
1      3606 14.0       8.51e+10     72.48    334.25   6153.34    -76.14      0.00      1
1      3607 14.0       1.48e+09     68.06    333.89     60.25  -7496.51      0.00      1
1      3608 14.0       4.90e+09     79.77     44.38  -2754.21  -4795.69      0.00      1
1      3609 14.0       1.29e+10     78.06     30.98   6428.72 -10769.61      0.00      0
1      3610 14.0       3.63e+09     87.46    325.87  -2055.72  -2817.97      0.00      1
1      3611 14.0       8.32e+10     77.23    218.80   -740.95  -9143.10      0.00      1
1      3612 14.0       1.91e+10     76.41    168.13   1996.21  -7126.73      0.00      1
1      3613 14.0       1.62e+09     76.63    108.92   2664.23  -3376.95      0.00      1
1      3614 14.0       5.25e+09     73.32    304.58   4954.71  -9765.07      0.00      0
1      3615 14.0       1.58e+10     65.79     27.94   5567.78  -6854.75      0.00      1
1      3616 14.0       1.12e+09     83.81     31.58    384.51  -5327.01      0.00      1
1      3617 14.0       1.07e+10     71.52    253.84  -4316.94 -10911.12      0.00      1
1      3618 14.0       4.68e+10     86.52     86.97   1285.36   2750.90      0.00      1
1      3619 14.0       5.89e+10     66.91    107.14  -1901.22 -10181.84      0.00      0
1      3620 14.0       2.51e+10     65.48    151.04    663.90   4849.93      0.00      0
1      3621 14.0       3.80e+09     69.19     83.75   6336.74  -9522.55      0.00      0
1      3622 14.0       1.12e+10     86.25    238.37     50.37  -5385.27      0.00      1
1      3624 14.0       2.69e+09     84.83    194.83  -1938.87  -7981.78      0.00      1
1      3625 14.0       4.68e+09     65.64     75.89   1062.88  -5563.00      0.00      1
1      3626 14.0       1.15e+10     77.39    335.10   -352.75  -6979.02      0.00      1
1      3627 14.0       8.71e+09     69.87    186.24   3557.55  -4969.44      0.00      1
1      3628 14.0       3.16e+09     65.60    158.95  -1753.61  -4500.01      0.00      0
1      3629 14.0       4.57e+09     81.58    242.85   1415.31    200.16      0.00      1
1      3630 14.0       1.35e+09     78.24    230.16   2651.86  -7275.63      0.00      1
1      3631 14.0       1.26e+09     67.37    104.53   1294.40    557.64      0.00      1
1      3632 14.0       1.12e+09     68.26    266.38   1145.72  -7786.05      0.00      1
1      3633 14.0       7.41e+09     66.34    280.83   -415.44  -5595.48      0.00      1
1      3634 14.0       1.91e+10     80.39     38.97   1339.70   3353.60      0.00      1
1      3635 14.0       4.68e+10     85.05    351.67   5477.97  -1570.44      0.00      1
1      3636 14.0       2.63e+10     66.48    301.30    294.73  -7401.95      0.00      0
1      3637 14.0       2.88e+09     66.31     46.69   2872.36  -6646.80      0.00      1
1      3638 14.0       7.94e+09     73.53    206.06   1501.16  -8447.26      0.00      1
1      3639 14.0       8.91e+10     77.78    291.05   2413.31  -4426.88      0.00      1
1      3640 14.0       7.08e+09     85.37    142.78  -3583.55  -5742.90      0.00      1
1      3641 14.0       4.07e+09     66.08    246.02   4893.45  -3133.95      0.00      1
1      3642 14.0       4.90e+09     83.03    290.24   6178.92   -662.09      0.00      1
1      3643 14.0       3.39e+09     69.70    269.24   2461.92  -3190.11      0.00      1
1      3644 14.0       4.17e+10     86.98     37.94   5589.23  -9977.59      0.00      1
1      3645 14.0       3.72e+09     85.04    272.10  -2933.35  -2609.16      0.00      1
1      3646 14.0       1.02e+09     71.89     71.32   2403.90 -10332.94      0.00      1
1      3647 14.0       6.92e+09     66.04    158.33   2190.77   3577.84      0.00      0
1      3648 14.0       1.70e+09     82.02    247.02  -1339.07   -977.26      0.00      1
1      3649 14.0       1.00e+10     84.74     63.58   3260.41 -10437.92      0.00      1
1      3650 14.0       4.07e+09     69.37    317.80   3515.80  -7615.12      0.00      1
1      3651 14.0       1.38e+09     81.85    132.64   1093.95  -2896.57      0.00      1
1      3652 14.0       6.46e+09     66.19    154.48   4505.14   2495.15      0.00      1
1      3653 14.0       3.24e+09     70.50    280.01   5575.40  -4881.22      0.00      1
1      3654 14.0       4.07e+10     87.33     62.89  -4120.22  -2398.77      0.00      1
1      3655 14.0       1.55e+09     70.14    344.00   6449.08  -5414.53      0.00      1
1      3656 14.0       1.26e+09     74.26    170.44   3574.84   4938.18      0.00      1
1      3657 14.0       2.34e+10     82.65    163.27  -4235.71   3408.21      0.00      1
1      3658 14.0       4.37e+09     83.12    352.55  -2726.51  -6441.93      0.00      1
1      3659 14.0       3.31e+09     84.94    323.67   4012.66  -4300.47      0.00      1
1      3660 14.0       4.27e+10     65.53    317.75   5148.57  -6910.93      0.00      1
1      3661 14.0       2.29e+10     68.72    243.16   -798.42   -789.93      0.00      1
1      3662 14.0       6.76e+09     84.73    179.62   -512.26   5135.82      0.00      1
1      3663 14.0       1.91e+09     65.11    125.53   2478.76  -6962.37      0.00      0
1      3664 14.0       2.82e+09     77.07    222.74   5914.89  -8493.26      0.00      1
1      3665 14.0       1.78e+09     77.27    174.24   5569.48  -2891.75      0.00      1
1      3666 14.0       2.34e+10     74.19    298.02   2357.46   2032.90      0.00      1
1      3667 14.0       1.15e+09     87.60     55.83   4210.22  -3927.81      0.00      0
1      3668 14.0       7.76e+10     83.75    168.78   3644.67  -5816.42      0.00      1
1      3669 14.0       5.37e+10     87.94    111.61   2404.37   3107.26      0.00      1
1      3670 14.0       6.76e+09     82.68    222.83  -1710.04  -2215.48      0.00      1
1      3671 14.0       1.05e+10     84.26    137.44  -1761.72   1840.67      0.00      1
1      3672 14.0       3.98e+09     86.26    144.93   5405.47   4109.31      0.00      1
1      3673 14.0       4.37e+10     66.58    346.22   2718.78 -10410.10      0.00      1
1      3674 14.0       2.19e+10     75.18     16.02   5299.28  -4294.47      0.00      1
1      3675 14.0       3.63e+10     82.22     31.05  -2739.49  -2598.62      0.00      1
1      3676 14.0       1.62e+10     73.25    253.66   5018.97  -3465.32      0.00      1
1      3677 14.0       1.00e+10     71.19    133.23  -3930.75   1308.26      0.00      1
1      3678 14.0       1.38e+09     69.62     96.39   1827.17   -645.09      0.00      1
1      3679 14.0       4.47e+10     73.80    299.65   3140.19  -5023.74      0.00      1
1      3680 14.0       7.08e+09     85.23    126.80   6451.92    634.45      0.00      1
1      3681 14.0       2.09e+09     85.80     38.97   1009.11  -6362.35      0.00      1
1      3682 14.0       4.47e+09     86.01    146.28   3900.28 -11163.98      0.00      1
1      3683 14.0       2.95e+09     72.46    188.56  -1812.56  -3683.61      0.00      1
1      3684 14.0       2.09e+10     70.36    309.37    232.40  -9424.20      0.00      1
1      3685 14.0       1.82e+10     66.88    126.80  -1144.14   5000.95      0.00      1
1      3686 14.0       8.32e+10     70.68    359.21   4518.94  -8557.90      0.00      1
1      3687 14.0       4.79e+09     68.71    110.20  -1021.68  -4518.64      0.00      1
1      3688 14.0       2.14e+09     65.51     31.14  -4107.50  -6513.87      0.00      0
1      3689 14.0       9.77e+10     86.04    358.51   -936.48  -3859.15      0.00      1
1      3690 14.0       1.74e+09     78.45    241.82   1040.51  -7679.16      0.00      1
1      3691 14.0       2.82e+10     81.06    187.62   -850.48   -423.91      0.00      1
1      3692 14.0       4.68e+10     73.40    296.16   1532.14   2610.67      0.00      1
1      3693 14.0       1.38e+09     68.93    112.98  -3602.94  -6516.69      0.00      1
1      3694 14.0       4.07e+09     72.81    259.86  -4305.09  -6215.95      0.00      1
1      3695 14.0       2.63e+10     72.97      0.64   -479.48  -7988.76      0.00      1
1      3696 14.0       3.63e+10     68.69    241.93   1314.26  -9689.07      0.00      1
1      3697 14.0       2.19e+09     74.55    306.93   4396.63 -10694.76      0.00      1
1      3698 14.0       2.95e+10     75.07    136.94   6284.93  -3641.26      0.00      0
1      3699 14.0       4.07e+09     82.95    247.04  -2196.00   3805.75      0.00      1
