1      2000 14.0       3.39e+10     80.09      8.95  -2829.45 -10919.10      0.00      1
1      2001 14.0       7.59e+09     79.04     75.44   2444.11   -311.64      0.00      1
1      2002 14.0       1.70e+09     87.71    217.02  -1051.12  -4000.11      0.00      0
1      2003 14.0       1.66e+09     83.11      2.06  -2321.25  -8808.08      0.00      1
1      2004 14.0       3.72e+10     85.71     83.47   5031.98  -1477.84      0.00      1
1      2005 14.0       8.51e+10     75.11     89.89   3162.15  -3730.00      0.00      1
1      2006 14.0       2.40e+10     70.59     29.99   3593.45   4468.72      0.00      0
1      2007 14.0       1.00e+10     65.98    287.94  -3494.83  -3454.49      0.00      0
1      2008 14.0       2.19e+09     68.68    258.84   5559.91   -369.63      0.00      1
1      2009 14.0       2.29e+09     78.64     91.07   2918.57  -6628.07      0.00      1
1      2010 14.0       5.75e+09     85.82    193.96  -4048.79 -10662.99      0.00      1
1      2011 14.0       8.71e+10     68.36    214.73   5441.74  -6438.49      0.00      1
1      2012 14.0       1.32e+09     68.40     57.78    598.05  -6367.73      0.00      1
1      2013 14.0       2.00e+10     83.65    301.58  -3536.84  -9438.10      0.00      1
1      2014 14.0       8.71e+09     79.07    172.58  -2786.59  -9274.85      0.00      1
1      2015 14.0       6.03e+09     67.61    271.51  -2211.41    253.98      0.00      1
1      2016 14.0       1.48e+09     72.42    178.92  -1738.21   2845.27      0.00      1
1      2017 14.0       4.90e+10     75.59    295.53  -3697.97  -3182.81      0.00      1
1      2018 14.0       3.24e+10     75.78    350.80   4862.61   4439.54      0.00      1
1      2019 14.0       2.51e+09     83.87    184.20   4244.48    310.58      0.00      1
1      2020 14.0       1.26e+10     73.18     57.83    709.08  -3556.97      0.00      1
1      2021 14.0       8.32e+10     84.58    259.45   6465.48  -2575.47      0.00      1
1      2022 14.0       1.45e+09     80.44    331.84   5531.53  -3927.36      0.00      1
1      2023 14.0       6.17e+10     74.57    339.81    198.30  -4220.24      0.00      1
1      2024 14.0       2.29e+09     76.02    276.62    -13.30  -8107.60      0.00      1
1      2025 14.0       1.15e+09     67.86    337.77   2595.15  -3303.77      0.00      1
1      2026 14.0       1.78e+10     81.95    150.37  -3167.89 -10700.60      0.00      1
1      2027 14.0       4.68e+09     71.38     71.02    832.70   3200.43      0.00      1
1      2028 14.0       9.12e+09     69.57    184.88  -1823.87  -8901.84      0.00      1
1      2029 14.0       6.31e+10     86.83    164.79  -3802.52  -2089.14      0.00      1
1      2030 14.0       1.62e+10     66.51    323.92  -2848.37  -2811.85      0.00      0
1      2031 14.0       9.33e+10     86.67    113.35  -3191.83  -5388.70      0.00      1
1      2032 14.0       5.25e+09     65.63    232.87  -1576.01  -3129.65      0.00      1
1      2033 14.0       3.89e+09     86.09    195.34   5869.79  -1849.03      0.00      1
1      2034 14.0       1.05e+10     78.52    183.66   5405.96 -10465.02      0.00      1
1      2035 14.0       2.00e+10     68.94    213.46  -3403.43   1526.79      0.00      0
1      2036 14.0       3.80e+10     85.79     55.82   3873.92  -9706.09      0.00      1
1      2037 14.0       1.78e+10     87.70     25.96  -3016.71    169.20      0.00      1
1      2038 14.0       1.41e+10     67.34    335.26   6440.44   2733.72      0.00      1
1      2039 14.0       6.76e+10     71.41    234.26   -503.78   -789.04      0.00      1
1      2040 14.0       6.46e+09     74.13    231.84   1628.17   1829.14      0.00      1
1      2041 14.0       4.17e+09     81.37    240.64   2922.92 -10729.56      0.00      1
1      2042 14.0       3.63e+10     84.55    323.16  -3796.46   2859.44      0.00      1
1      2043 14.0       3.09e+10     70.33    141.90   5884.62   -973.68      0.00      0
1      2044 14.0       7.76e+10     81.42    145.84   1281.76    641.76      0.00      1
1      2045 14.0       5.37e+09     73.65     90.37   3894.96  -8490.12      0.00      1
1      2046 14.0       1.02e+10     83.81    114.61   4411.51 -10074.02      0.00      1
1      2047 14.0       2.14e+10     71.98    206.44   4563.06  -5137.80      0.00      1
1      2048 14.0       5.25e+09     69.61     20.07   5509.81  -2576.78      0.00      1
1      2049 14.0       6.76e+09     70.12    313.35  -1316.95   -606.43      0.00      1
1      2050 14.0       3.09e+09     76.71    275.12  -3640.40   4058.47      0.00      1
1      2051 14.0       4.90e+10     79.12    334.97  -3809.03  -7662.91      0.00      1
1      2052 14.0       4.68e+09     79.90    188.48  -4306.86  -2006.09      0.00      1
1      2053 14.0       6.31e+09     76.06     94.86  -3870.43  -2182.56      0.00      1
1      2054 14.0       1.17e+09     74.33    329.47   5952.22   2359.15      0.00      1
1      2055 14.0       2.00e+09     66.04    168.22   4367.69  -9180.73      0.00      0
1      2056 14.0       4.47e+10     77.14    274.17   5496.29  -1063.57      0.00      1
1      2057 14.0       2.14e+10     85.59    220.74   1705.38 -11182.58      0.00      1
1      2058 14.0       1.12e+09     77.52    141.48   2912.71  -6521.92      0.00      1
1      2059 14.0       1.55e+09     66.35    146.40  -1738.57  -2252.58      0.00      1
1      2060 14.0       2.00e+09     82.48    100.74   -369.66  -3650.64      0.00      1
1      2061 14.0       7.08e+09     78.01      6.11   2982.93 -10009.95      0.00      1
1      2062 14.0       6.92e+10     78.63      3.04  -2796.30    814.12      0.00      1
1      2063 14.0       8.71e+10     82.74     41.02  -2950.62  -7528.19      0.00      1
1      2064 14.0       8.13e+09     71.79    336.87    890.33  -6746.51      0.00      1
1      2065 14.0       2.04e+09     71.71    287.43   1043.56 -10360.18      0.00      1
1      2066 14.0       4.27e+09     87.90    167.72  -1259.76  -9197.72      0.00      1
1      2067 14.0       1.32e+10     74.52    177.80   4792.29 -11238.92      0.00      1
1      2068 14.0       4.79e+10     82.98    248.56   -186.51  -1237.70      0.00      1
1      2069 14.0       3.47e+10     84.66    282.84   5230.31 -10449.00      0.00      1
1      2070 14.0       2.14e+09     83.98    169.01   4750.83 -10584.88      0.00      1
1      2071 14.0       1.58e+09     82.93    217.14   5678.58  -2335.70      0.00      1
1      2072 14.0       5.37e+10     67.38    130.52  -2731.94  -9649.31      0.00      0
1      2073 14.0       2.24e+09     68.01     93.59   5421.02   4634.06      0.00      0
1      2074 14.0       4.90e+09     86.93    173.54  -3861.67 -10282.29      0.00      1
1      2075 14.0       4.37e+09     78.18    188.50  -2356.43 -10345.51      0.00      1
1      2076 14.0       5.75e+10     83.03    145.34   2451.58  -9117.14      0.00      1
1      2077 14.0       1.35e+10     67.15     37.85  -3108.60  -8192.73      0.00      0
1      2078 14.0       2.69e+10     79.30    165.84  -1256.89  -2095.08      0.00      1
1      2079 14.0       1.10e+10     74.32    262.23   3217.12  -8652.46      0.00      1
1      2080 14.0       2.24e+09     70.26    319.81   3400.44   1368.67      0.00      1
1      2081 14.0       5.13e+09     81.80     61.80  -2792.95  -1002.40      0.00      1
1      2082 14.0       1.10e+10     65.72    216.83   4809.52  -2262.70      0.00      0
1      2083 14.0       7.41e+10     66.68    308.59   5626.86   -375.66      0.00      0
1      2084 14.0       1.02e+10     73.67    300.51  -3548.37  -8729.16      0.00      1
1      2085 14.0       4.57e+10     76.44    279.55   -520.30  -9453.95      0.00      1
1      2086 14.0       2.29e+09     73.10    282.03    645.63   2183.23      0.00      1
1      2087 14.0       7.76e+10     79.39    222.42  -2149.34  -3783.59      0.00      1
1      2088 14.0       2.69e+09     86.81     18.31  -3195.04  -7928.70      0.00      1
1      2089 14.0       3.02e+09     65.21    329.52  -1634.29   1839.30      0.00      1
1      2090 14.0       7.59e+09     69.81     20.96   5989.42  -9893.63      0.00      0
1      2091 14.0       1.32e+09     82.69    139.99   -170.10  -1952.26      0.00      1
1      2092 14.0       1.07e+10     69.88    200.03  -2593.22  -9203.96      0.00      1
1      2093 14.0       4.07e+09     70.12    264.15    833.56   -762.12      0.00      1
1      2094 14.0       6.46e+10     80.56    223.32  -4031.63  -9189.49      0.00      1
1      2095 14.0       3.72e+10     83.95    351.14  -1720.11  -2283.60      0.00      1
1      2096 14.0       1.82e+09     80.02    142.81  -2847.27  -5497.59      0.00      1
1      2097 14.0       2.69e+09     81.90    129.61   2761.99  -6924.55      0.00      1
1      2098 14.0       8.71e+10     73.41    223.97   -434.49  -9561.95      0.00      1
1      2099 14.0       2.45e+10     74.61     20.30   5002.72  -2015.80      0.00      1
