1      6000 14.0       6.46e+08     68.74    341.29  -2131.60   3992.94      0.00      1
1      6001 14.0       1.07e+08     73.04    356.02   1427.85  -8241.14      0.00      0
1      6002 14.0       4.17e+08     74.90     86.94   -925.71   5059.71      0.00      1
1      6003 14.0       3.39e+08     87.22    303.01    472.74   -488.45      0.00      0
1      6004 14.0       3.80e+08     65.18    155.00   -318.30  -6275.77      0.00      0
1      6005 14.0       3.09e+08     75.82     43.49  -1928.53     93.20      0.00      1
1      6006 14.0       3.02e+08     69.55    224.42  -3415.62 -11046.25      0.00      0
1      6007 14.0       4.79e+08     77.92     65.83   2788.82  -9242.99      0.00      1
1      6008 14.0       1.15e+08     85.66    253.83   2758.79  -4017.68      0.00      0
1      6009 14.0       3.31e+08     68.84    256.54    718.95   3655.88      0.00      0
1      6010 14.0       2.04e+08     82.67    331.94   3426.21  -8599.05      0.00      0
1      6011 14.0       1.10e+08     86.12    122.14   5137.79  -9760.64      0.00      0
1      6012 14.0       9.33e+08     82.13    355.06   1819.41  -9080.67      0.00      1
1      6013 14.0       1.45e+08     77.64     71.87  -4373.96     -1.30      0.00      0
1      6014 14.0       1.66e+08     79.00    270.07   1342.69  -7842.85      0.00      0
1      6015 14.0       3.02e+08     70.33    293.00   1458.25  -4263.24      0.00      1
1      6016 14.0       3.89e+08     86.06    254.12   4781.80    362.73      0.00      0
1      6017 14.0       8.91e+08     79.19    337.66  -1422.55  -7112.14      0.00      1
1      6018 14.0       3.47e+08     72.90    300.85   1253.65  -3756.63      0.00      1
1      6019 14.0       2.09e+08     77.21    128.82  -1501.86  -5311.21      0.00      0
1      6020 14.0       1.10e+08     73.16     60.36   1864.96 -10746.51      0.00      0
1      6021 14.0       4.47e+08     87.36     21.78  -2937.51  -4314.16      0.00      0
1      6022 14.0       1.35e+08     86.16    344.98   4266.55  -9392.57      0.00      0
1      6023 14.0       7.94e+08     84.58    352.82   -417.56  -2689.06      0.00      1
1      6024 14.0       1.00e+08     71.85    296.87   2226.69  -4184.84      0.00      0
1      6025 14.0       3.72e+08     72.04     91.66  -3804.50   2947.70      0.00      1
1      6026 14.0       2.29e+08     77.62    301.37   5754.50   2432.61      0.00      0
1      6027 14.0       3.31e+08     84.36    355.87    257.80 -10985.89      0.00      0
1      6028 14.0       1.55e+08     75.60     29.25   -395.17 -10922.64      0.00      0
1      6029 14.0       2.29e+08     81.93    280.20    863.66   4504.26      0.00      0
1      6030 14.0       4.68e+08     71.32    119.38   5242.77  -7522.79      0.00      0
1      6031 14.0       2.69e+08     72.63     96.45   1092.66 -10113.99      0.00      1
1      6032 14.0       4.68e+08     84.78    279.87   3184.38   1344.24      0.00      0
1      6033 14.0       7.94e+08     82.63    259.45   3010.07    379.93      0.00      1
1      6034 14.0       4.37e+08     76.50    208.59   4322.94   5047.11      0.00      1
1      6035 14.0       7.76e+08     81.75    261.97  -1729.71  -7093.51      0.00      1
1      6036 14.0       3.98e+08     80.12    106.17  -4052.41  -7938.58      0.00      1
1      6037 14.0       1.29e+08     72.47    329.78   -541.13   3813.26      0.00      0
1      6038 14.0       1.05e+08     74.96    240.85  -3159.04  -2890.61      0.00      0
1      6039 14.0       8.32e+08     69.74    102.44   1404.97  -6074.16      0.00      1
1      6040 14.0       2.82e+08     76.75     39.10   2215.74  -4583.64      0.00      0
1      6041 14.0       1.41e+08     87.29    201.74  -2934.45   5195.77      0.00      0
1      6042 14.0       6.03e+08     68.34    156.15  -3204.68  -7614.87      0.00      0
1      6043 14.0       2.00e+08     87.42    294.69   5518.22   2974.04      0.00      0
1      6044 14.0       1.78e+08     65.70    239.09  -1859.35  -6611.38      0.00      0
1      6045 14.0       2.95e+08     77.06    118.33  -3542.99   1283.76      0.00      1
1      6046 14.0       3.31e+08     75.21    257.23   1000.01  -3737.52      0.00      1
1      6047 14.0       7.08e+08     73.28    206.17   4364.94  -7046.58      0.00      1
1      6048 14.0       1.48e+08     80.62    294.21   -295.46 -10652.64      0.00      0
1      6049 14.0       4.27e+08     80.62     70.83   2308.10 -10649.70      0.00      1
1      6050 14.0       1.82e+08     75.80    193.08    889.01  -9251.87      0.00      0
1      6051 14.0       2.09e+08     86.35    134.46  -1132.67  -6216.21      0.00      0
1      6052 14.0       1.55e+08     74.27     84.92   3355.99 -10998.21      0.00      0
1      6053 14.0       8.51e+08     84.46    118.72   -121.99  -5775.27      0.00      1
1      6054 14.0       6.17e+08     80.45    243.36  -2458.39  -6665.57      0.00      1
1      6055 14.0       7.08e+08     85.49    155.20   3634.62  -1503.37      0.00      1
1      6056 14.0       2.19e+08     73.22    220.86    621.31  -6756.93      0.00      0
1      6057 14.0       9.55e+08     65.49     38.81   2020.71  -1091.24      0.00      1
1      6058 14.0       4.27e+08     74.21    338.64  -1025.91  -5297.10      0.00      1
1      6059 14.0       1.32e+08     79.48    298.11  -1139.33  -3209.59      0.00      0
1      6060 14.0       4.57e+08     82.05    275.92  -3395.16   2905.82      0.00      1
1      6061 14.0       1.05e+08     79.80     97.43  -2909.24 -10358.09      0.00      0
1      6062 14.0       1.48e+08     78.39    325.34   -688.55   2655.42      0.00      0
1      6063 14.0       1.62e+08     87.05     53.78    781.49  -5873.17      0.00      0
1      6064 14.0       2.19e+08     79.12    217.52   5533.42   1131.95      0.00      0
1      6065 14.0       1.66e+08     73.47    201.81   -459.43  -7604.44      0.00      0
1      6066 14.0       2.95e+08     79.71    321.79    325.49  -2111.37      0.00      1
1      6067 14.0       3.24e+08     82.32     61.11   1570.61  -4123.00      0.00      0
1      6068 14.0       2.34e+08     80.65    270.66   6144.84 -10649.83      0.00      0
1      6069 14.0       7.24e+08     83.17    351.30    -87.39   2928.58      0.00      1
1      6070 14.0       4.90e+08     73.73    242.40   4596.70  -9706.60      0.00      1
1      6071 14.0       6.46e+08     70.23    252.78   2439.37   4092.57      0.00      0
1      6072 14.0       2.51e+08     68.54    245.15   1256.09  -4833.86      0.00      0
1      6073 14.0       9.55e+08     82.88    230.73   5303.59  -1916.11      0.00      1
1      6074 14.0       4.07e+08     67.55     67.78   1399.68  -6770.41      0.00      0
1      6075 14.0       2.63e+08     78.30    312.70   6036.79   2366.99      0.00      0
1      6076 14.0       3.89e+08     82.80     84.57   1217.42  -6496.74      0.00      1
1      6077 14.0       1.86e+08     74.70     49.14   2823.43  -6101.85      0.00      0
1      6078 14.0       1.38e+08     80.68     86.34   1076.10   3970.24      0.00      0
1      6079 14.0       3.89e+08     83.06    194.37   2553.66  -3398.24      0.00      1
1      6080 14.0       2.40e+08     82.59     55.08   -877.53   1464.04      0.00      0
1      6081 14.0       6.31e+08     87.04    209.66   4891.75  -6370.87      0.00      0
1      6082 14.0       3.89e+08     68.33    232.25   4529.50  -4989.63      0.00      0
1      6083 14.0       4.79e+08     82.48    195.80   4449.45   2410.06      0.00      1
1      6084 14.0       2.00e+08     82.88    302.72   5048.99  -5368.29      0.00      0
1      6085 14.0       2.14e+08     70.65     91.33   6095.43  -6794.81      0.00      0
1      6086 14.0       1.15e+08     73.84    253.64   4037.40  -4487.36      0.00      0
1      6087 14.0       2.51e+08     65.19    264.97  -1708.76  -1287.29      0.00      1
1      6088 14.0       1.86e+08     76.79    124.94  -3167.24  -6204.05      0.00      0
1      6089 14.0       3.98e+08     79.09    139.64   1722.49   5190.67      0.00      1
1      6090 14.0       1.62e+08     78.81    280.49   1367.79   2264.07      0.00      0
1      6091 14.0       1.70e+08     78.09    297.29   4976.85  -7468.19      0.00      0
1      6092 14.0       6.61e+08     69.56    102.00   3065.41   4426.54      0.00      1
1      6093 14.0       3.47e+08     79.61    316.52   5000.85 -11181.13      0.00      0
1      6094 14.0       2.63e+08     70.00    127.49  -1764.47   2311.36      0.00      1
1      6095 14.0       4.47e+08     78.46     90.50   4183.08 -10527.36      0.00      1
1      6096 14.0       4.57e+08     70.97    165.38   4922.07  -2299.74      0.00      1
1      6097 14.0       1.07e+08     84.32     44.22   4834.72 -10297.80      0.00      0
1      6098 14.0       1.29e+08     78.87    246.04   4306.16  -4852.62      0.00      0
1      6099 14.0       9.77e+08     75.62    254.02   -467.66  -1336.08      0.00      1
