1    103300 5626.0     8.71e+09     66.84    208.76   3091.06   -873.62      0.00      1
1    103301 5626.0     8.91e+10     67.36    328.97   4737.37  -2261.83      0.00      1
1    103302 5626.0     3.80e+09     84.79    208.96   3676.91  -1811.03      0.00      1
1    103303 5626.0     9.77e+10     70.70    352.86   2971.64  -2727.99      0.00      1
1    103304 5626.0     2.04e+10     68.61    210.61   5018.09  -3979.86      0.00      0
1    103305 5626.0     1.74e+10     81.06     28.32    192.26  -2160.84      0.00      1
1    103306 5626.0     1.02e+10     66.11    184.40  -1697.15  -5778.96      0.00      1
1    103307 5626.0     1.78e+09     71.78    226.42   1829.20  -1889.29      0.00      1
1    103308 5626.0     2.04e+10     87.27     23.49   2996.53  -1621.44      0.00      1
1    103309 5626.0     8.51e+10     75.90    287.77   2455.29 -10068.14      0.00      1
1    103310 5626.0     1.45e+09     71.92    325.89   2035.99   3346.37      0.00      1
1    103311 5626.0     2.19e+09     77.95    247.09   4541.91  -2999.47      0.00      1
1    103312 5626.0     6.92e+09     79.59    265.90  -1630.28  -6263.77      0.00      1
1    103313 5626.0     2.40e+09     74.80    357.05   6229.16  -4800.60      0.00      1
1    103314 5626.0     5.25e+09     74.15     71.26   -617.94   4637.75      0.00      1
1    103315 5626.0     2.04e+09     74.72    267.35  -2935.27  -4969.21      0.00      1
1    103316 5626.0     2.29e+10     80.58    186.13   -905.36   -471.56      0.00      1
1    103317 5626.0     3.72e+09     80.22    120.15   1549.31  -8824.86      0.00      1
1    103318 5626.0     5.13e+09     83.02    184.11   -309.71   1505.91      0.00      1
1    103319 5626.0     1.62e+09     68.84    181.39   5403.43   4492.79      0.00      0
1    103320 5626.0     1.78e+10     74.59    149.96  -3663.49  -1548.06      0.00      1
1    103321 5626.0     5.01e+09     84.23    328.39  -1994.33   2353.75      0.00      1
1    103322 5626.0     1.62e+10     78.30    243.81   1519.34   3928.44      0.00      1
1    103323 5626.0     6.31e+10     76.44    128.72   4266.74  -1110.16      0.00      1
1    103324 5626.0     7.59e+09     85.62     64.68   3703.22   -420.16      0.00      1
1    103325 5626.0     2.95e+09     83.01    352.00   2926.94   3459.65      0.00      1
1    103326 5626.0     8.32e+10     70.56     75.58   5437.67  -6295.56      0.00      1
1    103327 5626.0     2.57e+09     84.17    157.31  -2641.59   -416.63      0.00      1
1    103328 5626.0     3.02e+10     87.28    169.89   -300.68  -1818.66      0.00      1
1    103329 5626.0     3.47e+10     65.43    349.83    595.21   2130.93      0.00      1
1    103330 5626.0     7.24e+10     69.62    191.71  -3187.09  -9820.81      0.00      1
1    103331 5626.0     2.95e+10     84.42    244.29  -4380.56  -2083.95      0.00      1
1    103332 5626.0     2.24e+10     75.51    130.55  -3584.27  -2232.71      0.00      0
1    103333 5626.0     1.23e+09     75.93    146.00   2206.70  -5002.30      0.00      1
1    103335 5626.0     3.80e+10     66.82     29.26   4873.29   3330.69      0.00      0
1    103336 5626.0     1.70e+09     71.65     54.60  -2213.64  -3158.58      0.00      1
1    103337 5626.0     2.24e+09     73.36    110.42   -335.85  -5552.68      0.00      1
1    103338 5626.0     1.62e+09     81.65     65.64   5765.32  -8448.32      0.00      1
1    103339 5626.0     1.48e+10     71.27     21.64    576.88 -11024.94      0.00      1
1    103340 5626.0     2.51e+09     65.85    219.32   -478.09  -6295.16      0.00      0
1    103341 5626.0     1.29e+10     77.78    354.89  -3636.16   1071.70      0.00      1
1    103342 5626.0     3.47e+09     82.61    306.42   3844.28  -1378.76      0.00      1
1    103343 5626.0     1.26e+10     79.53    333.06   1187.04   1134.87      0.00      1
1    103344 5626.0     2.69e+10     65.72     50.70  -1980.17  -2990.08      0.00      1
1    103345 5626.0     5.89e+09     80.55     21.92  -4025.24 -10830.00      0.00      1
1    103346 5626.0     8.51e+09     70.20    326.45   1451.85  -8805.23      0.00      1
1    103347 5626.0     1.70e+10     76.92     13.96    285.21   2900.59      0.00      1
1    103348 5626.0     3.02e+10     86.35     81.88   4354.52 -10442.96      0.00      1
1    103349 5626.0     4.90e+09     85.91    137.99   5263.12  -4873.14      0.00      1
1    103350 5626.0     1.51e+09     82.53    356.03   2264.37   4735.63      0.00      1
1    103351 5626.0     3.98e+10     65.71    346.94  -1115.39    617.38      0.00      1
1    103352 5626.0     1.74e+09     86.50    250.78   -955.74   1339.74      0.00      0
1    103353 5626.0     1.10e+10     69.91     49.03   2299.67   3923.39      0.00      1
1    103354 5626.0     1.74e+09     69.40     15.84   1125.29  -9977.06      0.00      1
1    103355 5626.0     8.51e+09     77.04    104.96   1875.54  -2266.04      0.00      1
1    103356 5626.0     3.16e+10     73.41    223.49  -3316.33   5100.59      0.00      0
1    103357 5626.0     1.45e+10     75.45    288.63  -2343.70   2049.01      0.00      1
1    103358 5626.0     1.62e+10     73.19     42.28   5383.33  -7850.64      0.00      1
1    103359 5626.0     4.90e+10     83.73     11.26   5523.50   5120.10      0.00      1
1    103360 5626.0     5.13e+10     87.49    124.70   -909.25  -8180.24      0.00      1
1    103361 5626.0     9.77e+09     79.31    300.68   4562.08  -3226.46      0.00      1
1    103362 5626.0     2.19e+10     74.14     97.67   2050.56   3497.16      0.00      1
1    103363 5626.0     5.13e+09     71.26    327.30   5535.76   3751.34      0.00      1
1    103364 5626.0     9.55e+09     79.70    151.25   1988.21  -2668.78      0.00      1
1    103365 5626.0     1.20e+10     70.89    342.92   1811.85  -3391.50      0.00      1
1    103366 5626.0     9.33e+10     66.26     97.62   2932.16  -7820.01      0.00      0
1    103367 5626.0     8.91e+09     67.91    102.20   1811.81  -4547.89      0.00      1
1    103368 5626.0     5.13e+10     78.01    266.91   5561.55  -4362.46      0.00      1
1    103369 5626.0     8.91e+09     67.57    228.32  -1695.88  -9460.42      0.00      1
1    103370 5626.0     1.86e+09     73.52    349.96   5434.64   -419.43      0.00      1
1    103371 5626.0     2.69e+09     80.59     21.80   2530.15  -3274.93      0.00      1
1    103372 5626.0     6.76e+10     86.70    168.90  -2503.54  -9776.51      0.00      1
1    103373 5626.0     2.57e+10     74.21    122.66  -1386.98  -8486.02      0.00      1
1    103374 5626.0     1.20e+09     71.49    241.47   1912.36  -2958.86      0.00      1
1    103375 5626.0     5.50e+09     87.81    132.06  -2334.63  -2989.60      0.00      1
1    103376 5626.0     4.17e+09     80.26    245.69   5104.53  -5570.94      0.00      1
1    103377 5626.0     1.23e+09     70.88     74.86  -3475.09   4300.54      0.00      1
1    103378 5626.0     1.12e+09     83.96    138.55    338.01 -10586.14      0.00      1
1    103379 5626.0     3.98e+09     78.63     61.58  -1885.52   3842.46      0.00      1
1    103380 5626.0     4.07e+09     80.42    291.05    -99.60  -9911.93      0.00      1
1    103381 5626.0     1.23e+10     70.62     85.38   4945.30  -9373.02      0.00      0
1    103382 5626.0     4.57e+09     87.93    283.97    599.73   4473.55      0.00      1
1    103383 5626.0     1.10e+09     70.66    266.76   3506.05  -6017.71      0.00      1
1    103384 5626.0     2.29e+09     87.27    352.21  -3786.54   1821.62      0.00      1
1    103385 5626.0     7.24e+09     75.09    275.44   5933.92  -1085.70      0.00      1
1    103386 5626.0     7.08e+09     81.31     21.71   2476.73  -3121.50      0.00      1
1    103387 5626.0     5.01e+10     83.49    228.34   -498.58   4901.90      0.00      1
1    103388 5626.0     4.68e+10     84.73    249.82   3079.38  -6372.24      0.00      1
1    103389 5626.0     6.61e+10     79.04    296.43   3125.26  -7151.79      0.00      1
1    103390 5626.0     1.38e+10     73.38    166.59   2878.28  -4371.19      0.00      1
1    103391 5626.0     1.70e+10     76.84     44.33  -3422.61   2352.93      0.00      1
1    103392 5626.0     9.12e+10     86.83    348.47   2556.61  -8481.24      0.00      1
1    103393 5626.0     1.58e+09     80.19      7.65   -556.08  -2067.24      0.00      1
1    103394 5626.0     2.29e+10     65.36    268.41   5716.51  -1708.35      0.00      0
1    103395 5626.0     5.75e+09     69.21      7.44  -4129.67  -5456.61      0.00      1
1    103396 5626.0     1.07e+10     83.58    108.89    196.66  -5521.65      0.00      1
1    103397 5626.0     4.27e+09     83.56    259.40    328.80 -10196.76      0.00      1
1    103398 5626.0     6.76e+10     69.59    271.62    909.29  -6281.23      0.00      1
1    103399 5626.0     9.55e+09     79.71    206.14  -1763.31   2628.68      0.00      1
