1       400 14.0       5.50e+10     74.96     70.29  -2410.39   4800.02      0.00      1
1       401 14.0       5.75e+09     70.12     84.85   -298.47  -5879.16      0.00      1
1       402 14.0       1.58e+10     66.27    326.06   -268.83   1095.26      0.00      1
1       403 14.0       5.75e+09     70.80     63.28   2008.42  -4722.95      0.00      1
1       404 14.0       8.91e+10     65.80    257.22  -2436.42   3253.17      0.00      0
1       405 14.0       1.26e+10     79.47     62.04   1615.72 -10024.89      0.00      1
1       406 14.0       2.19e+09     71.11    357.49  -1995.84  -3216.75      0.00      1
1       407 14.0       2.82e+09     78.84    340.42   6026.30    839.31      0.00      1
1       408 14.0       1.45e+09     77.82    195.17   3041.74   4999.51      0.00      1
1       409 14.0       7.94e+09     73.30    327.31   3570.37  -6907.92      0.00      1
1       410 14.0       1.17e+10     80.79    344.92  -1228.65    842.93      0.00      1
1       411 14.0       1.41e+09     86.96     26.81   1739.24  -2054.92      0.00      0
1       412 14.0       1.07e+10     70.12    317.48    356.61   1386.59      0.00      1
1       413 14.0       2.45e+10     66.11    117.43  -1274.10 -10350.99      0.00      1
1       414 14.0       6.61e+10     87.16    207.80   -403.43     -0.68      0.00      1
1       415 14.0       1.07e+09     69.72     42.56   2524.25  -2476.25      0.00      1
1       416 14.0       1.02e+09     79.83    343.34   1614.83  -4452.80      0.00      1
1       417 14.0       5.62e+09     71.58    337.62   4221.99  -5244.13      0.00      1
1       418 14.0       1.41e+09     68.61    203.62  -2539.87   4803.30      0.00      1
1       419 14.0       6.17e+10     79.72    250.70   1955.28 -10519.61      0.00      1
1       420 14.0       1.35e+10     80.10    173.69  -3800.36  -5337.12      0.00      1
1       421 14.0       2.82e+09     81.75     30.31  -3885.07  -4756.72      0.00      1
1       422 14.0       6.31e+09     71.89    314.33  -1052.72   2299.64      0.00      1
1       423 14.0       1.55e+09     74.06    188.86   2115.94    336.70      0.00      1
1       424 14.0       4.47e+09     83.86    202.72   4062.76   -565.89      0.00      1
1       425 14.0       1.41e+10     66.32    167.29  -3395.29  -2865.31      0.00      1
1       426 14.0       1.78e+10     66.31    252.24  -3128.18   3420.83      0.00      0
1       427 14.0       6.03e+09     72.12     38.21  -1576.22   2043.63      0.00      1
1       428 14.0       6.46e+09     82.47    316.75   4739.86   4792.54      0.00      1
1       429 14.0       2.19e+09     65.07    321.17   4713.37   2946.26      0.00      0
1       430 14.0       9.77e+09     77.69    100.23   5029.17  -1457.07      0.00      1
1       431 14.0       2.75e+09     67.13    177.89   4520.89    929.23      0.00      0
1       432 14.0       1.35e+10     77.52    217.42   2792.32  -7644.88      0.00      1
1       433 14.0       2.69e+10     75.35    279.79     95.08   -337.24      0.00      1
1       434 14.0       1.10e+09     72.19    346.74  -3291.92  -8184.76      0.00      1
1       435 14.0       9.77e+09     74.15    179.69  -3619.59  -8349.13      0.00      1
1       436 14.0       2.24e+10     66.41     93.81    129.16   2960.70      0.00      1
1       437 14.0       5.62e+10     73.64    268.11   3138.08  -7701.59      0.00      1
1       438 14.0       2.57e+10     73.38     89.69   5894.57  -4414.31      0.00      1
1       439 14.0       7.08e+10     78.62    177.40   2511.91  -6517.27      0.00      1
1       440 14.0       1.48e+10     72.09    149.26  -1692.71  -7783.30      0.00      1
1       441 14.0       3.98e+10     68.49     74.43    227.34   3156.18      0.00      1
1       442 14.0       3.02e+09     80.59    300.82  -3640.65  -4368.61      0.00      1
1       443 14.0       5.50e+09     70.43     54.96   5506.02   4232.02      0.00      0
1       444 14.0       1.38e+09     86.34    354.51  -1863.69 -10776.85      0.00      1
1       445 14.0       1.86e+09     70.53    184.21   1840.21   4900.38      0.00      1
1       446 14.0       1.78e+09     65.33     27.99  -4152.01   5117.89      0.00      0
1       447 14.0       2.57e+10     87.92     72.97   -637.49   1112.87      0.00      1
1       448 14.0       2.88e+10     69.80    234.22   -159.56  -7825.68      0.00      1
1       449 14.0       1.02e+09     67.06    277.39  -3281.31  -1781.46      0.00      0
1       450 14.0       9.33e+10     82.77    138.57  -3141.90    -58.30      0.00      1
1       451 14.0       4.90e+10     74.82     20.55  -3969.15  -8354.19      0.00      1
1       452 14.0       5.50e+10     75.68     40.71   3445.55    630.55      0.00      1
1       453 14.0       2.63e+10     67.12    266.73   6441.49   3301.86      0.00      0
1       454 14.0       7.24e+10     78.89     64.22   5265.06  -2878.08      0.00      1
1       455 14.0       1.78e+10     71.98    321.10  -1166.73  -3641.76      0.00      1
1       456 14.0       2.82e+09     85.15     37.34  -1481.95  -3191.03      0.00      1
1       457 14.0       2.34e+09     68.37    255.12    823.42  -4805.70      0.00      1
1       458 14.0       1.05e+09     86.67     94.35   -648.08  -9030.55      0.00      0
1       459 14.0       8.71e+09     66.27    104.88   5986.82  -5683.83      0.00      1
1       460 14.0       2.75e+10     67.00    164.55   6492.49   1117.81      0.00      1
1       461 14.0       8.71e+09     80.62    339.73    516.63   2671.15      0.00      1
1       462 14.0       1.29e+09     70.11     60.46   2931.94  -8838.15      0.00      1
1       463 14.0       1.02e+10     77.63     52.20   3975.44  -2710.13      0.00      1
1       464 14.0       9.33e+10     71.65    137.71   2075.85  -4046.37      0.00      1
1       465 14.0       3.98e+10     79.15    333.19    -91.40   4546.68      0.00      1
1       466 14.0       2.00e+09     72.45    224.33  -2833.88  -1706.52      0.00      1
1       467 14.0       1.95e+09     73.10    320.71   1356.13  -2256.97      0.00      1
1       468 14.0       2.34e+09     84.96     36.07   -368.54 -10369.98      0.00      1
1       469 14.0       2.04e+10     65.91    321.58   -696.18   1432.79      0.00      1
1       470 14.0       4.90e+10     68.84    323.37    549.09  -5250.10      0.00      1
1       471 14.0       2.45e+10     75.79    330.54   1385.88  -3745.09      0.00      1
1       472 14.0       2.29e+10     84.49    319.33   1390.88  -8614.49      0.00      1
1       473 14.0       2.34e+09     86.00     91.43   6146.55   4015.61      0.00      1
1       474 14.0       2.09e+10     66.90     94.78   1018.32  -7760.97      0.00      0
1       475 14.0       3.31e+09     76.99     39.92  -1253.17   3176.53      0.00      1
1       476 14.0       3.31e+10     80.38    240.45    146.29  -1632.24      0.00      1
1       477 14.0       3.72e+10     82.05     56.38   2184.37   1684.24      0.00      1
1       478 14.0       1.38e+09     86.14      0.47  -2373.01  -1729.15      0.00      1
1       479 14.0       3.24e+10     72.92    195.99    -94.10  -7359.83      0.00      1
1       480 14.0       6.92e+10     84.65    282.03  -3104.50    698.48      0.00      1
1       481 14.0       8.51e+10     77.75     73.20  -3219.37  -4753.90      0.00      1
1       482 14.0       4.27e+10     79.11     36.04   3882.78  -9478.85      0.00      1
1       483 14.0       4.17e+10     65.32     25.68     61.08   1162.21      0.00      1
1       484 14.0       9.12e+09     80.51     61.12   4723.01  -9367.27      0.00      1
1       485 14.0       4.68e+10     72.37    295.72  -2834.26   3756.29      0.00      1
1       486 14.0       3.39e+10     73.17    126.92  -4071.42  -2414.41      0.00      0
1       487 14.0       3.47e+09     67.48     12.06   5716.77  -6786.06      0.00      1
1       488 14.0       1.51e+09     69.18    276.34    122.60   4155.36      0.00      1
1       489 14.0       7.76e+10     82.96     83.10  -3330.45     16.82      0.00      1
1       490 14.0       4.79e+10     83.44     93.71   2275.71  -2867.99      0.00      1
1       491 14.0       6.03e+10     80.01    119.19   6284.86   5085.89      0.00      0
1       492 14.0       2.57e+09     77.67    284.81   2185.20   4738.71      0.00      1
1       493 14.0       1.66e+10     69.60    302.70    438.88   3790.55      0.00      0
1       494 14.0       2.88e+09     84.24     63.56   5799.78   2094.40      0.00      1
1       495 14.0       1.38e+10     75.92    150.49  -1987.40  -8498.40      0.00      1
1       496 14.0       1.91e+10     87.39    207.37   4689.64 -10906.10      0.00      1
1       497 14.0       2.95e+09     66.05    233.00   6033.49   3388.75      0.00      0
1       498 14.0       3.47e+10     75.37    193.70   5879.42  -7179.48      0.00      1
1       499 14.0       1.38e+09     83.76     23.46   5413.63  -3045.12      0.00      1
