1    104200 5626.0     1.07e+10     69.89    136.39  -2457.42  -5886.17      0.00      1
1    104201 5626.0     4.47e+10     77.05    121.85   -711.90  -6887.42      0.00      1
1    104202 5626.0     8.71e+09     68.84    281.13  -2777.17   -791.09      0.00      1
1    104203 5626.0     2.69e+10     67.25    251.35   1690.19   4389.53      0.00      1
1    104204 5626.0     1.32e+09     73.50     89.10   1002.42  -6506.46      0.00      1
1    104205 5626.0     4.47e+09     87.32    175.24  -2686.07  -6697.79      0.00      1
1    104206 5626.0     2.95e+09     67.08    153.82  -1021.14    703.81      0.00      1
1    104207 5626.0     6.03e+10     69.10    271.84   5086.67   -906.21      0.00      1
1    104208 5626.0     1.78e+10     83.22    275.68    306.16  -5749.24      0.00      1
1    104209 5626.0     1.29e+10     87.09    330.33   2363.00  -8367.03      0.00      1
1    104210 5626.0     1.41e+10     80.81     99.37   1094.24  -4751.87      0.00      1
1    104211 5626.0     2.34e+10     79.79    273.70  -4346.07 -11196.60      0.00      1
1    104212 5626.0     4.57e+10     86.99    127.42  -1564.92   -978.33      0.00      1
1    104213 5626.0     2.69e+09     86.54    152.16    184.98  -9979.04      0.00      1
1    104214 5626.0     7.76e+10     74.24    247.04   4868.53  -9252.52      0.00      1
1    104215 5626.0     3.89e+10     81.20    119.82  -1228.42    647.54      0.00      1
1    104216 5626.0     1.35e+09     86.73    189.65  -2431.18  -3730.58      0.00      0
1    104217 5626.0     3.02e+10     76.16    239.57  -1358.51  -9562.67      0.00      1
1    104218 5626.0     9.12e+09     78.08    325.87   1616.94 -10477.10      0.00      1
1    104219 5626.0     1.20e+09     78.96    333.41   2742.55  -2627.35      0.00      1
1    104220 5626.0     1.00e+09     73.28     25.67  -3594.17   1137.93      0.00      1
1    104221 5626.0     6.17e+10     69.45    163.29   6451.32  -4330.37      0.00      1
1    104222 5626.0     3.02e+09     73.11    294.88  -3606.04   4627.95      0.00      1
1    104223 5626.0     3.89e+09     71.75    357.35  -1304.48  -1728.20      0.00      1
1    104224 5626.0     3.55e+09     79.19    235.51  -3124.47   4352.95      0.00      1
1    104225 5626.0     1.78e+10     69.05    317.96   2391.78   3453.47      0.00      0
1    104226 5626.0     2.14e+10     66.53    178.22   4144.30  -9162.65      0.00      1
1    104227 5626.0     1.41e+09     68.92    161.20   5232.78  -1335.27      0.00      1
1    104228 5626.0     4.47e+09     65.04    296.63   -716.08 -10771.28      0.00      0
1    104229 5626.0     4.07e+10     81.58    112.09   -971.37  -6345.88      0.00      1
1    104230 5626.0     1.91e+10     86.66    224.74   1599.66  -6852.58      0.00      1
1    104231 5626.0     1.45e+10     68.02     84.35   5974.35  -2559.82      0.00      1
1    104232 5626.0     6.92e+10     73.21    275.02   1120.99   2114.17      0.00      1
1    104233 5626.0     9.33e+10     82.51      3.93    466.85  -2577.85      0.00      1
1    104234 5626.0     1.32e+09     70.11     81.39  -4133.04  -5417.40      0.00      1
1    104235 5626.0     1.17e+10     73.28     38.76  -1773.65  -9500.42      0.00      1
1    104236 5626.0     5.37e+09     66.53     54.19   1252.08  -4037.38      0.00      1
1    104237 5626.0     4.27e+09     72.86     11.12   4974.33  -9263.65      0.00      1
1    104238 5626.0     7.41e+09     80.36    110.49   2143.03  -2482.52      0.00      1
1    104239 5626.0     4.90e+09     80.28    316.97   5814.14  -2536.55      0.00      1
1    104240 5626.0     7.76e+10     70.87     98.56   6327.52    945.54      0.00      1
1    104241 5626.0     1.10e+10     81.64     13.99   6420.12  -2854.94      0.00      1
1    104242 5626.0     9.12e+10     79.60    130.73   -268.22   2871.61      0.00      1
1    104243 5626.0     2.57e+10     66.27     96.18   -857.48  -3884.21      0.00      1
1    104244 5626.0     2.04e+09     84.64     33.08  -1483.78  -3067.40      0.00      1
1    104245 5626.0     2.29e+09     65.40    262.37   4396.46   5128.89      0.00      0
1    104246 5626.0     1.55e+10     72.43    186.67   -667.72   4064.97      0.00      1
1    104247 5626.0     1.20e+10     80.21    350.96   5866.50  -8914.93      0.00      1
1    104248 5626.0     3.02e+10     86.86    279.85     76.09  -3683.09      0.00      1
1    104249 5626.0     5.50e+09     81.56    298.89  -3631.54  -4772.79      0.00      1
1    104250 5626.0     7.59e+09     72.01    215.34   3088.93  -8597.94      0.00      1
1    104251 5626.0     3.63e+09     66.99    240.62  -3778.09  -4582.66      0.00      1
1    104252 5626.0     2.82e+09     73.10    208.53  -3398.90  -2863.63      0.00      1
1    104253 5626.0     5.37e+09     79.26    273.33   2028.43  -2035.19      0.00      1
1    104254 5626.0     1.05e+09     86.96    155.76   5450.11   -438.28      0.00      0
1    104255 5626.0     1.38e+09     82.45    101.39   1825.37  -7749.57      0.00      1
1    104256 5626.0     1.95e+10     73.85    228.80  -1922.46   2966.87      0.00      1
1    104257 5626.0     1.86e+10     76.73    183.88   4617.93  -5922.27      0.00      1
1    104258 5626.0     1.38e+10     84.24    166.61   3811.72  -1790.35      0.00      1
1    104259 5626.0     3.98e+10     79.90     99.58   5158.47  -4633.23      0.00      1
1    104260 5626.0     2.29e+10     71.89     37.22   3945.12  -8002.36      0.00      1
1    104261 5626.0     3.72e+10     74.48      1.14  -1181.81  -2347.68      0.00      1
1    104262 5626.0     1.78e+09     83.89    327.58   4024.39  -3561.68      0.00      1
1    104263 5626.0     1.78e+09     70.40    259.58  -3039.08   5055.70      0.00      1
1    104264 5626.0     8.32e+09     83.07    342.16   4991.97  -4619.86      0.00      1
1    104265 5626.0     1.95e+10     71.79    130.83    793.63  -9073.03      0.00      0
1    104266 5626.0     7.76e+09     73.59     21.27  -4023.09  -5137.31      0.00      1
1    104267 5626.0     2.51e+09     87.09     92.10    687.86  -2467.04      0.00      1
1    104268 5626.0     4.27e+10     72.33    297.74    469.10  -1804.71      0.00      1
1    104269 5626.0     1.26e+10     80.80     97.94   1137.13      5.39      0.00      1
1    104270 5626.0     2.69e+09     74.81     92.85  -1186.08   -421.27      0.00      1
1    104271 5626.0     1.38e+10     78.67    303.75   5069.57  -5067.19      0.00      1
1    104272 5626.0     1.00e+10     85.83     39.25   3272.14 -11024.88      0.00      1
1    104273 5626.0     1.32e+09     77.15    358.23  -4002.51   3965.37      0.00      1
1    104274 5626.0     5.25e+09     69.72    196.15   3957.52  -6412.94      0.00      1
1    104275 5626.0     2.69e+09     78.61    247.14   1426.19  -1189.39      0.00      1
1    104276 5626.0     2.14e+10     79.33     70.08   1379.77   5014.15      0.00      1
1    104277 5626.0     1.55e+09     81.42     45.97    806.43  -3480.09      0.00      1
1    104278 5626.0     1.74e+10     87.70    255.52   3714.29   1306.59      0.00      1
1    104279 5626.0     1.55e+10     68.89    160.15   -436.21  -1905.42      0.00      1
1    104280 5626.0     1.38e+09     69.38    270.59   -560.74  -9410.29      0.00      1
1    104281 5626.0     6.17e+09     65.26    153.79   4387.57     55.84      0.00      0
1    104282 5626.0     1.02e+10     68.54    134.34  -1055.79  -6055.21      0.00      0
1    104283 5626.0     1.05e+09     75.81     14.15  -2664.77   1752.78      0.00      1
1    104284 5626.0     1.86e+09     83.60    315.59  -3982.84   -644.22      0.00      1
1    104285 5626.0     1.26e+10     81.02    290.80    512.27  -6425.38      0.00      1
1    104286 5626.0     1.45e+10     84.50    234.66   5174.60  -7188.63      0.00      1
1    104287 5626.0     3.47e+10     82.26    339.18  -4289.61   4618.93      0.00      1
1    104288 5626.0     1.17e+09     87.29    236.66   5356.23 -10957.46      0.00      0
1    104289 5626.0     1.74e+10     68.92    258.81  -2353.38  -6162.82      0.00      1
1    104290 5626.0     2.04e+09     70.00    160.39    246.04  -4102.21      0.00      1
1    104291 5626.0     1.32e+10     78.69    323.58  -1806.58  -5142.84      0.00      1
1    104292 5626.0     1.48e+10     65.52    171.44   6121.86  -3853.19      0.00      1
1    104293 5626.0     2.69e+09     74.78    308.01  -2745.80   4084.50      0.00      1
1    104294 5626.0     3.55e+10     84.02    275.23   2192.70  -5767.99      0.00      1
1    104295 5626.0     1.17e+09     77.78    125.57    850.68  -1594.97      0.00      1
1    104296 5626.0     2.57e+10     87.92    161.11    882.19   4625.12      0.00      1
1    104297 5626.0     1.70e+09     77.99    353.01  -2643.99  -4400.49      0.00      1
1    104298 5626.0     1.38e+10     67.58     11.21  -3882.92   1995.14      0.00      1
1    104299 5626.0     5.75e+09     87.97     76.94   3276.26 -10420.45      0.00      1
