1      6800 14.0       2.88e+08     67.98    111.30   3812.67 -10022.91      0.00      0
1      6801 14.0       3.31e+08     80.07    210.58   5233.72  -7713.28      0.00      1
1      6802 14.0       1.17e+08     65.25    128.96   1302.13   3505.67      0.00      0
1      6803 14.0       1.29e+08     73.90    171.96  -2487.96  -3816.91      0.00      0
1      6804 14.0       2.04e+08     74.28    178.90   6290.11  -9393.32      0.00      0
1      6805 14.0       1.70e+08     83.06    264.80    -19.22  -8892.10      0.00      0
1      6806 14.0       5.37e+08     87.77    184.72   -772.93  -1288.74      0.00      0
1      6807 14.0       1.58e+08     73.15     76.51   4940.06  -4948.84      0.00      0
1      6808 14.0       5.62e+08     67.42    180.80   -687.98  -8803.31      0.00      0
1      6809 14.0       3.72e+08     81.63    345.23  -4218.81 -10815.61      0.00      1
1      6810 14.0       5.89e+08     80.61     51.98   3583.33   1362.00      0.00      1
1      6811 14.0       3.63e+08     69.98    202.94  -3560.03   4983.85      0.00      0
1      6812 14.0       4.68e+08     65.00    298.50   5911.30  -4682.02      0.00      0
1      6813 14.0       1.07e+08     70.77    141.26   4823.12  -6337.31      0.00      0
1      6814 14.0       3.47e+08     83.65    355.12  -2713.13  -2201.46      0.00      0
1      6815 14.0       5.01e+08     82.49    304.51   4822.78   4545.33      0.00      0
1      6816 14.0       3.09e+08     81.34    310.69  -2337.74 -10071.56      0.00      0
1      6817 14.0       2.29e+08     75.68     87.05  -2954.61   5160.67      0.00      1
1      6818 14.0       5.37e+08     69.94    340.59   5847.28  -7811.46      0.00      1
1      6819 14.0       7.59e+08     84.57    212.89   5313.90   -727.97      0.00      1
1      6820 14.0       3.09e+08     85.92    307.94   1215.63  -5238.45      0.00      0
1      6821 14.0       6.46e+08     85.87    149.35   4237.47  -7959.70      0.00      0
1      6822 14.0       4.68e+08     87.24     15.67   2840.66    416.29      0.00      0
1      6823 14.0       3.02e+08     82.90    286.05  -3875.03   1307.14      0.00      0
1      6824 14.0       6.61e+08     71.46     92.09  -2897.45  -8797.81      0.00      1
1      6825 14.0       1.55e+08     74.84    285.04   1835.73   3364.82      0.00      0
1      6826 14.0       4.79e+08     69.95    264.76   5227.22   4445.22      0.00      0
1      6827 14.0       2.04e+08     81.13     77.15   4410.16   5011.96      0.00      0
1      6828 14.0       1.20e+08     72.68     75.94  -1870.21   3763.56      0.00      0
1      6829 14.0       4.79e+08     80.83    275.27   1518.57   -730.11      0.00      1
1      6830 14.0       1.05e+08     66.33     10.44  -2293.75   1981.12      0.00      0
1      6831 14.0       1.20e+08     66.44    349.74  -4122.87  -4619.63      0.00      0
1      6832 14.0       1.38e+08     78.27    245.42  -2714.16  -5060.67      0.00      0
1      6833 14.0       5.25e+08     81.12    142.46  -4254.68  -6073.30      0.00      1
1      6834 14.0       2.00e+08     69.42    136.70  -1519.88  -7000.45      0.00      0
1      6835 14.0       2.19e+08     79.76    214.21  -3312.21    353.10      0.00      0
1      6836 14.0       1.15e+08     67.54    304.80   5047.79   5022.82      0.00      0
1      6837 14.0       6.17e+08     66.24     23.06  -4281.48   1534.44      0.00      0
1      6838 14.0       1.02e+08     73.28    184.52   -373.55   4762.25      0.00      0
1      6839 14.0       8.32e+08     84.90    160.83   4535.25  -7865.85      0.00      1
1      6840 14.0       2.51e+08     78.50    141.18   3347.51  -1466.34      0.00      0
1      6841 14.0       1.41e+08     75.90     72.71  -1874.06   3589.26      0.00      0
1      6842 14.0       5.25e+08     82.28    206.01   3156.34   2050.91      0.00      1
1      6843 14.0       5.89e+08     73.40    229.27  -1479.88  -2410.03      0.00      1
1      6844 14.0       5.89e+08     76.89    191.06   1780.85   1849.06      0.00      1
1      6845 14.0       1.58e+08     69.14    116.10   -198.65   1312.36      0.00      0
1      6846 14.0       1.62e+08     76.62      0.46   3315.22   1727.56      0.00      0
1      6847 14.0       2.57e+08     82.01    224.85   6497.79   3107.67      0.00      0
1      6848 14.0       1.26e+08     84.27     17.24   4935.91   -299.96      0.00      0
1      6849 14.0       1.12e+08     86.05    276.34  -1246.19    739.87      0.00      0
1      6850 14.0       2.88e+08     81.73    241.41   6083.66  -4682.32      0.00      0
1      6851 14.0       8.51e+08     80.04    174.89  -4366.07  -5447.05      0.00      1
1      6852 14.0       3.47e+08     79.09    211.89  -4032.11   3472.10      0.00      1
1      6853 14.0       2.63e+08     86.42    354.54   3944.78  -2376.55      0.00      0
1      6854 14.0       1.15e+08     82.96    254.52  -3507.09    856.88      0.00      0
1      6855 14.0       2.40e+08     82.69    271.58   3371.35  -8183.39      0.00      0
1      6856 14.0       2.63e+08     68.69    292.34  -1664.19  -6284.17      0.00      0
1      6857 14.0       6.76e+08     69.13    205.18  -2178.36   4004.16      0.00      1
1      6858 14.0       4.17e+08     83.12    337.08  -3382.77  -6705.23      0.00      0
1      6859 14.0       3.39e+08     70.40    291.41   3598.83    771.53      0.00      0
1      6860 14.0       4.68e+08     72.78    197.24  -1702.31  -6449.71      0.00      1
1      6861 14.0       1.55e+08     67.58    325.20  -1417.19  -7681.81      0.00      0
1      6862 14.0       2.09e+08     68.51    240.74   2567.58   -278.58      0.00      0
1      6863 14.0       1.55e+08     72.74    111.26  -3336.52    777.35      0.00      0
1      6864 14.0       2.24e+08     75.78    240.27    742.25  -5519.50      0.00      0
1      6865 14.0       1.12e+08     84.63     61.42   4736.76  -5803.65      0.00      0
1      6866 14.0       1.00e+08     67.76    124.01   4079.64  -6962.45      0.00      0
1      6867 14.0       2.04e+08     77.80    190.78    128.01  -2833.24      0.00      1
1      6868 14.0       2.69e+08     74.49    230.38  -4290.42    220.29      0.00      0
1      6869 14.0       5.25e+08     70.77    217.87   1046.17   2909.90      0.00      1
1      6870 14.0       8.51e+08     66.72    334.51   4778.72  -1468.22      0.00      1
1      6871 14.0       6.31e+08     67.48    263.49   4426.58  -7272.73      0.00      0
1      6872 14.0       1.05e+08     79.92    133.21  -3942.54   1290.92      0.00      0
1      6873 14.0       5.25e+08     83.27     41.00   1650.10  -1125.36      0.00      0
1      6874 14.0       2.45e+08     79.11     58.29    318.09  -4070.88      0.00      0
1      6875 14.0       6.03e+08     73.58    341.67  -1491.17  -4504.34      0.00      1
1      6876 14.0       5.13e+08     67.71    176.41  -2419.10  -8146.30      0.00      0
1      6877 14.0       9.12e+08     82.41    239.26  -3110.89   3826.98      0.00      1
1      6878 14.0       3.63e+08     74.49    164.25   2795.36  -2701.22      0.00      1
1      6879 14.0       1.05e+08     74.03    148.24   6298.83  -4237.72      0.00      0
1      6880 14.0       4.68e+08     72.44    214.35   3314.11    953.24      0.00      1
1      6881 14.0       1.95e+08     87.37     34.03   3787.26  -2555.46      0.00      0
1      6882 14.0       5.13e+08     80.51     37.48   5635.31    321.66      0.00      1
1      6883 14.0       1.58e+08     79.34    226.37   4446.83  -2562.76      0.00      0
1      6884 14.0       2.19e+08     65.52    180.20  -3677.17   1555.51      0.00      0
1      6885 14.0       2.51e+08     68.26      9.25   6314.60  -6678.67      0.00      0
1      6886 14.0       1.70e+08     67.49    288.97  -1727.28  -6344.66      0.00      0
1      6887 14.0       1.15e+08     66.26    259.91   -484.01  -2975.69      0.00      0
1      6888 14.0       1.74e+08     65.06    242.32    767.88 -10447.95      0.00      0
1      6889 14.0       2.14e+08     74.64    149.23   2244.74   -746.96      0.00      0
1      6890 14.0       1.58e+08     85.37    149.12   4896.56  -3219.56      0.00      0
1      6891 14.0       1.51e+08     81.87    331.24   -626.63    692.79      0.00      0
1      6892 14.0       1.55e+08     76.88    173.04  -1828.31  -7405.09      0.00      0
1      6893 14.0       1.29e+08     70.15     91.29  -3635.67   3031.81      0.00      0
1      6894 14.0       7.94e+08     70.90    320.80  -4124.80   4259.71      0.00      0
1      6895 14.0       1.95e+08     71.75    232.49    595.20  -1172.10      0.00      0
1      6896 14.0       8.13e+08     79.40    357.27   5016.46   1200.13      0.00      1
1      6897 14.0       3.98e+08     74.19     98.34   2200.58  -6288.69      0.00      1
1      6898 14.0       2.40e+08     66.38    228.60  -1044.31   2070.01      0.00      0
1      6899 14.0       1.05e+08     83.35     55.39   5790.82  -5563.26      0.00      0
