1    102600 5626.0     5.75e+09     87.42    159.59  -1140.41   3725.71      0.00      1
1    102601 5626.0     7.94e+10     72.90     12.44  -4214.31   1649.29      0.00      1
1    102602 5626.0     5.62e+10     67.90    187.18   5748.22  -1981.29      0.00      1
1    102603 5626.0     5.37e+09     80.83     98.92   -224.44   2953.28      0.00      1
1    102604 5626.0     4.47e+10     69.53    258.01  -3426.38  -1830.18      0.00      1
1    102605 5626.0     6.92e+10     78.87    277.26  -3417.60  -9598.22      0.00      1
1    102606 5626.0     3.39e+09     76.22     79.22   2499.11   4091.65      0.00      1
1    102607 5626.0     6.76e+09     78.32    143.43   5159.86   -992.85      0.00      1
1    102608 5626.0     4.37e+10     71.05    278.67   3805.72    924.49      0.00      1
1    102609 5626.0     2.57e+09     84.12    126.37     17.63  -1870.15      0.00      1
1    102610 5626.0     4.37e+09     78.22    190.63  -3210.16  -9253.19      0.00      1
1    102611 5626.0     7.94e+09     75.28    322.86  -2529.18 -10551.46      0.00      1
1    102612 5626.0     8.32e+10     74.17    239.10  -3378.16   4574.37      0.00      0
1    102613 5626.0     4.17e+10     68.99     37.67    649.27  -1819.02      0.00      1
1    102614 5626.0     1.48e+09     76.67     77.56   5262.10   1783.84      0.00      1
1    102615 5626.0     6.17e+10     70.19    128.63   6305.28   4834.58      0.00      0
1    102616 5626.0     2.09e+10     76.49    295.25  -1858.74   1513.60      0.00      1
1    102617 5626.0     1.35e+10     82.17    206.97  -1099.09  -2015.07      0.00      1
1    102618 5626.0     2.29e+10     75.00    290.17   6144.99   -140.85      0.00      1
1    102619 5626.0     8.32e+09     67.68     84.64  -2685.28    149.41      0.00      1
1    102620 5626.0     1.48e+10     76.11     50.00   4058.12  -2571.47      0.00      1
1    102621 5626.0     4.47e+10     83.33    148.21    499.59   5026.58      0.00      1
1    102622 5626.0     5.89e+09     75.33    195.45   1447.15  -6856.14      0.00      1
1    102623 5626.0     1.70e+10     72.98    288.74   5275.61   4470.76      0.00      0
1    102624 5626.0     3.09e+10     74.47    282.26    503.69  -4116.56      0.00      1
1    102625 5626.0     2.63e+10     84.05     87.58   3451.21 -10161.77      0.00      1
1    102626 5626.0     3.80e+09     84.99    247.96    257.06  -7692.71      0.00      1
1    102627 5626.0     4.47e+10     81.66    259.88   5943.31  -5144.25      0.00      1
1    102628 5626.0     1.95e+09     74.76    119.00  -3630.32 -10057.58      0.00      1
1    102629 5626.0     1.23e+09     87.96     85.47   5900.24  -2494.28      0.00      0
1    102630 5626.0     6.31e+09     80.26    312.97  -3955.11  -1771.86      0.00      1
1    102631 5626.0     1.91e+09     84.01     62.70   3206.17  -5788.69      0.00      1
1    102632 5626.0     6.92e+09     85.11    193.63   3974.86  -7964.49      0.00      1
1    102633 5626.0     1.91e+09     84.36    179.00   1154.75   3903.43      0.00      1
1    102634 5626.0     2.34e+09     79.93    165.55   4076.68  -4488.43      0.00      1
1    102635 5626.0     8.91e+10     78.93    351.81   1728.48  -5153.11      0.00      1
1    102636 5626.0     2.24e+10     80.95    254.14   5243.94   2971.68      0.00      1
1    102637 5626.0     7.41e+09     85.78    154.69   4409.03 -10466.73      0.00      1
1    102638 5626.0     2.00e+10     82.99    273.72   3118.81  -9816.51      0.00      1
1    102639 5626.0     1.05e+09     80.72     46.48    675.71  -2768.67      0.00      1
1    102640 5626.0     1.07e+10     73.10    295.67  -1107.29   -338.45      0.00      1
1    102641 5626.0     4.37e+09     79.53    337.30   2718.57  -2388.76      0.00      1
1    102642 5626.0     1.95e+09     86.19    240.88  -1438.45  -4442.99      0.00      1
1    102643 5626.0     2.29e+10     67.32     82.09   -593.40   4649.76      0.00      1
1    102644 5626.0     7.59e+10     71.56    136.41   4264.40 -11080.15      0.00      0
1    102645 5626.0     1.66e+09     82.30    117.78   5912.03   1795.33      0.00      1
1    102646 5626.0     7.24e+09     82.14    259.71   4063.25  -3274.29      0.00      1
1    102647 5626.0     2.45e+09     77.51    317.11   1010.12   1626.37      0.00      1
1    102648 5626.0     4.90e+10     76.82    131.61  -4198.84  -6736.25      0.00      1
1    102649 5626.0     1.35e+09     76.26    330.18   5885.64  -8914.02      0.00      1
1    102650 5626.0     8.13e+09     78.39    204.99   1945.41    145.31      0.00      1
1    102651 5626.0     8.51e+09     80.64    129.00   5502.58  -4080.56      0.00      1
1    102652 5626.0     1.10e+09     80.26    316.45    277.19  -6346.75      0.00      1
1    102653 5626.0     2.63e+10     69.49    344.57  -1386.82  -8423.18      0.00      1
1    102654 5626.0     1.35e+09     66.20    266.88   -962.61  -7454.24      0.00      1
1    102655 5626.0     4.17e+09     87.74    134.64   6006.73   2625.46      0.00      0
1    102656 5626.0     2.40e+09     76.16    337.76   1857.65  -6599.57      0.00      1
1    102657 5626.0     2.95e+09     84.50     18.96   5119.43    684.98      0.00      1
1    102658 5626.0     2.57e+09     68.66    324.26  -4333.77  -7804.99      0.00      1
1    102659 5626.0     3.63e+09     82.89    291.08  -2816.35  -7176.02      0.00      1
1    102660 5626.0     5.01e+10     87.83     69.70    786.52  -9311.40      0.00      1
1    102661 5626.0     1.00e+09     75.35     42.20  -2039.21   3505.08      0.00      1
1    102662 5626.0     5.01e+09     70.82    112.15  -2265.71  -1349.55      0.00      1
1    102663 5626.0     1.15e+09     81.69    217.11   5829.76  -9945.67      0.00      1
1    102664 5626.0     7.08e+09     68.91    301.82  -2953.72   3409.22      0.00      0
1    102665 5626.0     6.46e+09     65.43    304.05   5764.33   1030.88      0.00      0
1    102666 5626.0     4.27e+10     78.25    332.81  -2044.36  -9637.83      0.00      1
1    102667 5626.0     3.47e+09     72.22    235.58   6447.67   -698.00      0.00      1
1    102668 5626.0     1.20e+10     73.27    305.29    661.31  -6543.25      0.00      1
1    102669 5626.0     3.98e+09     73.05    280.91    581.19  -6007.28      0.00      1
1    102670 5626.0     3.09e+09     77.24     10.05   5634.68   1018.05      0.00      1
1    102671 5626.0     6.46e+09     81.77     25.70   5362.95  -3133.69      0.00      1
1    102672 5626.0     1.35e+10     70.33    113.21    748.09  -4224.30      0.00      1
1    102673 5626.0     2.63e+10     73.54    355.81   5252.13   1702.66      0.00      1
1    102674 5626.0     2.51e+10     82.66    234.54   3491.70  -7269.97      0.00      1
1    102675 5626.0     5.25e+10     87.80    105.65   2395.20  -8421.71      0.00      1
1    102676 5626.0     5.13e+10     77.32     18.29  -1139.02  -8396.63      0.00      1
1    102677 5626.0     1.32e+10     86.42    327.59   -278.09  -7018.66      0.00      1
1    102678 5626.0     7.24e+09     73.79     93.22  -4037.87  -5617.81      0.00      1
1    102679 5626.0     1.78e+10     84.21     64.76   -196.24    573.37      0.00      1
1    102680 5626.0     1.15e+09     73.75     95.37  -4322.89    818.20      0.00      1
1    102681 5626.0     3.55e+10     74.17     77.38  -4384.45 -10394.68      0.00      1
1    102682 5626.0     1.55e+09     78.21    223.32   2259.81   4967.24      0.00      1
1    102683 5626.0     1.66e+10     77.09      6.81  -2174.77  -1021.90      0.00      1
1    102684 5626.0     5.01e+10     71.16    217.03  -1301.16  -9569.96      0.00      1
1    102685 5626.0     1.32e+09     82.81     19.98   5202.88  -4608.17      0.00      1
1    102686 5626.0     4.57e+09     86.69    328.45   -629.74   4719.05      0.00      1
1    102687 5626.0     7.08e+09     77.53    206.43   3770.72    897.25      0.00      1
1    102688 5626.0     9.12e+10     84.54    182.12   4466.47   4969.88      0.00      1
1    102689 5626.0     2.40e+09     65.93     19.71   4827.52  -7795.84      0.00      1
1    102690 5626.0     5.25e+10     66.05     25.87   5636.76   1485.94      0.00      0
1    102691 5626.0     3.72e+09     72.20     48.90  -1114.81  -6927.68      0.00      1
1    102692 5626.0     5.50e+10     80.02     12.66  -3444.54    745.49      0.00      1
1    102693 5626.0     1.35e+10     67.55    255.81   3373.24  -1706.71      0.00      1
1    102694 5626.0     6.31e+09     76.11     29.96   2966.81   -980.51      0.00      1
1    102695 5626.0     2.69e+09     79.67    192.73   4953.91  -1060.00      0.00      1
1    102696 5626.0     1.51e+10     79.73    160.36   6217.57  -2827.74      0.00      1
1    102698 5626.0     5.13e+09     82.63    295.86   2530.66  -1740.90      0.00      1
1    102699 5626.0     3.55e+09     84.56    232.58   5627.20   2492.34      0.00      1
