1      7000 14.0       1.45e+08     73.68    124.88   3839.53 -10582.67      0.00      0
1      7001 14.0       1.35e+08     71.48     42.92  -2290.83   4014.52      0.00      0
1      7002 14.0       2.57e+08     82.89    333.19  -1888.36   2335.82      0.00      0
1      7003 14.0       6.92e+08     71.19    174.71   6367.39   4039.37      0.00      0
1      7004 14.0       4.07e+08     74.22    222.66   5107.81  -6787.45      0.00      1
1      7005 14.0       3.16e+08     80.93    131.28   5845.77  -7377.99      0.00      0
1      7006 14.0       3.31e+08     76.22    259.30   2876.72  -2292.70      0.00      1
1      7007 14.0       4.17e+08     81.36    243.46   2697.14    310.62      0.00      1
1      7008 14.0       1.51e+08     65.36    123.99  -4398.99  -5388.52      0.00      0
1      7009 14.0       1.41e+08     69.33     53.44   2599.92   4703.66      0.00      0
1      7010 14.0       6.92e+08     66.21     47.34   5265.05  -2935.45      0.00      0
1      7011 14.0       7.94e+08     85.24     26.41   1705.45  -6569.95      0.00      0
1      7012 14.0       2.57e+08     71.73      5.36   5344.33  -5954.96      0.00      1
1      7013 14.0       2.04e+08     85.52    130.58   3144.71  -3915.38      0.00      0
1      7014 14.0       2.51e+08     75.06    353.09   6071.48  -1254.93      0.00      1
1      7015 14.0       2.34e+08     85.35    125.04  -1874.27  -6056.60      0.00      0
1      7016 14.0       1.12e+08     77.94    135.54    562.00  -7994.11      0.00      0
1      7017 14.0       2.29e+08     77.58    277.97   4736.28   5059.09      0.00      0
1      7018 14.0       1.23e+08     73.93    249.49    -18.56   1278.82      0.00      0
1      7019 14.0       1.70e+08     75.28    183.68  -1883.12   1527.65      0.00      0
1      7020 14.0       3.39e+08     81.68     55.50    569.36  -4720.99      0.00      0
1      7021 14.0       1.74e+08     73.50    339.77  -1459.06  -9852.96      0.00      0
1      7022 14.0       2.04e+08     85.72    102.06  -1093.92   3428.96      0.00      0
1      7023 14.0       4.07e+08     77.48    133.94   2013.83  -8399.68      0.00      1
1      7024 14.0       5.25e+08     76.63    334.61  -2229.17   -286.86      0.00      1
1      7025 14.0       1.48e+08     75.65    262.89   3941.40  -8564.61      0.00      0
1      7026 14.0       4.57e+08     65.31    113.54   -216.06  -1035.95      0.00      1
1      7028 14.0       2.19e+08     74.01    132.56   6092.59   1345.70      0.00      0
1      7029 14.0       2.69e+08     67.72      9.71   1202.27  -1923.27      0.00      1
1      7030 14.0       1.29e+08     84.44    115.79   5113.71  -1459.75      0.00      0
1      7031 14.0       1.86e+08     70.29    327.16   5068.34  -3481.27      0.00      0
1      7032 14.0       4.90e+08     80.94    345.67   -916.72  -8757.93      0.00      1
1      7033 14.0       6.31e+08     72.94    256.59  -1312.88  -4128.47      0.00      1
1      7034 14.0       1.58e+08     72.62    116.34   1892.88  -3565.82      0.00      0
1      7035 14.0       2.88e+08     76.15     23.05    542.69  -6453.52      0.00      1
1      7036 14.0       5.89e+08     81.46    240.75   2346.64   -984.34      0.00      1
1      7037 14.0       1.91e+08     73.76    350.04   2055.77  -4142.90      0.00      0
1      7038 14.0       6.17e+08     69.00    232.48   1050.81    293.45      0.00      1
1      7039 14.0       1.51e+08     71.68     39.61   2776.53   1360.78      0.00      0
1      7040 14.0       2.69e+08     72.69    245.78     77.97   2241.84      0.00      1
1      7041 14.0       6.03e+08     78.17     73.09  -2059.03   3088.03      0.00      1
1      7042 14.0       1.74e+08     78.89     47.76  -2705.76  -4869.62      0.00      0
1      7043 14.0       2.19e+08     82.57    257.25  -3097.38    270.88      0.00      0
1      7044 14.0       3.24e+08     75.73     71.86   3431.42  -3172.73      0.00      1
1      7045 14.0       2.34e+08     78.22    166.25   5534.00  -9390.44      0.00      0
1      7046 14.0       3.63e+08     82.08    148.62   5067.32  -1800.04      0.00      1
1      7047 14.0       3.63e+08     82.00    170.69    474.17   3826.70      0.00      1
1      7048 14.0       1.66e+08     84.50    327.15   4822.12  -7720.86      0.00      0
1      7049 14.0       6.61e+08     87.42     70.48   2105.39  -3392.26      0.00      0
1      7050 14.0       8.51e+08     81.48    335.60   4614.65   3132.45      0.00      1
1      7051 14.0       4.79e+08     83.65    200.91  -3400.56 -10440.02      0.00      0
1      7052 14.0       7.76e+08     87.83    194.05  -3452.27 -10914.36      0.00      0
1      7053 14.0       2.51e+08     79.57    169.66   1941.95  -5648.63      0.00      0
1      7054 14.0       2.57e+08     83.68     79.29    814.89  -9381.92      0.00      0
1      7055 14.0       8.13e+08     86.18    245.88    -22.58   4506.90      0.00      0
1      7056 14.0       3.31e+08     73.51    265.99  -2849.23   -891.00      0.00      1
1      7057 14.0       3.55e+08     82.57    139.23   3065.73  -2377.47      0.00      0
1      7058 14.0       1.55e+08     70.11    326.94   5649.94   3501.92      0.00      0
1      7059 14.0       4.07e+08     87.92     12.18   5312.95  -1960.92      0.00      0
1      7060 14.0       6.92e+08     79.46    156.11   4786.84    674.13      0.00      1
1      7061 14.0       2.14e+08     69.89    310.26   5796.10  -1388.23      0.00      0
1      7062 14.0       7.94e+08     77.90     68.42  -1138.11   2391.27      0.00      1
1      7063 14.0       8.13e+08     70.04     22.81  -4038.45  -2246.32      0.00      1
1      7064 14.0       1.95e+08     79.92    222.06  -1403.63  -9009.90      0.00      0
1      7065 14.0       7.76e+08     81.74    255.73  -3000.69  -4190.37      0.00      1
1      7066 14.0       1.38e+08     72.96    202.76  -3481.49 -10322.75      0.00      0
1      7067 14.0       2.63e+08     79.79     81.30   2361.75     22.75      0.00      1
1      7068 14.0       8.71e+08     79.34    338.33    597.95  -1629.34      0.00      1
1      7069 14.0       1.07e+08     85.01    146.07    399.21   2477.58      0.00      0
1      7070 14.0       2.88e+08     65.76    359.10  -2609.35   -919.67      0.00      1
1      7071 14.0       1.32e+08     70.31    282.24  -2979.71  -1461.98      0.00      0
1      7072 14.0       1.23e+08     67.50     61.84   -553.85 -11004.55      0.00      0
1      7073 14.0       1.20e+08     73.36     15.26   3076.53   3588.38      0.00      0
1      7074 14.0       2.14e+08     81.51    338.97  -3528.51   4154.23      0.00      0
1      7075 14.0       3.39e+08     71.04    192.02  -4147.62 -11003.05      0.00      0
1      7076 14.0       5.37e+08     66.13     16.48  -1410.19  -2316.70      0.00      1
1      7077 14.0       5.25e+08     80.33    260.47   4326.42   -191.92      0.00      1
1      7078 14.0       7.41e+08     81.13     31.86    925.77  -1034.12      0.00      1
1      7079 14.0       8.91e+08     77.85    343.79   5215.19  -8504.28      0.00      1
1      7080 14.0       7.24e+08     87.50    273.15    554.65  -4691.16      0.00      0
1      7081 14.0       1.55e+08     78.82    101.30  -4060.92   2810.38      0.00      0
1      7082 14.0       8.51e+08     87.94    345.59   -362.10   -367.70      0.00      0
1      7083 14.0       6.76e+08     80.23    324.28   3037.31 -10459.02      0.00      1
1      7084 14.0       1.45e+08     73.85    213.50  -2165.52  -7759.31      0.00      0
1      7085 14.0       5.13e+08     67.42    348.78   4139.41  -3008.02      0.00      0
1      7086 14.0       1.74e+08     67.62    348.75  -2917.28   2483.68      0.00      0
1      7087 14.0       1.58e+08     66.26    207.40   3735.54  -1866.68      0.00      0
1      7088 14.0       3.98e+08     82.45    114.48  -2499.11  -4992.56      0.00      0
1      7089 14.0       8.91e+08     69.06    323.46   1122.36  -4538.64      0.00      1
1      7090 14.0       3.63e+08     65.29    103.11   -210.55   3783.76      0.00      0
1      7091 14.0       4.47e+08     78.33    262.95   2814.24  -4729.57      0.00      1
1      7092 14.0       1.20e+08     80.43      8.07   2922.07  -9036.44      0.00      0
1      7093 14.0       5.50e+08     81.86     55.50   2415.36  -8874.70      0.00      1
1      7094 14.0       1.20e+08     80.93     76.36   4503.93  -5625.07      0.00      0
1      7095 14.0       7.24e+08     72.26    358.36   3150.26  -6695.10      0.00      1
1      7096 14.0       3.63e+08     84.45    188.68    366.46  -6826.10      0.00      0
1      7097 14.0       3.31e+08     84.73    175.97   3036.26  -3777.40      0.00      0
1      7098 14.0       1.00e+08     76.74    187.22  -3887.35  -7804.62      0.00      0
1      7099 14.0       2.82e+08     81.81    274.19   4389.60  -2468.01      0.00      0
