1      4700 14.0       3.09e+09     76.21    334.98  -3801.01  -4344.87      0.00      1
1      4701 14.0       1.45e+09     72.44    164.98   5162.45  -8624.81      0.00      1
1      4702 14.0       3.39e+10     66.03    143.94   5631.23   2568.11      0.00      1
1      4703 14.0       3.24e+10     79.20    139.57   -461.58    810.52      0.00      1
1      4704 14.0       3.02e+09     66.00     96.33   -695.74  -6185.37      0.00      1
1      4705 14.0       3.63e+09     83.50     40.75   6122.84   2432.64      0.00      1
1      4706 14.0       4.57e+10     67.04     21.32   4954.13  -4905.70      0.00      1
1      4707 14.0       2.09e+09     68.39    328.12    305.59 -10474.15      0.00      1
1      4708 14.0       4.57e+10     72.92    346.36  -1454.57  -2798.68      0.00      1
1      4709 14.0       3.89e+09     74.65     90.79   3218.63    323.85      0.00      1
1      4710 14.0       1.32e+10     70.62    277.28  -3637.44  -5402.93      0.00      1
1      4711 14.0       7.24e+09     65.08    204.04   4025.53  -7417.08      0.00      0
1      4712 14.0       3.47e+10     74.21     54.87   -970.29    -73.88      0.00      1
1      4713 14.0       6.61e+10     83.50     30.14   2105.56  -4019.70      0.00      1
1      4714 14.0       1.07e+09     71.12    298.38   2239.84   1175.88      0.00      1
1      4715 14.0       1.62e+09     66.41     91.56   1284.56   -241.22      0.00      1
1      4716 14.0       1.35e+09     76.45     93.43   1575.41  -3808.76      0.00      1
1      4717 14.0       2.24e+10     79.85    287.79   3434.79 -11255.28      0.00      1
1      4718 14.0       1.45e+09     87.91    107.77    374.36   1488.95      0.00      0
1      4719 14.0       3.63e+10     85.05    121.31  -3537.46  -5714.88      0.00      1
1      4720 14.0       4.68e+09     65.61    140.96   4877.57  -1240.28      0.00      0
1      4721 14.0       2.00e+09     83.55    225.12  -1869.81  -4763.14      0.00      1
1      4722 14.0       4.27e+10     65.66    118.33   -615.32   2038.53      0.00      1
1      4723 14.0       2.00e+09     74.43     47.16   -228.79  -8954.36      0.00      1
1      4724 14.0       7.76e+10     82.86     70.10   4822.92  -2555.74      0.00      1
1      4725 14.0       5.75e+10     86.12     57.84   3378.78 -10153.19      0.00      1
1      4726 14.0       1.48e+09     79.55     29.14   2347.85   -297.13      0.00      1
1      4727 14.0       6.03e+09     87.95    244.68   4614.55  -6555.55      0.00      1
1      4728 14.0       1.62e+09     81.29    103.94   1168.26  -7825.82      0.00      1
1      4729 14.0       2.75e+10     69.91    190.04  -3089.10  -8660.83      0.00      1
1      4730 14.0       5.62e+09     86.40    231.58   3191.09 -10228.26      0.00      1
1      4731 14.0       1.23e+09     84.91    288.96   2274.17  -5455.19      0.00      1
1      4732 14.0       3.55e+10     66.42    100.30  -3347.12   2729.50      0.00      1
1      4733 14.0       1.82e+09     70.64    101.54  -4137.31  -7607.65      0.00      1
1      4734 14.0       1.02e+10     66.92    316.18   4977.20   3570.21      0.00      0
1      4735 14.0       1.05e+10     67.91    255.26   1090.06  -1985.69      0.00      1
1      4736 14.0       2.14e+10     76.03    178.02   5357.32  -4426.71      0.00      1
1      4737 14.0       3.63e+09     70.10    332.76   4190.74  -5292.59      0.00      1
1      4738 14.0       1.95e+10     82.94    141.65   4071.08  -3046.66      0.00      1
1      4739 14.0       8.71e+09     73.65    337.17  -3595.84 -10635.44      0.00      1
1      4740 14.0       6.46e+10     67.21    317.70   5294.46 -10398.09      0.00      0
1      4741 14.0       6.61e+09     85.70    335.52   1556.31  -6298.84      0.00      1
1      4742 14.0       2.19e+10     71.37    188.67   1599.77  -8937.05      0.00      1
1      4743 14.0       9.12e+10     86.94     92.87   6123.33 -10174.10      0.00      1
1      4744 14.0       9.77e+09     70.66    227.55   5447.97  -2690.16      0.00      1
1      4745 14.0       7.76e+09     75.38    158.69   5225.31 -10214.36      0.00      0
1      4746 14.0       3.63e+09     77.55    336.36   2767.45 -10507.40      0.00      1
1      4747 14.0       1.29e+10     81.36    332.56  -1397.87   -452.92      0.00      1
1      4748 14.0       1.26e+10     86.10    341.97   5533.16  -7666.95      0.00      1
1      4749 14.0       2.24e+10     66.24    179.74  -1197.52   5159.48      0.00      0
1      4750 14.0       1.23e+09     76.36     59.26   6404.15  -3232.31      0.00      1
1      4751 14.0       4.17e+09     86.22    190.64   -761.04 -11279.15      0.00      1
1      4752 14.0       5.01e+10     73.44    178.02  -1154.47    754.95      0.00      1
1      4753 14.0       3.16e+10     86.53    193.04   3535.48  -1104.48      0.00      1
1      4754 14.0       2.95e+09     78.29    335.58  -2373.26   -747.63      0.00      1
1      4755 14.0       2.24e+10     69.96    359.19   2648.53  -3727.64      0.00      1
1      4756 14.0       6.46e+09     83.77     52.64   6344.07   2997.80      0.00      1
1      4757 14.0       7.41e+09     66.65    317.84   2683.34   3362.92      0.00      1
1      4758 14.0       8.71e+09     67.02    242.13  -3656.56  -2358.49      0.00      1
1      4759 14.0       1.38e+10     75.80     31.16  -2603.86   2410.03      0.00      1
1      4760 14.0       1.02e+09     80.43    150.94  -1722.43  -1747.28      0.00      1
1      4761 14.0       2.34e+09     76.13    236.53   4977.80   2073.88      0.00      1
1      4762 14.0       1.51e+09     82.35     14.36   3091.71  -6887.14      0.00      1
1      4763 14.0       1.78e+10     65.83    169.61  -4299.13 -10974.37      0.00      0
1      4764 14.0       1.02e+09     86.01     73.23   4368.45    676.96      0.00      0
1      4765 14.0       3.98e+09     83.90    354.58   4994.66    627.04      0.00      1
1      4766 14.0       5.25e+10     67.74    171.60   5035.97  -1008.64      0.00      1
1      4767 14.0       1.12e+09     66.18    114.93   1850.24  -3524.32      0.00      0
1      4768 14.0       3.89e+10     83.63    197.87  -1776.88   5192.56      0.00      1
1      4769 14.0       1.12e+09     73.63    270.63    854.59  -3429.41      0.00      1
1      4770 14.0       1.29e+09     83.85    100.88  -3812.96  -6628.77      0.00      1
1      4771 14.0       1.91e+09     65.83    172.67   3672.55   2509.49      0.00      0
1      4772 14.0       2.45e+10     76.36     77.82   3615.55  -2716.63      0.00      1
1      4773 14.0       4.79e+10     78.43    309.27  -3019.57  -3648.67      0.00      1
1      4774 14.0       9.55e+10     84.44    216.41   4509.05  -9510.45      0.00      1
1      4775 14.0       9.77e+09     77.71     78.86   2828.29    991.57      0.00      1
1      4776 14.0       5.89e+10     76.52    180.29   5397.61   4468.49      0.00      1
1      4777 14.0       1.26e+10     83.73     83.02   6213.08   5077.53      0.00      1
1      4778 14.0       2.09e+10     82.08     89.50   4456.24  -4862.93      0.00      1
1      4779 14.0       1.00e+10     65.90     37.46   3787.52  -5041.95      0.00      1
1      4780 14.0       1.74e+10     87.27    304.23   -125.81  -8523.66      0.00      1
1      4781 14.0       6.03e+10     84.90    253.71  -2677.86   -255.45      0.00      1
1      4782 14.0       1.38e+10     70.39     50.79   4496.39 -11130.01      0.00      0
1      4783 14.0       4.90e+10     65.16    141.88   2853.55   5183.18      0.00      0
1      4784 14.0       8.13e+09     85.22     27.06  -2640.08  -2730.50      0.00      1
1      4785 14.0       1.82e+10     74.91    299.42   5055.01   4159.07      0.00      0
1      4786 14.0       1.15e+10     77.41     65.52   2434.24  -5772.08      0.00      1
1      4787 14.0       4.37e+10     75.13    175.03   4828.01  -2857.19      0.00      1
1      4788 14.0       1.78e+09     66.09    333.95  -2356.98  -4315.49      0.00      0
1      4789 14.0       5.62e+10     85.21     37.66  -3388.97  -1046.29      0.00      1
1      4790 14.0       5.37e+09     86.25     39.34  -2401.98  -3286.07      0.00      1
1      4791 14.0       5.50e+10     78.30    189.76  -1651.05  -5970.52      0.00      1
1      4792 14.0       3.02e+09     68.95    118.68  -3387.83   2562.14      0.00      0
1      4793 14.0       4.47e+10     68.41    265.22   4322.70  -4444.14      0.00      1
1      4794 14.0       7.24e+09     69.54     99.62   1742.93  -8553.30      0.00      1
1      4795 14.0       3.80e+10     70.98    177.09   3310.23  -1809.70      0.00      1
1      4796 14.0       5.89e+09     86.17     51.36   4827.77  -5351.31      0.00      1
1      4797 14.0       1.41e+09     75.09    106.69   2265.62   1870.32      0.00      1
1      4798 14.0       2.09e+10     71.07    166.23   5534.49  -6282.18      0.00      0
1      4799 14.0       3.55e+09     85.71    341.92    618.44  -4703.89      0.00      1
