1    104100 5626.0     2.63e+09     86.69    308.73   3299.38  -5799.77      0.00      1
1    104101 5626.0     6.31e+09     82.91    229.31   4102.94  -5111.79      0.00      1
1    104102 5626.0     7.76e+10     83.59    285.57   4794.32  -2769.20      0.00      1
1    104103 5626.0     1.07e+09     78.78    211.90  -1469.08  -3636.01      0.00      1
1    104104 5626.0     1.41e+09     81.17    280.62   5384.66   -357.88      0.00      1
1    104105 5626.0     5.37e+10     66.45    296.10   2683.80  -2163.99      0.00      1
1    104106 5626.0     4.37e+10     76.30    166.67   3038.87  -8532.65      0.00      1
1    104107 5626.0     1.82e+09     87.80    172.49  -3267.18   2731.43      0.00      0
1    104108 5626.0     5.13e+09     73.74     57.53  -3076.68  -6112.69      0.00      1
1    104109 5626.0     7.41e+10     66.26    238.58  -1359.51    802.57      0.00      1
1    104110 5626.0     2.00e+10     75.27    106.35   -421.11   4422.13      0.00      1
1    104111 5626.0     1.55e+10     71.35    287.88   6037.53  -5763.97      0.00      1
1    104112 5626.0     4.47e+10     81.08    326.09   3534.35  -2028.11      0.00      1
1    104113 5626.0     1.20e+10     69.19    203.68   3377.10   2735.84      0.00      1
1    104114 5626.0     1.58e+09     67.55    102.72   6092.14    988.99      0.00      1
1    104115 5626.0     2.04e+09     86.64     74.61   -355.29  -2498.16      0.00      1
1    104116 5626.0     9.33e+09     81.09    237.36   2839.58  -7480.20      0.00      1
1    104117 5626.0     3.09e+09     70.09    136.72   -402.57  -8165.47      0.00      1
1    104118 5626.0     1.58e+09     84.72     94.20   2167.35  -1372.52      0.00      1
1    104119 5626.0     9.33e+09     72.59    133.21  -1310.86   5068.08      0.00      1
1    104120 5626.0     1.58e+09     65.51    141.13   1033.77  -5109.46      0.00      0
1    104121 5626.0     1.20e+10     76.81     19.14   4560.73  -6054.35      0.00      1
1    104122 5626.0     3.31e+09     76.48    174.71   6468.47  -3439.62      0.00      1
1    104123 5626.0     2.34e+10     86.44    158.30   -603.64   3583.63      0.00      1
1    104124 5626.0     3.63e+10     86.55     88.57   4349.38   4283.42      0.00      1
1    104125 5626.0     1.26e+10     76.74    223.30  -4052.23  -6297.45      0.00      1
1    104126 5626.0     2.09e+10     79.81    219.30  -3113.63  -7182.39      0.00      1
1    104127 5626.0     8.91e+09     67.24    352.02  -3181.16  -4651.43      0.00      1
1    104128 5626.0     4.47e+09     83.96    133.89   5796.46  -8855.93      0.00      1
1    104129 5626.0     1.07e+09     75.55    265.25   5365.84   5198.14      0.00      1
1    104130 5626.0     1.12e+09     80.25    194.49  -2789.80   4384.84      0.00      1
1    104131 5626.0     8.91e+09     68.55     51.90   4969.80   -230.66      0.00      1
1    104132 5626.0     7.08e+09     76.71    297.70  -3003.99  -7982.44      0.00      1
1    104133 5626.0     2.57e+10     86.43    247.87    233.84  -9556.77      0.00      1
1    104134 5626.0     3.80e+09     70.80     99.84   3829.29  -8443.84      0.00      1
1    104135 5626.0     2.14e+09     87.42    220.87   6239.78  -1273.39      0.00      0
1    104136 5626.0     1.95e+09     86.50    277.81  -3862.55  -2980.28      0.00      1
1    104137 5626.0     3.80e+09     70.75    343.67  -1274.59   5071.34      0.00      1
1    104138 5626.0     1.91e+09     81.05    258.39   -318.59  -5743.59      0.00      1
1    104139 5626.0     5.75e+10     74.72    237.50  -1279.70  -8912.71      0.00      1
1    104140 5626.0     4.47e+09     87.21    304.02   -440.33   2659.08      0.00      1
1    104141 5626.0     9.77e+09     75.74    327.76   5642.65 -10277.51      0.00      1
1    104142 5626.0     7.41e+10     76.72    202.58  -2031.07  -8302.64      0.00      1
1    104143 5626.0     5.62e+09     69.27    223.62  -2985.49  -9778.41      0.00      1
1    104144 5626.0     2.57e+10     75.09     78.85   6374.15  -8975.41      0.00      1
1    104145 5626.0     2.51e+09     68.71    340.58   3832.99  -6604.88      0.00      1
1    104146 5626.0     4.90e+09     70.41     24.84   1169.28  -3980.25      0.00      1
1    104147 5626.0     2.51e+09     82.92     91.40  -3273.79  -5701.52      0.00      1
1    104148 5626.0     6.46e+09     83.06    203.54   2904.55  -3342.58      0.00      1
1    104149 5626.0     1.91e+09     77.88    202.95   4006.44  -8767.07      0.00      1
1    104150 5626.0     2.88e+09     81.21    340.41   4921.67  -8524.59      0.00      1
1    104151 5626.0     3.72e+10     66.13    344.57   5109.53  -6053.30      0.00      1
1    104152 5626.0     7.59e+10     86.74     45.35  -2741.96 -10079.15      0.00      1
1    104153 5626.0     6.46e+09     69.72    335.95   4711.36  -7412.23      0.00      1
1    104154 5626.0     2.09e+10     69.37    340.98  -3303.05  -1423.67      0.00      1
1    104155 5626.0     9.55e+09     72.97    294.84  -3637.82 -10136.71      0.00      0
1    104156 5626.0     2.51e+09     86.80    115.67   3692.70  -7452.71      0.00      1
1    104157 5626.0     1.58e+09     82.52    165.25   5408.27   4712.08      0.00      1
1    104158 5626.0     3.55e+10     79.97    237.66   5401.87  -4702.35      0.00      1
1    104159 5626.0     7.24e+10     72.80    206.38  -3500.52  -8557.35      0.00      1
1    104160 5626.0     4.07e+09     77.44    146.56  -1524.68   1670.80      0.00      1
1    104161 5626.0     2.95e+10     87.96     41.37   2535.62  -3505.18      0.00      1
1    104162 5626.0     1.55e+09     76.63    157.03   2165.48  -6602.10      0.00      1
1    104163 5626.0     6.03e+10     79.12    144.76   -629.53 -10913.37      0.00      1
1    104164 5626.0     1.82e+09     77.99    145.36  -3098.87   1258.55      0.00      1
1    104165 5626.0     9.77e+10     84.78    325.35   2712.97    987.72      0.00      1
1    104166 5626.0     1.86e+10     67.90    313.40   2364.19  -8583.89      0.00      1
1    104167 5626.0     5.62e+09     67.73    180.39    339.68   1178.38      0.00      1
1    104168 5626.0     2.45e+10     69.06     64.00   2585.37  -8597.16      0.00      1
1    104169 5626.0     1.55e+09     82.36     70.61    831.51  -7695.93      0.00      1
1    104170 5626.0     3.89e+10     78.86    354.56  -3307.29   4335.69      0.00      1
1    104171 5626.0     2.88e+10     87.31    320.97   3083.60   -601.60      0.00      1
1    104172 5626.0     1.82e+10     70.08     43.85   3480.43  -9504.41      0.00      1
1    104173 5626.0     1.00e+11     84.31    311.61   2230.13  -1515.99      0.00      1
1    104174 5626.0     9.55e+10     66.42      1.31  -3302.99  -7882.56      0.00      1
1    104175 5626.0     1.41e+10     78.86    335.47  -4220.69   5083.55      0.00      1
1    104176 5626.0     6.61e+09     84.58     96.19   5463.28  -7952.11      0.00      1
1    104177 5626.0     4.57e+10     68.49    212.91   2438.41  -9870.75      0.00      1
1    104178 5626.0     1.62e+09     75.28    150.38      6.79     94.88      0.00      1
1    104179 5626.0     3.80e+10     86.43     10.99   1048.14  -5367.77      0.00      1
1    104180 5626.0     3.47e+09     67.33    260.74   1924.05   3349.83      0.00      1
1    104181 5626.0     7.24e+10     87.04    167.38  -3978.88  -4831.87      0.00      1
1    104182 5626.0     1.48e+10     69.18     62.50  -4134.04  -9234.40      0.00      0
1    104183 5626.0     1.70e+10     67.62     30.06  -2719.77 -10935.65      0.00      0
1    104184 5626.0     1.10e+10     83.05    245.64  -1594.67  -7747.60      0.00      1
1    104185 5626.0     9.77e+10     66.38     88.13   3491.63  -4188.28      0.00      0
1    104186 5626.0     1.45e+10     67.80    301.14  -3289.27  -7875.80      0.00      1
1    104187 5626.0     5.25e+10     82.98    248.32   2256.40   3259.90      0.00      1
1    104188 5626.0     1.66e+10     73.12    232.77   6117.37  -5948.16      0.00      1
1    104189 5626.0     1.51e+10     79.85    190.78   3896.99  -3196.59      0.00      1
1    104190 5626.0     1.26e+09     66.77     49.04   1444.53  -1769.57      0.00      1
1    104191 5626.0     5.62e+10     70.33    296.01   2979.52  -1094.71      0.00      1
1    104192 5626.0     7.41e+10     66.97    311.40   2308.14  -8066.77      0.00      0
1    104193 5626.0     5.01e+09     68.99    278.30  -3114.50  -5160.28      0.00      1
1    104194 5626.0     1.66e+10     68.70     69.67  -2740.50    796.19      0.00      1
1    104195 5626.0     1.23e+10     74.85     69.53   4669.89  -4337.18      0.00      1
1    104196 5626.0     1.91e+09     81.49    266.87  -1728.79  -9410.74      0.00      1
1    104197 5626.0     4.57e+10     77.99    184.69   5173.05   3523.11      0.00      1
1    104198 5626.0     3.55e+10     84.05    118.27    784.84  -6554.11      0.00      1
