1    101500 5626.0     1.02e+10     68.44    220.79   1250.13  -9602.64      0.00      0
1    101501 5626.0     2.69e+10     66.40    126.26   1695.46   -284.36      0.00      1
1    101502 5626.0     5.25e+09     84.31    250.09   1522.04  -9078.70      0.00      1
1    101503 5626.0     3.47e+09     83.49    354.18   1716.45  -2707.27      0.00      1
1    101504 5626.0     5.62e+09     75.85    120.51   5458.38  -4102.54      0.00      1
1    101505 5626.0     2.95e+09     75.05    139.92   1958.44  -6298.15      0.00      1
1    101506 5626.0     1.15e+09     85.48    175.64   2479.34  -1299.25      0.00      1
1    101507 5626.0     1.35e+09     81.91    115.29   -926.44  -5298.97      0.00      1
1    101508 5626.0     5.25e+10     82.53     27.19   4064.95  -4621.32      0.00      1
1    101509 5626.0     3.63e+09     86.82     33.66   2956.33   1039.15      0.00      1
1    101510 5626.0     4.79e+10     73.08    102.04   4493.52  -8295.49      0.00      1
1    101511 5626.0     1.58e+10     87.92    255.27   -869.26  -3020.40      0.00      1
1    101512 5626.0     9.33e+10     72.41    338.22   1433.86  -8491.61      0.00      1
1    101513 5626.0     7.24e+10     65.98    224.20   6210.86  -2664.03      0.00      0
1    101514 5626.0     4.17e+09     66.15    102.25   3850.12 -11184.65      0.00      0
1    101515 5626.0     5.62e+10     74.11     33.16   4585.78  -3855.16      0.00      1
1    101516 5626.0     5.13e+09     66.99    141.72   5877.74  -4070.25      0.00      1
1    101517 5626.0     8.32e+10     67.36    189.36   -595.79  -7431.45      0.00      1
1    101518 5626.0     7.76e+09     70.63    237.03  -1603.33  -5386.49      0.00      1
1    101519 5626.0     4.90e+09     75.03    302.42   3040.19   1710.66      0.00      1
1    101520 5626.0     7.94e+09     80.61     92.75  -4183.36  -4158.86      0.00      1
1    101521 5626.0     1.70e+09     72.41    306.73  -1269.86   -930.68      0.00      1
1    101522 5626.0     5.37e+09     84.25    244.38   2575.65   1620.39      0.00      1
1    101523 5626.0     1.74e+10     87.86    320.78    930.24  -5505.03      0.00      1
1    101524 5626.0     1.74e+10     69.44    336.73  -2888.99   1414.03      0.00      1
1    101525 5626.0     2.82e+10     66.67    235.75    273.08   2600.86      0.00      1
1    101526 5626.0     1.62e+10     72.97     13.44    343.39   3121.17      0.00      1
1    101527 5626.0     3.47e+10     66.17    182.27   -628.57  -3228.49      0.00      1
1    101528 5626.0     5.62e+10     86.47    262.14   2721.51  -2072.38      0.00      1
1    101529 5626.0     1.38e+09     85.06    250.87   1233.70   4941.48      0.00      1
1    101530 5626.0     1.17e+10     71.41    321.19   5137.08  -4175.89      0.00      1
1    101531 5626.0     7.59e+10     75.98    240.36  -2124.84    519.28      0.00      1
1    101532 5626.0     1.17e+10     73.06     13.95   2131.37 -11187.17      0.00      1
1    101533 5626.0     1.17e+10     81.60    302.70   6268.58  -6116.04      0.00      1
1    101534 5626.0     8.13e+10     75.51    318.68  -4085.78   1974.73      0.00      1
1    101535 5626.0     4.79e+09     76.79    102.93   3378.88   3862.77      0.00      1
1    101536 5626.0     5.01e+09     83.03    197.76   4100.53  -1002.54      0.00      1
1    101537 5626.0     1.15e+09     85.18    123.51  -2909.31  -5056.15      0.00      0
1    101538 5626.0     9.55e+09     69.93    342.00   2368.05  -2860.20      0.00      1
1    101539 5626.0     2.09e+09     79.39    209.13   -119.81  -5605.01      0.00      1
1    101540 5626.0     6.03e+09     79.27     29.29   2047.26  -7824.52      0.00      1
1    101541 5626.0     2.09e+10     86.55    145.80   -674.66   1368.56      0.00      1
1    101542 5626.0     1.17e+10     80.97     42.88    453.60  -3435.36      0.00      1
1    101543 5626.0     1.91e+10     78.38     44.51  -2403.52   -111.05      0.00      1
1    101544 5626.0     5.89e+10     72.74    207.11   2649.45   3470.15      0.00      1
1    101545 5626.0     3.31e+10     75.84    174.63   3053.59  -5853.67      0.00      1
1    101546 5626.0     1.55e+10     66.45    181.33   3177.88  -2256.01      0.00      1
1    101547 5626.0     5.50e+10     82.47     66.89  -1852.99    596.88      0.00      1
1    101548 5626.0     4.68e+09     78.82    287.00   6394.84  -6756.40      0.00      1
1    101549 5626.0     7.94e+10     79.20     94.81   -476.29  -8747.78      0.00      1
1    101550 5626.0     4.27e+10     73.23    240.78   -667.27    248.05      0.00      1
1    101551 5626.0     2.75e+09     81.91    238.23    611.86  -7863.98      0.00      1
1    101552 5626.0     5.01e+10     82.64    293.28    526.95   1887.40      0.00      1
1    101553 5626.0     8.32e+10     85.21    236.93    858.29  -8610.50      0.00      1
1    101554 5626.0     1.91e+09     73.47     41.77  -1104.28  -6890.79      0.00      1
1    101555 5626.0     4.27e+10     78.75    359.63   -607.32  -8264.49      0.00      1
1    101556 5626.0     2.45e+10     82.52    137.04   2920.85  -1295.64      0.00      1
1    101557 5626.0     8.71e+09     68.21    146.36    393.50  -3391.13      0.00      1
1    101558 5626.0     1.00e+10     73.08    163.98  -1463.70  -2432.28      0.00      1
1    101559 5626.0     1.74e+10     75.11     36.93   3203.89  -7976.52      0.00      1
1    101560 5626.0     1.05e+10     80.96    114.58    204.18   2340.67      0.00      1
1    101561 5626.0     1.70e+10     66.73    237.14  -1219.20   4794.58      0.00      0
1    101562 5626.0     6.31e+10     68.80     52.45   -770.85   5029.05      0.00      1
1    101563 5626.0     3.89e+10     78.37    281.04  -4097.87   4143.96      0.00      1
1    101564 5626.0     6.31e+10     82.79      5.81   6474.83   1453.73      0.00      1
1    101565 5626.0     2.51e+10     72.99    196.94  -3678.58  -6167.05      0.00      1
1    101566 5626.0     2.82e+10     77.53    332.84  -2447.38 -10607.47      0.00      1
1    101567 5626.0     8.32e+09     82.95     67.86   3552.27   3529.61      0.00      1
1    101568 5626.0     1.20e+10     87.13    153.44   5606.03  -6054.69      0.00      1
1    101569 5626.0     2.40e+10     86.59      4.78   5136.55 -11008.59      0.00      1
1    101570 5626.0     4.17e+10     87.23    227.12   2597.84    370.25      0.00      1
1    101571 5626.0     8.91e+10     79.36    120.70  -4143.21  -6079.53      0.00      1
1    101572 5626.0     7.08e+10     82.72     37.14  -2686.56  -7964.85      0.00      1
1    101573 5626.0     1.10e+10     74.56    226.97   2575.27  -4985.60      0.00      1
1    101574 5626.0     8.32e+10     84.19    159.00   2670.21  -4576.06      0.00      1
1    101575 5626.0     2.45e+09     84.75    290.53   5119.49  -9017.58      0.00      1
1    101576 5626.0     5.01e+10     77.05    194.07   1851.40  -6571.54      0.00      1
1    101577 5626.0     1.35e+09     74.85     97.44  -3698.97  -4027.44      0.00      1
1    101578 5626.0     1.38e+09     72.90    207.25   -489.18   2202.77      0.00      1
1    101579 5626.0     8.71e+10     74.96    317.25   -740.38  -2566.11      0.00      1
1    101580 5626.0     3.02e+10     78.17     63.36  -3329.03  -2992.99      0.00      1
1    101581 5626.0     2.19e+10     72.84    258.78   -513.53  -3671.70      0.00      1
1    101582 5626.0     9.55e+09     86.98    179.98  -2419.24  -2669.86      0.00      1
1    101583 5626.0     6.61e+10     76.96      7.58  -1040.60   3781.06      0.00      1
1    101584 5626.0     4.37e+10     68.92    119.21    228.13  -5308.02      0.00      1
1    101585 5626.0     3.47e+09     80.04     34.88   5957.73   2242.04      0.00      1
1    101586 5626.0     1.82e+10     75.46    226.95   2627.53   4467.59      0.00      1
1    101587 5626.0     1.86e+10     69.92     89.18  -3047.73  -3720.20      0.00      1
1    101588 5626.0     6.31e+09     82.26    261.50    306.56   4171.00      0.00      1
1    101589 5626.0     1.12e+09     84.25    242.27   4755.16   1113.47      0.00      1
1    101590 5626.0     2.00e+10     76.81    181.63  -3461.75   2283.92      0.00      1
1    101591 5626.0     9.77e+10     65.24    253.64  -1785.08   3296.51      0.00      1
1    101592 5626.0     9.77e+10     69.67    332.16  -2014.92   4932.88      0.00      0
1    101593 5626.0     4.27e+10     67.58     92.49  -1491.47  -9252.06      0.00      0
1    101594 5626.0     1.70e+09     83.50     51.53  -2671.92  -5087.68      0.00      1
1    101595 5626.0     1.74e+10     76.96     62.81  -1689.37   -293.50      0.00      1
1    101596 5626.0     8.51e+09     69.39     28.55   2965.98  -5614.27      0.00      1
1    101597 5626.0     2.00e+10     66.42    355.80   2465.02  -7824.22      0.00      1
1    101598 5626.0     3.89e+09     76.39    264.53   4463.03  -7211.29      0.00      1
1    101599 5626.0     8.51e+09     83.96     67.27   1901.45 -10931.29      0.00      1
