1      7300 14.0       1.95e+08     67.07    146.17   3311.10  -6432.81      0.00      0
1      7301 14.0       7.76e+08     85.94     37.81   -938.41  -9376.32      0.00      0
1      7302 14.0       1.74e+08     65.84    296.87   3302.38  -6536.58      0.00      0
1      7303 14.0       7.59e+08     77.89    324.74   1853.94  -5722.06      0.00      1
1      7304 14.0       2.19e+08     87.96    352.58   4901.64   1213.99      0.00      0
1      7305 14.0       7.08e+08     65.04    288.63   5805.11 -10309.72      0.00      0
1      7306 14.0       5.25e+08     77.92    359.69  -3818.44 -10027.20      0.00      1
1      7307 14.0       1.45e+08     70.50    118.06  -3247.78   3566.55      0.00      0
1      7308 14.0       8.13e+08     86.13    338.56  -3152.33   4393.56      0.00      0
1      7309 14.0       2.82e+08     67.39     10.13  -2075.70 -10739.34      0.00      0
1      7310 14.0       6.46e+08     76.54    121.61  -1797.61  -3156.97      0.00      1
1      7311 14.0       2.69e+08     87.47      5.76  -2970.41    585.16      0.00      0
1      7312 14.0       4.27e+08     66.18    246.06    171.33 -11070.31      0.00      0
1      7313 14.0       1.20e+08     75.64    125.84  -4267.26  -7404.68      0.00      0
1      7314 14.0       1.07e+08     85.80    149.21    950.53 -10345.12      0.00      0
1      7315 14.0       1.10e+08     67.25    317.68   3559.71   4741.52      0.00      0
1      7316 14.0       1.62e+08     73.69    349.29    229.49    272.74      0.00      1
1      7317 14.0       3.80e+08     73.06      6.00   2533.34 -10041.84      0.00      1
1      7318 14.0       1.29e+08     68.49    236.06   3141.11  -5382.48      0.00      0
1      7319 14.0       2.95e+08     69.68    260.39   3100.24   -238.64      0.00      0
1      7320 14.0       4.07e+08     74.02     13.59  -3574.72  -5173.74      0.00      1
1      7321 14.0       1.91e+08     71.70     32.61   -478.67  -9010.68      0.00      0
1      7322 14.0       1.20e+08     74.87    187.30   1892.69   1528.97      0.00      0
1      7323 14.0       2.82e+08     70.28    106.43  -2059.42  -8434.48      0.00      0
1      7324 14.0       5.01e+08     74.80    122.47  -1135.70    422.79      0.00      1
1      7325 14.0       7.59e+08     77.30     46.19  -3217.00   -239.07      0.00      1
1      7326 14.0       2.00e+08     81.43    186.00   6267.21   3808.45      0.00      0
1      7327 14.0       1.29e+08     66.78    204.02   4808.79   2455.75      0.00      0
1      7328 14.0       1.95e+08     86.72    356.62   -854.08    447.78      0.00      0
1      7329 14.0       8.71e+08     81.80    356.52   2768.71  -1778.71      0.00      1
1      7330 14.0       2.75e+08     82.22     20.41  -3153.93   1731.88      0.00      0
1      7331 14.0       5.25e+08     81.65    190.33   3670.56  -1932.53      0.00      1
1      7332 14.0       6.92e+08     73.57    340.66   6075.34  -1951.64      0.00      1
1      7333 14.0       1.00e+08     87.68     65.73   6328.05   -212.82      0.00      0
1      7334 14.0       1.51e+08     67.10    126.96    821.27  -8315.49      0.00      0
1      7335 14.0       7.08e+08     67.06     61.45   1202.40   2942.93      0.00      1
1      7336 14.0       3.31e+08     70.47    286.87   5397.45   1847.09      0.00      1
1      7337 14.0       3.09e+08     70.91    278.57    879.87   1913.97      0.00      1
1      7338 14.0       8.32e+08     67.25    111.70   -646.99  -9142.63      0.00      0
1      7339 14.0       4.68e+08     77.15    235.44   5359.75    325.71      0.00      1
1      7340 14.0       2.63e+08     81.43     91.99   1031.29   1843.50      0.00      0
1      7341 14.0       5.37e+08     76.03    192.05   1234.30  -9902.88      0.00      1
1      7342 14.0       2.63e+08     68.86    102.46   1661.61   3726.94      0.00      0
1      7343 14.0       2.40e+08     78.11    153.56   1509.58  -5736.72      0.00      0
1      7344 14.0       3.63e+08     77.16     92.20    939.76  -4123.87      0.00      1
1      7345 14.0       5.13e+08     80.11    164.71  -4293.40  -8726.15      0.00      1
1      7346 14.0       1.07e+08     85.62    177.93    389.83  -1005.57      0.00      0
1      7347 14.0       8.71e+08     70.07    259.85   6479.71  -9885.65      0.00      0
1      7348 14.0       1.29e+08     81.56     17.95   3842.90  -4163.96      0.00      0
1      7349 14.0       3.89e+08     66.94    168.34   4992.29  -2226.85      0.00      0
1      7350 14.0       8.13e+08     76.99     22.74  -1315.39    538.74      0.00      1
1      7351 14.0       4.57e+08     71.81    357.58   1265.36   4259.63      0.00      1
1      7352 14.0       3.39e+08     70.61    314.94   4789.40  -7277.58      0.00      1
1      7353 14.0       1.41e+08     85.90    197.19   1000.21   2283.40      0.00      0
1      7354 14.0       2.88e+08     82.71    330.76   3679.70   -733.95      0.00      0
1      7355 14.0       1.45e+08     77.62    328.87   -404.20  -1996.81      0.00      0
1      7356 14.0       8.51e+08     68.29    344.79  -1032.69  -9454.81      0.00      1
1      7357 14.0       5.37e+08     77.85      9.86  -3212.09   2236.63      0.00      1
1      7358 14.0       2.51e+08     73.35    183.45   6323.00  -4686.83      0.00      1
1      7359 14.0       1.91e+08     72.88    264.21  -1833.36   4481.73      0.00      0
1      7360 14.0       2.95e+08     84.86    110.88   4597.55  -3794.25      0.00      0
1      7361 14.0       1.62e+08     74.42     41.77   4636.36  -2764.38      0.00      0
1      7362 14.0       1.17e+08     72.68    138.35   4142.24  -8371.05      0.00      0
1      7363 14.0       2.04e+08     70.75    136.92  -3358.31  -6264.09      0.00      0
1      7364 14.0       4.68e+08     73.05    294.49  -3679.89   1755.23      0.00      1
1      7365 14.0       2.29e+08     82.07    244.42  -1733.85  -4410.44      0.00      0
1      7366 14.0       7.41e+08     68.25    197.87   1483.10  -4273.68      0.00      0
1      7367 14.0       3.16e+08     80.09    196.97   4813.38  -6651.60      0.00      1
1      7368 14.0       9.77e+08     66.83    125.15   -109.31   4286.39      0.00      1
1      7369 14.0       3.98e+08     84.44     71.28   5037.36  -8960.51      0.00      0
1      7370 14.0       1.38e+08     71.21    215.53   4359.82   4019.86      0.00      0
1      7371 14.0       1.82e+08     72.58     61.56     56.92  -7016.24      0.00      0
1      7372 14.0       1.23e+08     74.28    275.54    631.58  -9935.61      0.00      0
1      7373 14.0       4.17e+08     81.80     67.73   3882.65  -6073.11      0.00      1
1      7374 14.0       9.12e+08     83.29    152.70   6265.73  -1749.53      0.00      1
1      7375 14.0       7.76e+08     79.99     26.04   3389.35   1460.18      0.00      1
1      7376 14.0       2.82e+08     70.40     96.53   2753.03   4233.48      0.00      0
1      7377 14.0       2.19e+08     78.11    116.58  -1465.14  -3632.53      0.00      0
1      7378 14.0       1.62e+08     86.50    134.80  -1501.64 -10022.04      0.00      0
1      7379 14.0       4.57e+08     65.55     46.98   2079.51   3703.09      0.00      0
1      7380 14.0       5.25e+08     86.14    334.68  -3022.08  -5717.83      0.00      0
1      7381 14.0       1.78e+08     77.44    108.81   2817.20  -7498.53      0.00      0
1      7382 14.0       8.91e+08     65.98    110.88   6374.92   2358.51      0.00      0
1      7383 14.0       1.95e+08     68.02    163.16   3688.43   2716.49      0.00      0
1      7384 14.0       1.07e+08     81.62     61.00   5464.29   4219.64      0.00      0
1      7385 14.0       1.29e+08     83.18     42.71   -287.48  -7264.91      0.00      0
1      7386 14.0       2.29e+08     87.99    173.54   3441.40  -9201.04      0.00      0
1      7387 14.0       1.35e+08     65.83    227.73  -4062.18  -4206.42      0.00      0
1      7388 14.0       1.15e+08     84.87    337.72  -1315.22  -8105.44      0.00      0
1      7389 14.0       8.51e+08     78.78     88.45   2931.28  -9753.15      0.00      1
1      7390 14.0       3.24e+08     75.77     32.65  -3701.22  -3697.86      0.00      1
1      7391 14.0       2.69e+08     72.84    334.82  -3060.07  -5132.32      0.00      1
1      7392 14.0       1.48e+08     82.77    160.46    365.67  -1895.35      0.00      0
1      7393 14.0       6.03e+08     86.00     15.75  -2142.12  -3049.84      0.00      0
1      7394 14.0       2.29e+08     69.57    223.81  -4213.02  -7625.22      0.00      0
1      7395 14.0       9.55e+08     84.22    317.72  -1911.33  -7294.67      0.00      1
1      7396 14.0       6.61e+08     77.04    265.69  -3232.59  -7099.68      0.00      1
1      7397 14.0       9.33e+08     69.12     47.50   1071.99  -1287.37      0.00      1
1      7398 14.0       3.24e+08     72.99     95.58   6036.44  -9280.14      0.00      0
1      7399 14.0       2.19e+08     72.31    310.95   4398.51  -2917.93      0.00      0
