1    105700 5626.0     1.51e+08     71.59    234.82    454.49 -10177.27      0.00      0
1    105701 5626.0     1.55e+08     87.61    239.88   4258.30  -4518.51      0.00      0
1    105702 5626.0     2.14e+08     85.09    215.23    995.17  -8247.09      0.00      0
1    105703 5626.0     4.07e+08     78.76    328.55   -466.66  -9686.12      0.00      1
1    105704 5626.0     1.38e+08     84.92    108.90  -1902.63  -7114.34      0.00      0
1    105705 5626.0     1.32e+08     80.24    133.08   3590.08    261.26      0.00      0
1    105706 5626.0     4.47e+08     65.29    207.93    350.06  -7545.22      0.00      0
1    105707 5626.0     5.89e+08     84.47    259.34    208.44  -8141.50      0.00      0
1    105708 5626.0     6.31e+08     76.27    106.41   4162.62   -164.59      0.00      1
1    105709 5626.0     7.94e+08     73.15    203.17   4443.49  -3533.94      0.00      1
1    105710 5626.0     9.12e+08     74.69    231.58  -3608.90  -8715.56      0.00      1
1    105711 5626.0     1.45e+08     81.29     31.91   1840.87   2135.94      0.00      0
1    105712 5626.0     4.27e+08     87.91    238.89   4861.71   2576.70      0.00      0
1    105713 5626.0     1.35e+08     68.70    252.68  -2564.84   -159.53      0.00      0
1    105714 5626.0     5.89e+08     76.58     15.32   3069.33   1678.17      0.00      1
1    105715 5626.0     3.31e+08     76.21    117.82   4890.25  -1732.59      0.00      1
1    105716 5626.0     6.61e+08     87.95     70.26  -3808.28  -3564.32      0.00      0
1    105717 5626.0     1.78e+08     76.73     46.17   4851.35  -5894.10      0.00      0
1    105718 5626.0     8.51e+08     82.51    280.67   -157.97 -11036.74      0.00      1
1    105719 5626.0     1.32e+08     84.06    288.25   1428.84  -3914.03      0.00      0
1    105720 5626.0     2.04e+08     83.79    267.83   1751.85  -9995.00      0.00      0
1    105721 5626.0     5.25e+08     73.41    238.77   6336.25 -10566.09      0.00      0
1    105722 5626.0     2.40e+08     67.56    343.85  -2858.30   4769.83      0.00      0
1    105723 5626.0     4.27e+08     84.12     47.39  -3898.89   2545.41      0.00      0
1    105724 5626.0     1.70e+08     68.98    334.32  -2913.21  -2902.85      0.00      0
1    105725 5626.0     1.86e+08     78.59    236.24  -1868.98  -7186.88      0.00      0
1    105726 5626.0     7.24e+08     87.49    299.49   1717.55    448.84      0.00      0
1    105727 5626.0     3.72e+08     76.47     38.18   1086.78   3710.07      0.00      1
1    105728 5626.0     7.24e+08     70.59     96.26   5455.67   5102.30      0.00      0
1    105729 5626.0     1.95e+08     76.79    253.98   1852.25    476.91      0.00      0
1    105730 5626.0     3.02e+08     82.05    278.80    501.66  -6247.90      0.00      0
1    105731 5626.0     1.07e+08     86.08    178.86   3331.32    434.30      0.00      0
1    105732 5626.0     1.35e+08     79.21      4.15    253.69  -6985.44      0.00      0
1    105733 5626.0     1.48e+08     82.36    288.77   4523.76   4290.35      0.00      0
1    105734 5626.0     2.00e+08     79.02    288.02   2468.32  -8111.71      0.00      0
1    105735 5626.0     1.00e+09     75.36    173.60   1399.06  -2370.76      0.00      1
1    105736 5626.0     4.57e+08     75.43    174.23   6160.79   2402.25      0.00      1
1    105737 5626.0     5.50e+08     81.96    354.36   2426.34  -1034.34      0.00      1
1    105738 5626.0     3.80e+08     69.59    161.17  -2974.06   4992.94      0.00      0
1    105739 5626.0     1.95e+08     87.52    281.72   2248.36  -8080.92      0.00      0
1    105740 5626.0     2.45e+08     69.96     61.04  -1266.01   -133.62      0.00      1
1    105741 5626.0     1.74e+08     75.83     95.51  -3187.86  -6554.30      0.00      0
1    105742 5626.0     1.32e+08     77.45    301.89  -1140.93  -6738.63      0.00      0
1    105743 5626.0     1.10e+08     78.35    295.48   -266.95    912.70      0.00      0
1    105744 5626.0     9.55e+08     87.25    359.15   5645.15  -9598.66      0.00      0
1    105745 5626.0     3.24e+08     82.50    200.23   1391.92    870.20      0.00      0
1    105746 5626.0     1.23e+08     79.02      9.28   6083.66   -762.30      0.00      0
1    105747 5626.0     3.47e+08     69.00    322.72   5862.64  -5824.64      0.00      0
1    105748 5626.0     1.51e+08     72.89    174.65  -2086.62    984.13      0.00      0
1    105749 5626.0     5.50e+08     75.16     33.84    957.73  -4437.70      0.00      1
1    105750 5626.0     2.95e+08     75.94    109.80    642.38   3230.02      0.00      1
1    105751 5626.0     7.76e+08     65.57    155.04   5682.27  -5282.91      0.00      0
1    105752 5626.0     2.57e+08     65.09    130.70  -2217.81   1922.37      0.00      0
1    105753 5626.0     1.23e+08     66.54    161.72  -2559.35  -4560.70      0.00      0
1    105754 5626.0     2.51e+08     77.78    331.17  -3071.21  -8628.20      0.00      0
1    105755 5626.0     3.02e+08     71.26    355.21  -4106.76  -9676.95      0.00      0
1    105756 5626.0     3.24e+08     68.95    328.33  -2148.45    901.22      0.00      1
1    105757 5626.0     4.37e+08     74.86     36.54   4796.52   1459.05      0.00      1
1    105758 5626.0     1.45e+08     77.79    326.31   6074.46     55.63      0.00      0
1    105759 5626.0     1.07e+08     85.97     69.21   5662.26   4624.28      0.00      0
1    105760 5626.0     1.66e+08     77.46      9.12   4362.59   3802.99      0.00      0
1    105761 5626.0     1.51e+08     65.40     94.05  -2075.72  -5590.71      0.00      0
1    105762 5626.0     7.24e+08     68.66     36.94  -3653.18   4903.57      0.00      0
1    105763 5626.0     6.61e+08     82.78     69.64  -3974.31   3141.66      0.00      1
1    105764 5626.0     1.70e+08     81.67    259.47   -438.30 -10432.12      0.00      0
1    105765 5626.0     2.00e+08     70.00    331.61   4698.85   1880.04      0.00      0
1    105766 5626.0     8.51e+08     81.50    153.59  -3274.34 -10958.88      0.00      1
1    105767 5626.0     5.62e+08     85.35     12.88  -4241.11  -5977.85      0.00      0
1    105768 5626.0     4.27e+08     80.19     88.60   -736.27  -2667.84      0.00      1
1    105769 5626.0     1.82e+08     77.63     51.39  -2854.26  -3472.80      0.00      0
1    105770 5626.0     4.79e+08     73.35     46.36   1368.25  -2256.59      0.00      1
1    105771 5626.0     1.05e+08     76.45     22.80   3909.66  -3374.00      0.00      0
1    105772 5626.0     7.59e+08     68.46    128.17  -3522.40   4703.66      0.00      0
1    105773 5626.0     5.89e+08     85.83     49.24   1281.54  -9401.75      0.00      0
1    105774 5626.0     4.68e+08     85.86    349.25   2766.08  -2600.95      0.00      0
1    105775 5626.0     1.86e+08     74.09    234.73   -970.91   -169.66      0.00      0
1    105776 5626.0     1.23e+08     80.96    294.06   5736.32  -3418.33      0.00      0
1    105777 5626.0     3.72e+08     83.62    123.72   6356.81 -10862.24      0.00      0
1    105778 5626.0     7.08e+08     69.54     66.31    -43.35  -9145.36      0.00      1
1    105779 5626.0     2.09e+08     79.42    124.73   3261.21   2509.89      0.00      0
1    105780 5626.0     2.69e+08     68.15    161.27   5611.34   3152.30      0.00      0
1    105781 5626.0     4.90e+08     82.72    274.07   5459.56   5108.81      0.00      0
1    105782 5626.0     2.88e+08     72.68    339.26   1654.07  -5488.87      0.00      1
1    105783 5626.0     7.08e+08     86.01    109.69  -3566.96    468.51      0.00      0
1    105784 5626.0     6.76e+08     86.43    232.22  -1786.89   5183.58      0.00      0
1    105785 5626.0     5.37e+08     72.94    244.11    253.41  -4323.82      0.00      1
1    105786 5626.0     2.00e+08     78.46    325.33  -1937.33   1869.85      0.00      0
1    105787 5626.0     1.23e+08     80.95      0.13   5284.32  -4882.31      0.00      0
1    105788 5626.0     2.88e+08     84.59    170.83   4546.43  -5185.28      0.00      0
1    105789 5626.0     6.03e+08     65.33    350.29   -421.15  -5560.33      0.00      0
1    105790 5626.0     2.57e+08     80.25    260.57  -1329.82  -5633.52      0.00      0
1    105791 5626.0     3.39e+08     80.74    101.80  -3578.40 -10766.34      0.00      0
1    105792 5626.0     7.76e+08     86.66    107.54   -892.73   3873.11      0.00      0
1    105793 5626.0     2.69e+08     79.10    329.89  -3571.38   4196.83      0.00      0
1    105794 5626.0     6.17e+08     67.47     91.45   3304.23  -8915.08      0.00      0
1    105795 5626.0     7.24e+08     80.79    135.88   -175.80   2414.61      0.00      1
1    105796 5626.0     7.59e+08     70.74    179.32  -1147.07  -4703.57      0.00      1
1    105797 5626.0     9.55e+08     87.50    102.63   1161.13   1479.59      0.00      0
1    105798 5626.0     1.58e+08     75.10     40.54   4780.45 -11118.49      0.00      0
1    105799 5626.0     3.72e+08     81.61     77.83     92.81  -2818.51      0.00      1
