1      5300 14.0       1.38e+08     68.44    330.24  -1296.16  -4242.30      0.00      0
1      5301 14.0       6.03e+08     66.24    352.86  -2157.57   -262.21      0.00      1
1      5302 14.0       1.41e+08     86.55    354.77   6332.60   1474.37      0.00      0
1      5303 14.0       2.04e+08     85.17    346.75   4381.55  -1789.21      0.00      0
1      5304 14.0       2.95e+08     70.16     11.35  -4102.00   3797.63      0.00      0
1      5305 14.0       1.95e+08     83.63    231.75   4225.88  -6714.45      0.00      0
1      5306 14.0       6.61e+08     74.63    237.03   -343.43   -154.42      0.00      1
1      5307 14.0       4.57e+08     81.87     62.64   5421.16 -11244.73      0.00      0
1      5308 14.0       6.31e+08     81.53     58.18   -379.69  -3362.49      0.00      1
1      5309 14.0       2.95e+08     77.05    210.49   6020.29  -5128.92      0.00      1
1      5310 14.0       2.00e+08     76.01    242.58   3750.69  -6493.67      0.00      0
1      5311 14.0       6.31e+08     72.21    214.96    707.42  -6268.63      0.00      1
1      5312 14.0       3.24e+08     69.96      8.46   1592.07 -11292.75      0.00      0
1      5313 14.0       5.50e+08     81.39    330.65   1706.87   3468.08      0.00      1
1      5314 14.0       1.23e+08     75.66    308.62    114.42   2850.36      0.00      0
1      5315 14.0       1.48e+08     71.07    191.91  -1469.34   -836.00      0.00      0
1      5316 14.0       2.51e+08     78.03    279.13   6445.15   1764.89      0.00      0
1      5317 14.0       5.37e+08     71.12    269.60   5260.14   5190.40      0.00      0
1      5318 14.0       3.09e+08     72.81    162.93   5512.16  -3229.81      0.00      1
1      5319 14.0       4.17e+08     75.38      8.55   -659.64  -4188.43      0.00      1
1      5320 14.0       8.32e+08     73.57    305.58   -501.68  -6141.08      0.00      1
1      5321 14.0       8.32e+08     78.84    306.10  -3412.29  -7719.40      0.00      1
1      5322 14.0       8.51e+08     70.00     36.82   6293.52   3617.21      0.00      0
1      5323 14.0       2.34e+08     66.13     55.58   5925.43   3693.60      0.00      0
1      5324 14.0       1.12e+08     75.12    230.08   1316.82   -932.87      0.00      0
1      5325 14.0       5.01e+08     73.86    139.28    203.14  -6752.73      0.00      1
1      5326 14.0       8.13e+08     80.56     97.96  -2826.32  -8717.04      0.00      1
1      5327 14.0       1.20e+08     74.02    241.89   1581.95   4708.96      0.00      0
1      5328 14.0       4.79e+08     79.04    351.41   4414.89    600.96      0.00      1
1      5329 14.0       6.31e+08     72.95    148.83  -2795.51  -6620.51      0.00      1
1      5330 14.0       3.72e+08     75.73    330.74   4541.52  -8613.08      0.00      1
1      5331 14.0       1.00e+09     66.40    111.73   -960.58  -8992.77      0.00      0
1      5332 14.0       5.62e+08     79.76    100.02  -1249.04  -3724.10      0.00      1
1      5333 14.0       1.86e+08     82.52    203.30   4070.03  -5204.80      0.00      0
1      5334 14.0       8.13e+08     83.98     23.83   5631.59  -2273.21      0.00      1
1      5335 14.0       9.77e+08     81.92    115.01   5602.61   1674.42      0.00      1
1      5336 14.0       6.61e+08     74.19    220.23   2722.06  -4376.79      0.00      1
1      5337 14.0       1.05e+08     65.22    254.25   5019.88   1731.26      0.00      0
1      5338 14.0       9.55e+08     69.28    252.79  -1267.48  -8439.61      0.00      1
1      5339 14.0       1.70e+08     86.54    159.29  -3405.95   4340.27      0.00      0
1      5340 14.0       3.89e+08     82.07    239.80    851.61   4178.93      0.00      1
1      5341 14.0       6.46e+08     71.07    171.97   1029.42   2541.86      0.00      1
1      5342 14.0       3.63e+08     65.26    201.59  -1319.65   2586.12      0.00      0
1      5343 14.0       1.15e+08     68.84    359.95   -352.95  -8806.62      0.00      0
1      5344 14.0       7.94e+08     79.64    180.50   1056.70  -3861.80      0.00      1
1      5345 14.0       1.82e+08     65.79    189.60  -3555.31  -1906.69      0.00      0
1      5346 14.0       1.07e+08     71.81     74.48  -3970.26   3741.47      0.00      0
1      5347 14.0       1.86e+08     72.67     78.73   6404.50  -7986.90      0.00      0
1      5348 14.0       9.55e+08     75.14     47.28   5510.74  -3422.24      0.00      1
1      5349 14.0       3.55e+08     69.35     31.57    523.94  -1405.10      0.00      1
1      5350 14.0       2.57e+08     81.75    199.47   2287.48  -4822.55      0.00      0
1      5351 14.0       2.45e+08     84.02    266.25    213.53  -2461.99      0.00      0
1      5352 14.0       7.94e+08     71.30    205.51  -2270.51  -5295.46      0.00      1
1      5353 14.0       3.24e+08     84.62    166.34   4956.71    992.01      0.00      0
1      5354 14.0       7.08e+08     66.53    328.15   1815.90    382.87      0.00      1
1      5355 14.0       3.80e+08     79.88    160.54    580.44   2339.57      0.00      1
1      5356 14.0       1.35e+08     76.02    276.20   1863.32   1118.17      0.00      0
1      5357 14.0       1.15e+08     78.21    255.64   1995.72  -1380.99      0.00      0
1      5358 14.0       1.15e+08     87.74    358.27   2407.99  -1259.93      0.00      0
1      5359 14.0       7.59e+08     69.71    239.08   5944.90  -7742.28      0.00      1
1      5360 14.0       9.77e+08     83.44    255.94   6087.07    628.18      0.00      1
1      5361 14.0       3.47e+08     83.42    175.81   5552.69   2740.31      0.00      0
1      5362 14.0       6.31e+08     84.59    232.54   4932.50  -5724.32      0.00      0
1      5363 14.0       9.12e+08     78.19    241.83   6372.97   3866.34      0.00      1
1      5364 14.0       2.40e+08     77.22    188.14    265.28   -355.12      0.00      1
1      5365 14.0       5.13e+08     77.42    315.25   -327.85  -3775.07      0.00      1
1      5366 14.0       1.95e+08     86.11     30.26  -3914.05   1972.49      0.00      0
1      5367 14.0       6.76e+08     70.30    323.23  -2008.97  -7998.46      0.00      1
1      5368 14.0       2.14e+08     77.65    237.49  -3464.29  -6085.27      0.00      0
1      5369 14.0       1.23e+08     77.73    303.84   -755.85 -11247.58      0.00      0
1      5370 14.0       4.17e+08     85.39     96.51  -2173.53  -9717.48      0.00      0
1      5371 14.0       3.02e+08     66.96    105.55  -2011.18  -5760.14      0.00      0
1      5372 14.0       1.20e+08     87.80    279.23  -3336.89  -2128.47      0.00      0
1      5373 14.0       7.59e+08     69.44     99.61   1396.57  -2826.17      0.00      1
1      5374 14.0       1.35e+08     67.04     98.63   2117.82   2578.78      0.00      0
1      5375 14.0       1.91e+08     73.93    187.50   2784.47    457.75      0.00      1
1      5376 14.0       4.79e+08     69.71      0.19   1227.83  -7716.35      0.00      1
1      5377 14.0       1.12e+08     82.58    224.23  -4081.96  -9158.98      0.00      0
1      5378 14.0       1.66e+08     81.06     21.87    337.05   -662.93      0.00      0
1      5379 14.0       7.76e+08     87.00    314.90   2113.85    906.04      0.00      0
1      5380 14.0       2.95e+08     71.79    288.64  -2586.16    851.51      0.00      1
1      5381 14.0       1.78e+08     75.66    303.18  -2144.84  -7213.09      0.00      0
1      5382 14.0       2.24e+08     79.27    300.66   2821.32  -2746.84      0.00      0
1      5383 14.0       1.12e+08     69.66    117.43   3351.15  -5664.30      0.00      0
1      5384 14.0       5.37e+08     86.68    120.17  -1921.09  -5077.61      0.00      0
1      5385 14.0       1.07e+08     86.22    278.59   3383.63  -6245.36      0.00      0
1      5386 14.0       7.76e+08     75.79    242.16   3724.13  -3195.70      0.00      1
1      5387 14.0       1.86e+08     85.65    132.41   1156.67   4031.42      0.00      0
1      5388 14.0       2.40e+08     82.32    232.09   3479.45   2614.10      0.00      0
1      5389 14.0       2.34e+08     72.22     38.43   3042.99   3751.74      0.00      0
1      5390 14.0       1.05e+08     71.65    128.33   3879.62  -6726.50      0.00      0
1      5391 14.0       7.59e+08     86.50     75.28   5870.02  -1877.18      0.00      0
1      5392 14.0       3.47e+08     84.49    229.73   3764.44  -9546.66      0.00      0
1      5393 14.0       1.91e+08     78.93    113.75  -2243.14  -2726.00      0.00      0
1      5394 14.0       3.31e+08     66.93    285.79   2613.93    207.49      0.00      1
1      5395 14.0       2.24e+08     74.60    335.71   3128.58  -3175.81      0.00      1
1      5396 14.0       1.66e+08     74.12    314.83  -2725.59   1982.06      0.00      0
1      5397 14.0       3.39e+08     85.70      5.69   5713.51  -1948.29      0.00      0
1      5398 14.0       1.48e+08     83.08     19.09   3451.03  -9416.75      0.00      0
1      5399 14.0       1.23e+08     81.61    352.90   3968.26  -6177.04      0.00      0
