1         0 14.0       6.46e+09     84.14    326.45  -1409.89  -9156.58      0.00      1
1         1 14.0       1.74e+09     74.69    280.07  -2265.59  -3757.70      0.00      1
1         2 14.0       8.13e+09     81.67     28.99   3891.68  -6021.95      0.00      1
1         3 14.0       2.34e+09     85.26     39.64    891.54    343.81      0.00      1
1         4 14.0       1.15e+10     77.04    177.76   1094.44  -5121.38      0.00      1
1         5 14.0       9.12e+09     72.76    264.95   -360.84  -4053.68      0.00      1
1         6 14.0       4.57e+09     79.11    254.51   6347.89 -10911.21      0.00      1
1         7 14.0       4.27e+09     68.37    122.45  -2192.48  -7532.29      0.00      1
1         8 14.0       1.51e+09     70.87    298.80   -966.05  -6580.92      0.00      1
1         9 14.0       1.10e+10     65.61    277.02   1174.92   -568.01      0.00      1
1        10 14.0       5.62e+10     81.74    255.71   3078.47  -7760.94      0.00      1
1        11 14.0       2.63e+10     65.47    359.92   3630.98  -4522.58      0.00      1
1        12 14.0       3.63e+10     77.22    136.42   6071.94  -5000.15      0.00      1
1        13 14.0       2.88e+10     74.19     41.82   3588.55   3684.58      0.00      1
1        14 14.0       5.50e+10     73.79    339.14   1907.19  -1587.90      0.00      1
1        15 14.0       9.33e+09     79.11    255.67   -815.06 -10869.27      0.00      1
1        16 14.0       1.51e+09     80.28    292.30  -3783.65    344.36      0.00      1
1        17 14.0       1.05e+10     66.85    135.48  -2048.69   4351.64      0.00      0
1        18 14.0       6.46e+10     73.24     90.03   5785.58   1094.58      0.00      1
1        19 14.0       2.45e+09     65.24    206.53   2001.95 -10379.76      0.00      0
1        20 14.0       4.47e+09     74.67    286.32   6455.09  -2927.00      0.00      1
1        21 14.0       5.75e+10     81.80    239.51   6311.23   4170.25      0.00      1
1        22 14.0       9.33e+09     73.23    172.88   3808.55  -4794.84      0.00      1
1        23 14.0       3.24e+09     73.86     66.81  -1897.75  -3622.22      0.00      1
1        24 14.0       2.34e+09     79.99    179.25   1859.23 -10486.26      0.00      1
1        25 14.0       1.86e+09     83.33    345.33  -3501.15  -8209.79      0.00      1
1        26 14.0       3.63e+10     73.90    186.11   -245.27  -9480.55      0.00      1
1        27 14.0       3.39e+09     84.97     86.04   3100.10   4772.50      0.00      1
1        28 14.0       2.57e+10     78.64    203.32   6038.83  -1294.75      0.00      1
1        29 14.0       2.04e+09     67.49    343.71   5425.84  -6023.67      0.00      1
1        30 14.0       4.27e+09     71.07    253.88   5952.79  -6900.11      0.00      1
1        31 14.0       7.76e+10     82.39    164.15   -424.42  -9346.72      0.00      1
1        32 14.0       1.05e+09     75.72    326.75   4064.42     59.84      0.00      1
1        33 14.0       5.25e+10     77.72    245.45   1410.65  -7635.14      0.00      1
1        34 14.0       8.13e+10     72.71    358.83   -647.72    542.76      0.00      1
1        35 14.0       3.31e+09     86.88    179.25   4062.95    458.51      0.00      1
1        36 14.0       5.01e+09     72.18     76.84  -3336.81  -4685.79      0.00      1
1        37 14.0       1.58e+10     84.64     19.76   -260.38  -1030.05      0.00      1
1        38 14.0       2.09e+10     84.35     20.83   5277.69  -4065.80      0.00      1
1        39 14.0       4.07e+09     84.17    258.18    727.50  -6436.11      0.00      1
1        40 14.0       1.17e+09     70.19    179.95   5553.76   4368.54      0.00      0
1        41 14.0       5.25e+10     79.26    253.52    902.23  -5008.68      0.00      1
1        42 14.0       7.08e+09     75.21    173.53  -1906.65  -7164.86      0.00      1
1        43 14.0       2.24e+10     84.70    145.05  -3603.88 -10959.20      0.00      1
1        44 14.0       7.41e+10     83.50     96.24  -4244.77  -6744.03      0.00      1
1        45 14.0       2.95e+09     74.07    175.72  -1817.88   1690.46      0.00      1
1        46 14.0       1.95e+10     74.24    268.95    190.18    724.53      0.00      1
1        47 14.0       1.10e+09     79.76     98.96   2518.26  -2176.55      0.00      1
1        48 14.0       3.55e+10     77.71    184.29    715.61  -6534.84      0.00      1
1        49 14.0       2.57e+09     66.26    332.47  -1467.90  -2052.54      0.00      1
1        50 14.0       4.68e+09     71.66    195.54   4961.60    504.68      0.00      1
1        51 14.0       4.17e+10     77.69    273.18  -2956.99  -2717.25      0.00      1
1        52 14.0       4.68e+09     82.53    135.69   3558.98  -1478.21      0.00      1
1        53 14.0       5.25e+09     83.58    138.87   2844.67 -10084.02      0.00      1
1        54 14.0       7.41e+10     81.93    295.82   4828.32 -10241.43      0.00      1
1        55 14.0       2.69e+10     87.61    344.37    295.82  -6902.31      0.00      1
1        56 14.0       1.32e+09     87.57     39.06   6264.07  -2373.93      0.00      0
1        57 14.0       2.95e+09     67.36    233.99   2024.67  -7878.11      0.00      1
1        58 14.0       2.09e+10     79.67    357.86   6168.81  -3889.00      0.00      1
1        59 14.0       1.41e+10     81.15     39.68   2020.90 -10929.25      0.00      1
1        60 14.0       2.19e+10     75.75     17.20  -3977.95   4909.16      0.00      1
1        61 14.0       7.76e+10     65.36    257.51   5383.69  -2328.26      0.00      0
1        62 14.0       3.31e+10     82.82    277.98   2819.15 -10067.62      0.00      1
1        63 14.0       2.63e+09     84.15     11.15  -1891.78  -3339.02      0.00      1
1        64 14.0       2.34e+10     68.29    269.18  -1999.67  -2228.06      0.00      1
1        65 14.0       9.33e+10     69.53     93.01  -1811.96   1032.00      0.00      1
1        66 14.0       2.40e+10     69.92    264.95  -3271.72  -2109.87      0.00      1
1        67 14.0       4.27e+10     71.44    327.86  -2780.95  -3024.55      0.00      1
1        68 14.0       7.08e+09     73.79    101.59   2164.33  -7178.54      0.00      1
1        69 14.0       6.17e+09     80.08     53.36   -614.87  -6369.77      0.00      1
1        70 14.0       3.39e+10     67.44     43.19   5086.89  -9696.13      0.00      0
1        71 14.0       3.98e+10     65.76    261.84  -3462.37   4167.94      0.00      1
1        72 14.0       2.82e+09     74.31    305.42  -1590.85  -6139.41      0.00      1
1        73 14.0       9.12e+09     66.18    261.79   4801.60  -6554.39      0.00      1
1        74 14.0       4.37e+10     75.01    203.05   4051.41    445.37      0.00      1
1        75 14.0       2.14e+09     84.71    252.47    585.91   2555.14      0.00      1
1        76 14.0       1.23e+10     80.06    229.04    683.77  -8317.86      0.00      1
1        77 14.0       2.75e+10     68.51    158.91   4325.92    256.94      0.00      1
1        78 14.0       3.55e+09     66.14    267.39  -1271.43  -3479.41      0.00      1
1        79 14.0       1.41e+10     85.32     75.00  -2053.18   3595.89      0.00      1
1        80 14.0       1.02e+10     72.58    142.54   3529.72  -9520.83      0.00      1
1        81 14.0       3.24e+09     83.74    270.55   5265.26  -3472.60      0.00      1
1        82 14.0       2.95e+10     65.33    328.81   2116.45  -9962.67      0.00      0
1        83 14.0       1.41e+10     83.68     97.36   3731.56   -221.49      0.00      1
1        84 14.0       1.29e+09     75.36      6.89   1725.91  -1129.11      0.00      1
1        85 14.0       1.02e+10     74.76    228.40   1094.34   -489.02      0.00      1
1        86 14.0       1.38e+09     69.99    193.27   2206.54   3785.04      0.00      1
1        87 14.0       2.09e+10     67.29    197.36   4177.04   5062.96      0.00      1
1        88 14.0       5.13e+09     70.35    100.46  -3067.15 -11076.42      0.00      1
1        89 14.0       3.02e+09     86.44    247.32   4637.19  -9228.86      0.00      1
1        90 14.0       3.98e+09     78.84    287.64   1590.43  -8976.98      0.00      1
1        91 14.0       4.79e+09     86.84    180.83  -3127.55   4445.32      0.00      1
1        92 14.0       2.24e+09     70.78      7.47  -3234.44   1569.01      0.00      1
1        93 14.0       3.09e+10     75.07    250.64   -172.71  -3770.53      0.00      1
1        94 14.0       1.32e+09     85.02     75.06  -3899.90    476.17      0.00      1
1        95 14.0       1.45e+09     84.00     99.02  -2683.40 -10513.61      0.00      1
1        96 14.0       3.89e+09     69.45     45.11   -810.49  -5788.93      0.00      1
1        97 14.0       1.86e+09     87.94    215.58   1845.95  -2017.09      0.00      0
1        98 14.0       7.59e+09     71.89    179.45   5793.35   -247.51      0.00      0
1        99 14.0       7.41e+09     84.83    181.06  -1089.51   2559.06      0.00      1
