1    106300 5626.0     1.00e+08     66.54    109.90  -1254.18  -2089.94      0.00      0
1    106301 5626.0     3.02e+08     75.82     23.88   2932.00  -4691.69      0.00      1
1    106302 5626.0     1.38e+08     80.96     36.26  -1044.65    356.44      0.00      0
1    106303 5626.0     2.29e+08     84.35     31.99  -2867.00  -3073.27      0.00      0
1    106304 5626.0     1.17e+08     70.90    200.93   5821.55   1619.69      0.00      0
1    106305 5626.0     6.76e+08     66.65    303.55   3312.84  -4468.14      0.00      0
1    106306 5626.0     1.07e+08     78.23     71.21   3191.73  -6614.04      0.00      0
1    106307 5626.0     4.68e+08     85.21    135.28    461.59 -10888.36      0.00      0
1    106308 5626.0     7.08e+08     73.08    122.04  -1016.87  -9006.82      0.00      1
1    106309 5626.0     8.91e+08     65.06    350.24   -756.43  -8243.48      0.00      1
1    106310 5626.0     5.75e+08     82.40    112.10  -1163.34  -7402.78      0.00      1
1    106311 5626.0     2.04e+08     83.16    312.20   1516.17 -10917.02      0.00      0
1    106312 5626.0     2.19e+08     85.10     45.95   1078.56    875.97      0.00      0
1    106313 5626.0     6.61e+08     83.34    220.91   5151.62   4792.19      0.00      1
1    106314 5626.0     1.74e+08     81.49    357.08  -1433.74 -11244.03      0.00      0
1    106315 5626.0     2.24e+08     79.73     22.35  -3270.67  -4745.86      0.00      0
1    106316 5626.0     8.71e+08     75.71    267.11   1742.72  -4525.60      0.00      1
1    106317 5626.0     2.40e+08     84.98    236.31   1201.10  -1876.76      0.00      0
1    106318 5626.0     4.37e+08     70.54    306.44    505.52   3719.28      0.00      1
1    106319 5626.0     2.19e+08     74.05    159.04   1678.87 -11133.28      0.00      0
1    106320 5626.0     2.69e+08     67.45     99.01  -1240.43    513.98      0.00      1
1    106321 5626.0     3.55e+08     83.25     97.49  -1149.24 -11240.56      0.00      0
1    106322 5626.0     4.47e+08     87.37    179.69  -2921.36   2981.71      0.00      0
1    106323 5626.0     4.37e+08     78.62     34.61  -1213.19  -4150.54      0.00      1
1    106324 5626.0     3.55e+08     70.83     86.76  -3834.85  -2175.63      0.00      1
1    106325 5626.0     1.45e+08     84.97    122.42   -334.01   1931.28      0.00      0
1    106326 5626.0     1.58e+08     69.53     43.68   4449.82 -10499.02      0.00      0
1    106327 5626.0     3.72e+08     68.10    237.81   2258.22   4304.88      0.00      0
1    106328 5626.0     2.19e+08     66.31    259.38   4128.74   4262.00      0.00      0
1    106329 5626.0     9.12e+08     71.46    306.88  -3510.55 -10046.84      0.00      1
1    106330 5626.0     2.40e+08     72.60     14.50   1307.62  -4834.90      0.00      1
1    106331 5626.0     5.89e+08     83.67     59.49   -941.85  -9090.74      0.00      0
1    106332 5626.0     6.92e+08     66.06     94.58    265.50  -2665.50      0.00      1
1    106333 5626.0     4.90e+08     76.04    139.67   -725.63  -5024.51      0.00      1
1    106334 5626.0     4.47e+08     81.02     10.75  -4205.89  -5067.30      0.00      1
1    106335 5626.0     7.24e+08     66.10     63.95  -3672.77  -8602.68      0.00      0
1    106336 5626.0     3.24e+08     79.19     92.97   6043.12  -7993.97      0.00      0
1    106337 5626.0     5.13e+08     87.42    116.51   -697.18  -7053.06      0.00      0
1    106338 5626.0     1.05e+08     77.96    283.71  -1383.47  -6310.13      0.00      0
1    106339 5626.0     1.62e+08     67.31    290.47    240.04 -11054.12      0.00      0
1    106340 5626.0     6.92e+08     85.56    262.34  -1212.55  -2499.38      0.00      0
1    106341 5626.0     3.63e+08     83.26    262.73   5150.75  -2559.79      0.00      0
1    106342 5626.0     4.90e+08     83.85    221.50   3470.59  -6832.21      0.00      0
1    106343 5626.0     3.63e+08     84.44    162.46   3053.32  -5086.52      0.00      0
1    106344 5626.0     9.12e+08     85.43      0.64  -4094.53   5088.21      0.00      0
1    106345 5626.0     1.15e+08     78.97     97.34   2972.00   4271.52      0.00      0
1    106346 5626.0     7.41e+08     75.55     34.52   5553.40   1795.77      0.00      1
1    106347 5626.0     7.94e+08     69.41    335.10  -1933.28   2586.82      0.00      1
1    106348 5626.0     2.63e+08     67.40    318.97   3680.95  -7940.90      0.00      0
1    106349 5626.0     4.47e+08     80.89     29.86   2544.49  -1052.86      0.00      1
1    106350 5626.0     8.32e+08     65.37    276.59  -2940.40 -10447.85      0.00      0
1    106351 5626.0     1.12e+08     86.42    134.33  -3749.15  -9208.80      0.00      0
1    106352 5626.0     4.68e+08     75.08    189.90   1488.88   3216.56      0.00      1
1    106353 5626.0     1.41e+08     67.15     58.56   -142.75   5000.24      0.00      0
1    106354 5626.0     4.47e+08     72.88    321.20  -3241.60  -8709.80      0.00      1
1    106355 5626.0     3.89e+08     72.88     37.16  -4307.54   2251.15      0.00      1
1    106356 5626.0     3.47e+08     87.36    167.66  -1196.56   -199.59      0.00      0
1    106357 5626.0     7.94e+08     77.58    117.65     63.02  -9737.69      0.00      1
1    106358 5626.0     8.13e+08     76.66    227.63  -3981.18 -10123.21      0.00      1
1    106359 5626.0     1.05e+08     72.21    304.58  -3048.92  -1541.32      0.00      0
1    106360 5626.0     5.89e+08     80.62    280.27   2820.89  -4427.36      0.00      1
1    106361 5626.0     5.75e+08     79.79     51.64  -1061.31   1359.79      0.00      1
1    106362 5626.0     6.31e+08     80.46    342.54   4711.70  -9469.13      0.00      1
1    106363 5626.0     1.35e+08     72.61     76.21    653.30  -6493.38      0.00      0
1    106364 5626.0     4.27e+08     84.35     70.72  -3077.40   2923.79      0.00      0
1    106365 5626.0     3.24e+08     71.72    300.26   4530.45   -434.16      0.00      1
1    106366 5626.0     7.24e+08     66.64    304.85  -4067.46  -1251.71      0.00      0
1    106367 5626.0     1.10e+08     66.52    267.85    671.51   -718.51      0.00      0
1    106368 5626.0     7.24e+08     79.93    188.56    338.64  -7430.47      0.00      1
1    106369 5626.0     3.24e+08     75.71    138.67   1633.75   -592.86      0.00      1
1    106370 5626.0     2.34e+08     65.11     86.57    171.66    716.26      0.00      0
1    106371 5626.0     3.72e+08     79.53     64.23   3198.46   -614.02      0.00      1
1    106372 5626.0     6.92e+08     69.81    109.91  -4399.26      5.59      0.00      0
1    106373 5626.0     1.38e+08     73.32     23.96  -2270.78   1951.74      0.00      0
1    106374 5626.0     2.88e+08     82.24     28.80   -360.65  -2065.95      0.00      0
1    106375 5626.0     4.47e+08     73.42    115.13  -2851.43  -9897.62      0.00      1
1    106376 5626.0     4.27e+08     80.28    192.29  -4016.48  -8324.38      0.00      1
1    106377 5626.0     1.86e+08     82.44    122.27   -145.14   2517.62      0.00      0
1    106378 5626.0     2.75e+08     68.52     83.83   4226.86  -8753.41      0.00      0
1    106379 5626.0     1.00e+08     72.46    248.14   3011.25  -2769.39      0.00      0
1    106380 5626.0     8.32e+08     77.90    133.07   4884.75  -7761.75      0.00      1
1    106381 5626.0     4.57e+08     85.46    240.96   3506.49  -2765.52      0.00      0
1    106382 5626.0     3.55e+08     77.75    238.70   4930.56  -2385.25      0.00      1
1    106383 5626.0     2.04e+08     83.45    170.56  -3720.09  -9127.68      0.00      0
1    106384 5626.0     1.38e+08     75.38     50.89  -2699.77   1630.80      0.00      0
1    106385 5626.0     3.39e+08     66.05    172.13   3766.70  -5960.50      0.00      0
1    106386 5626.0     2.51e+08     80.14    188.16   6497.06  -3175.25      0.00      0
1    106387 5626.0     1.78e+08     75.81    211.00   5912.08   4809.24      0.00      0
1    106388 5626.0     6.61e+08     73.32     95.88  -1943.32   4904.70      0.00      1
1    106389 5626.0     3.89e+08     69.93     34.63   4094.35  -8781.57      0.00      0
1    106390 5626.0     1.23e+08     73.69    270.89  -3827.93    648.08      0.00      0
1    106391 5626.0     6.03e+08     83.78    104.98   3769.97  -8832.91      0.00      1
1    106392 5626.0     3.31e+08     66.16    155.17  -3442.45   1716.50      0.00      0
1    106393 5626.0     1.58e+08     80.53    308.73   3029.72  -5444.41      0.00      0
1    106394 5626.0     8.13e+08     65.60    220.38  -4308.43   -829.51      0.00      0
1    106395 5626.0     1.82e+08     80.79    275.00  -1485.99   2969.25      0.00      0
1    106396 5626.0     1.95e+08     66.14     61.30   2944.51  -3321.84      0.00      0
1    106397 5626.0     7.76e+08     83.52    252.81   1936.35  -3730.72      0.00      1
1    106398 5626.0     2.19e+08     75.76    232.61  -3639.12   4478.72      0.00      0
1    106399 5626.0     1.10e+08     67.30    248.31  -2914.61   -589.22      0.00      0
