1      2400 14.0       2.69e+09     87.72    114.01  -2578.74  -5794.77      0.00      0
1      2401 14.0       3.09e+10     72.51    179.58  -1799.05  -7718.82      0.00      1
1      2402 14.0       1.74e+09     87.32     95.75     60.38   2891.99      0.00      1
1      2403 14.0       6.61e+09     75.12    349.35   1755.00   2096.79      0.00      1
1      2404 14.0       4.17e+10     66.27     69.32  -2004.33  -5814.04      0.00      0
1      2405 14.0       4.57e+10     74.75    283.28  -4117.03  -6151.68      0.00      1
1      2406 14.0       1.17e+09     84.64    292.38   6295.24  -3697.19      0.00      1
1      2407 14.0       3.02e+09     72.59     88.54   3221.27  -7202.20      0.00      1
1      2408 14.0       4.79e+10     87.69    139.57  -1184.44  -2973.73      0.00      1
1      2409 14.0       5.62e+09     82.97    312.18   2354.73  -4737.40      0.00      1
1      2410 14.0       1.82e+10     87.79     25.68   4260.68  -1649.24      0.00      1
1      2411 14.0       3.39e+09     68.04    108.68  -2521.31  -3778.12      0.00      1
1      2412 14.0       2.69e+09     70.02    313.36   1137.19  -4094.40      0.00      1
1      2413 14.0       6.92e+09     87.48    146.43  -4391.09 -10689.83      0.00      1
1      2414 14.0       9.33e+10     77.99    129.16  -2427.45   1709.62      0.00      1
1      2415 14.0       7.24e+10     78.05    272.44  -2033.86  -3657.35      0.00      1
1      2416 14.0       2.34e+09     77.06    197.23   5188.56   4129.18      0.00      1
1      2417 14.0       1.66e+10     74.95    243.86   5325.27  -6561.56      0.00      1
1      2418 14.0       1.10e+10     80.06    359.37   6441.58  -1269.47      0.00      1
1      2419 14.0       2.82e+10     70.26    291.34    958.15  -7153.01      0.00      1
1      2420 14.0       7.94e+09     79.26    259.17    483.99 -10692.22      0.00      1
1      2421 14.0       3.89e+10     72.45    138.85   4839.15  -8867.92      0.00      0
1      2422 14.0       2.82e+10     80.76    243.89  -3788.65   4847.44      0.00      1
1      2423 14.0       1.45e+09     68.12    344.90  -2309.81  -9400.10      0.00      1
1      2424 14.0       1.15e+10     83.47    170.66   6107.98   -916.38      0.00      1
1      2425 14.0       6.03e+10     72.14    167.89   2315.06   5049.53      0.00      1
1      2426 14.0       2.95e+09     66.70     41.34   2976.78  -5437.25      0.00      1
1      2427 14.0       2.29e+10     69.31    320.58  -4222.94  -6588.87      0.00      1
1      2428 14.0       1.55e+09     78.42     49.32   -504.29  -7042.74      0.00      1
1      2429 14.0       6.46e+10     84.59    250.05  -2817.12  -2059.55      0.00      1
1      2430 14.0       1.12e+10     79.05    330.34  -1093.02    485.23      0.00      1
1      2431 14.0       1.35e+09     82.99     42.69   1809.91   4148.92      0.00      1
1      2432 14.0       2.09e+09     68.78     74.33  -3568.01   -782.67      0.00      1
1      2433 14.0       3.24e+10     79.51    204.96   -733.66  -1838.54      0.00      1
1      2434 14.0       5.75e+10     72.57     55.94  -3268.75   -688.79      0.00      1
1      2435 14.0       1.74e+10     80.05     82.19  -4146.02   3831.55      0.00      1
1      2436 14.0       7.24e+10     76.48    128.84   2878.43  -4349.65      0.00      1
1      2437 14.0       8.51e+09     71.44     34.82   4983.47 -10880.07      0.00      0
1      2438 14.0       2.40e+10     80.70    240.26   4980.82  -7041.19      0.00      1
1      2439 14.0       3.89e+09     79.91    329.93   3142.52  -7185.76      0.00      1
1      2440 14.0       1.95e+09     65.80    191.49   1565.72  -9296.38      0.00      1
1      2441 14.0       1.58e+10     66.55     20.88  -2002.98  -1444.89      0.00      1
1      2442 14.0       1.38e+10     87.26     13.93  -3231.18   4466.47      0.00      1
1      2443 14.0       7.94e+09     67.98     53.87    691.14   -858.34      0.00      1
1      2444 14.0       3.55e+10     81.36    147.07    -36.06   3207.41      0.00      1
1      2445 14.0       3.98e+09     83.62    345.77    -36.45  -1382.49      0.00      1
1      2446 14.0       2.88e+10     72.70     68.26  -3720.61   -174.19      0.00      0
1      2447 14.0       1.00e+09     73.63    230.50   3115.09   4579.71      0.00      1
1      2448 14.0       2.34e+09     70.19    124.07  -3481.18 -10519.60      0.00      1
1      2449 14.0       3.16e+10     68.10    164.60   5524.76     97.53      0.00      1
1      2450 14.0       4.07e+09     66.77    122.91   1847.71  -9195.45      0.00      1
1      2451 14.0       1.12e+10     82.65    193.15   1159.78  -8487.80      0.00      1
1      2452 14.0       2.75e+09     79.20     51.59  -1372.72   3031.49      0.00      1
1      2453 14.0       1.38e+10     67.76    233.33  -2496.75    998.67      0.00      1
1      2454 14.0       4.79e+10     69.29    206.43   5266.96   1997.09      0.00      0
1      2455 14.0       2.14e+10     77.59    143.10  -2113.71 -11004.41      0.00      0
1      2456 14.0       1.29e+09     81.50     14.77   2851.70  -9720.21      0.00      1
1      2457 14.0       2.34e+09     67.59    277.95  -1170.15  -1749.80      0.00      1
1      2458 14.0       3.98e+10     84.42    153.18   6204.76  -6994.63      0.00      1
1      2459 14.0       6.92e+10     80.32    358.91   5174.93   3880.73      0.00      1
1      2460 14.0       9.77e+09     65.69    197.18  -1271.35  -5648.08      0.00      1
1      2461 14.0       1.00e+09     79.87    317.24   2645.57  -2517.28      0.00      1
1      2462 14.0       6.92e+10     85.31    245.47   3528.03  -7994.01      0.00      1
1      2463 14.0       9.33e+09     86.67     91.33  -3901.60   1001.37      0.00      1
1      2464 14.0       4.37e+10     81.93    210.90  -2045.80  -7870.68      0.00      1
1      2465 14.0       1.70e+10     71.43    215.81  -3405.46   1621.11      0.00      1
1      2466 14.0       1.07e+10     77.63    344.02   1166.81  -8878.30      0.00      1
1      2467 14.0       3.98e+09     82.20    217.04  -1395.14  -4561.74      0.00      1
1      2468 14.0       2.04e+10     73.55     65.25  -2372.31   3018.51      0.00      1
1      2469 14.0       6.46e+09     67.51     85.56   5373.33   4059.68      0.00      0
1      2470 14.0       6.17e+10     73.21    297.79   6189.92   -389.08      0.00      1
1      2471 14.0       7.59e+10     78.99    348.59  -4189.57  -4472.83      0.00      1
1      2472 14.0       1.07e+10     73.64     31.38   5669.37   4956.47      0.00      1
1      2473 14.0       4.90e+10     68.54    319.77  -2711.77  -7969.20      0.00      0
1      2474 14.0       1.15e+09     86.41    157.96  -2300.20  -4299.62      0.00      0
1      2475 14.0       1.86e+09     76.44    336.00   5714.77  -2003.93      0.00      1
1      2476 14.0       2.14e+10     70.84     66.97  -4277.27  -6796.10      0.00      0
1      2477 14.0       5.75e+09     85.49    264.64  -2336.15   -608.98      0.00      1
1      2478 14.0       2.51e+09     87.46     93.64   4616.49   2660.46      0.00      0
1      2479 14.0       2.57e+10     83.43     70.47   -980.15  -6000.33      0.00      1
1      2480 14.0       2.82e+10     67.47    166.06  -2818.18  -8604.85      0.00      1
1      2481 14.0       6.03e+09     76.01     60.52    435.21   -882.05      0.00      1
1      2482 14.0       3.24e+10     80.34     87.75   1174.34   2110.71      0.00      1
1      2483 14.0       1.45e+10     69.40     33.81    530.44   3502.11      0.00      1
1      2484 14.0       6.46e+09     70.05    119.31   6055.67 -11194.55      0.00      0
1      2485 14.0       1.82e+10     67.27    294.21    202.63   -999.00      0.00      1
1      2486 14.0       4.79e+09     74.06    229.92   -260.59  -2834.98      0.00      1
1      2487 14.0       3.16e+10     69.71    221.36   2295.48  -9360.71      0.00      1
1      2488 14.0       1.23e+10     87.38     81.00    377.04   2227.93      0.00      1
1      2489 14.0       4.57e+10     67.56     25.10   5234.11   1613.15      0.00      1
1      2490 14.0       2.69e+10     65.69     49.05   1193.36  -6589.01      0.00      0
1      2491 14.0       2.00e+10     82.45    133.60  -2344.28  -9561.36      0.00      1
1      2492 14.0       5.75e+09     86.27    242.37  -2457.58  -8800.42      0.00      1
1      2493 14.0       7.24e+09     78.83    209.45   1710.74  -9550.08      0.00      1
1      2494 14.0       2.09e+09     75.55    151.42  -1069.90  -2963.60      0.00      1
1      2495 14.0       6.17e+09     70.61     37.40  -3493.46  -1893.39      0.00      1
1      2496 14.0       1.32e+10     81.21    288.95   1843.26   4578.85      0.00      1
1      2497 14.0       2.24e+10     80.58    130.70   3905.02  -5877.73      0.00      1
1      2498 14.0       1.32e+10     86.81    358.52  -2605.69   4091.76      0.00      1
1      2499 14.0       1.45e+10     75.70     81.35   -767.71  -9255.70      0.00      1
