1    106800 5626.0     5.89e+08     74.62    201.60    464.83  -7167.29      0.00      1
1    106801 5626.0     3.47e+08     86.74     13.21   2323.97  -1046.06      0.00      0
1    106802 5626.0     5.25e+08     74.72    318.65  -2734.17 -11038.03      0.00      1
1    106803 5626.0     1.45e+08     70.61      0.50   5358.43  -3173.40      0.00      0
1    106804 5626.0     2.04e+08     82.85     53.52  -2126.38    119.75      0.00      0
1    106805 5626.0     3.39e+08     82.39     34.39  -2332.70 -10070.31      0.00      0
1    106806 5626.0     3.31e+08     67.76    186.08  -1157.23  -2832.69      0.00      0
1    106807 5626.0     4.27e+08     81.10    331.20   5691.90  -3529.22      0.00      0
1    106808 5626.0     2.88e+08     76.71    357.93  -1063.08  -6270.71      0.00      1
1    106809 5626.0     4.07e+08     75.35     39.12   1515.61   2799.48      0.00      1
1    106810 5626.0     4.27e+08     74.14    339.53   1897.57   -328.43      0.00      1
1    106811 5626.0     1.29e+08     82.61    165.14    963.81  -3164.41      0.00      0
1    106812 5626.0     1.05e+08     69.09    211.24   5345.64   -317.10      0.00      0
1    106813 5626.0     1.07e+08     77.91     61.65   1118.72 -10480.77      0.00      0
1    106814 5626.0     1.55e+08     75.67    234.29  -1156.45    242.31      0.00      0
1    106815 5626.0     2.57e+08     85.63    321.87  -2525.66   4412.44      0.00      0
1    106816 5626.0     1.26e+08     65.46    286.20   1512.65 -10994.98      0.00      0
1    106817 5626.0     1.95e+08     82.79     72.14   4218.26   2148.90      0.00      0
1    106818 5626.0     6.61e+08     86.81     68.92   3527.39   1835.92      0.00      0
1    106819 5626.0     1.70e+08     68.09     51.98   -348.93  -4044.04      0.00      0
1    106820 5626.0     6.92e+08     85.02    215.28   3889.71  -9902.11      0.00      0
1    106821 5626.0     3.31e+08     75.49    231.80  -2968.53  -9375.66      0.00      0
1    106822 5626.0     1.15e+08     66.25    287.42  -3823.55  -5255.14      0.00      0
1    106823 5626.0     2.34e+08     68.88    104.74   2219.00  -6872.82      0.00      0
1    106824 5626.0     2.19e+08     80.55    149.97   3724.17 -10205.35      0.00      0
1    106825 5626.0     7.24e+08     79.18    186.23   5942.26  -9256.21      0.00      1
1    106826 5626.0     1.05e+08     73.30     60.17   3378.60 -10782.82      0.00      0
1    106827 5626.0     3.98e+08     80.14      9.75   5409.03   3509.76      0.00      1
1    106828 5626.0     2.14e+08     69.45    225.82   5518.64  -7912.24      0.00      0
1    106829 5626.0     3.02e+08     86.57    140.21    322.23   3202.33      0.00      0
1    106830 5626.0     7.94e+08     75.45     33.44   6476.91 -10773.91      0.00      0
1    106831 5626.0     6.31e+08     77.39    152.15    261.66  -7761.96      0.00      1
1    106832 5626.0     1.55e+08     84.36    135.31  -1926.98  -7295.39      0.00      0
1    106833 5626.0     2.69e+08     73.16    143.34  -4030.00  -1214.85      0.00      0
1    106834 5626.0     1.78e+08     84.32    275.74   5537.52  -7987.89      0.00      0
1    106835 5626.0     4.37e+08     79.68    164.42   4912.78   -797.89      0.00      1
1    106836 5626.0     6.03e+08     78.82    154.76   -235.56  -4408.52      0.00      1
1    106837 5626.0     3.80e+08     66.00    307.06  -1781.82  -9740.49      0.00      0
1    106838 5626.0     9.33e+08     78.40    257.30   4286.13  -4117.19      0.00      1
1    106839 5626.0     1.66e+08     80.68     53.50   5847.20    756.75      0.00      0
1    106840 5626.0     7.59e+08     74.60    312.72  -1498.35  -3398.50      0.00      1
1    106841 5626.0     5.37e+08     68.33    126.98   5460.87  -9012.40      0.00      0
1    106842 5626.0     4.79e+08     82.93    327.02  -3851.21   2504.54      0.00      0
1    106843 5626.0     2.29e+08     69.87    159.66   1335.99  -3650.76      0.00      0
1    106844 5626.0     1.95e+08     73.03     24.43    191.96  -7180.67      0.00      0
1    106845 5626.0     7.94e+08     65.99     57.44  -2335.95  -7170.63      0.00      0
1    106846 5626.0     1.15e+08     87.10    303.18   5191.56  -3745.90      0.00      0
1    106847 5626.0     2.88e+08     85.36    206.76   2927.39  -6383.11      0.00      0
1    106848 5626.0     1.91e+08     76.60    306.08   1653.93 -10400.46      0.00      0
1    106849 5626.0     2.88e+08     70.96    246.71   1271.06  -9384.56      0.00      0
1    106850 5626.0     2.63e+08     80.74    256.29  -2877.53   1519.87      0.00      0
1    106851 5626.0     1.62e+08     72.67    301.07   4596.89  -8497.29      0.00      0
1    106852 5626.0     5.50e+08     68.70    330.69   1188.75   2856.14      0.00      1
1    106853 5626.0     1.15e+08     74.84     25.47  -2909.42  -2437.90      0.00      0
1    106854 5626.0     4.07e+08     74.78    345.89   5811.93   -849.93      0.00      1
1    106855 5626.0     3.63e+08     72.96    277.12   4019.96  -4820.79      0.00      1
1    106856 5626.0     9.33e+08     80.81    256.26   -847.60  -7290.84      0.00      1
1    106857 5626.0     1.07e+08     67.33    120.31   1223.42    873.20      0.00      0
1    106858 5626.0     3.31e+08     85.26    170.27   1875.69   2197.61      0.00      0
1    106859 5626.0     6.31e+08     84.99     15.00   5205.47 -10616.80      0.00      0
1    106860 5626.0     3.89e+08     76.54    118.98  -3510.79    -29.57      0.00      1
1    106861 5626.0     4.47e+08     77.38      1.29   3178.19  -1200.89      0.00      1
1    106862 5626.0     2.29e+08     67.61    224.44   5969.27  -3289.20      0.00      0
1    106863 5626.0     1.32e+08     72.71    183.35  -3649.37  -4900.63      0.00      0
1    106864 5626.0     7.76e+08     81.94    152.91   3418.84   4747.46      0.00      1
1    106865 5626.0     5.13e+08     73.67    174.17    386.76   2799.24      0.00      1
1    106866 5626.0     1.05e+08     83.11    308.76  -1357.18  -3475.11      0.00      0
1    106867 5626.0     3.16e+08     71.59     28.00   6368.26    851.17      0.00      1
1    106868 5626.0     1.58e+08     69.94    341.83  -3348.13  -2599.05      0.00      0
1    106869 5626.0     6.03e+08     81.06    339.09   5764.53  -4558.48      0.00      1
1    106870 5626.0     7.94e+08     83.37     79.06  -2054.65  -3564.74      0.00      1
1    106871 5626.0     2.34e+08     70.92    321.21   -721.40   2622.39      0.00      0
1    106872 5626.0     4.27e+08     72.45     31.39    739.51   4206.79      0.00      1
1    106873 5626.0     1.51e+08     87.37    298.04   3033.04  -1694.66      0.00      0
1    106874 5626.0     2.04e+08     76.27    185.43   6042.44  -2131.30      0.00      0
1    106875 5626.0     5.01e+08     80.29    123.12   5693.63   3754.96      0.00      1
1    106876 5626.0     4.47e+08     76.20     84.45  -4176.43  -1520.52      0.00      1
1    106877 5626.0     9.33e+08     83.39    217.40    781.39   5159.15      0.00      1
1    106878 5626.0     1.86e+08     82.29    215.04   1451.21   3199.86      0.00      0
1    106879 5626.0     9.77e+08     81.13     36.56   2352.74  -9165.18      0.00      1
1    106880 5626.0     2.51e+08     77.83    253.86    176.80  -5040.82      0.00      0
1    106881 5626.0     9.33e+08     75.71    236.93  -1330.79  -9576.31      0.00      1
1    106882 5626.0     1.02e+08     83.14    321.12   6394.72    464.63      0.00      0
1    106883 5626.0     8.91e+08     65.92     77.49  -1127.92   3164.76      0.00      1
1    106884 5626.0     3.39e+08     69.42    158.00    134.49  -9006.81      0.00      0
1    106885 5626.0     1.20e+08     67.05    191.36    670.09  -8237.32      0.00      0
1    106886 5626.0     7.41e+08     72.77     32.91    255.17  -4750.77      0.00      1
1    106887 5626.0     2.88e+08     66.23    129.04  -1677.97    146.20      0.00      0
1    106888 5626.0     2.63e+08     72.58    101.36   1544.24   -407.81      0.00      1
1    106889 5626.0     2.00e+08     87.80    315.77   1915.05  -7645.43      0.00      0
1    106890 5626.0     1.55e+08     87.01     88.03   2804.11   -177.70      0.00      0
1    106891 5626.0     3.98e+08     83.04     43.77  -3073.41   2386.28      0.00      0
1    106892 5626.0     5.62e+08     70.37    149.62  -2736.38   2678.45      0.00      1
1    106893 5626.0     2.63e+08     68.50     45.77  -3298.64  -4841.81      0.00      0
1    106894 5626.0     4.68e+08     79.02    210.24   4185.14   2763.59      0.00      1
1    106895 5626.0     1.45e+08     68.64    282.32   6122.57  -5997.78      0.00      0
1    106896 5626.0     4.90e+08     78.81    203.35    260.02  -4377.78      0.00      1
1    106897 5626.0     2.29e+08     72.07      5.55   4343.86  -2795.51      0.00      0
1    106898 5626.0     7.41e+08     74.31    214.57   -580.75  -2552.88      0.00      1
1    106899 5626.0     1.23e+08     87.92     37.39   6319.23   2342.82      0.00      0
