1    102700 5626.0     3.98e+09     87.00    136.01   1350.65   2303.36      0.00      1
1    102701 5626.0     7.59e+09     87.65    140.73  -1180.93    680.50      0.00      1
1    102702 5626.0     4.37e+10     75.23    109.15    453.07    630.03      0.00      1
1    102703 5626.0     9.33e+09     70.72    162.87   2431.11  -3132.38      0.00      1
1    102704 5626.0     4.07e+09     75.93    162.51  -3127.07   4441.68      0.00      1
1    102705 5626.0     2.57e+10     86.56    259.47   1803.31  -8420.63      0.00      1
1    102706 5626.0     1.12e+10     66.03    225.09  -1216.55   -984.84      0.00      1
1    102707 5626.0     9.55e+10     67.71    251.59   5072.09   3802.58      0.00      0
1    102708 5626.0     2.45e+10     70.30     66.67   5634.62   4499.60      0.00      0
1    102709 5626.0     1.82e+09     72.06    174.87   1923.21  -5758.04      0.00      1
1    102710 5626.0     2.00e+10     76.06    249.33  -2564.57  -8937.11      0.00      1
1    102711 5626.0     1.82e+10     81.45    292.01   1477.63  -7225.29      0.00      1
1    102712 5626.0     3.09e+09     71.00    344.37   6021.36  -9170.95      0.00      1
1    102713 5626.0     4.17e+10     68.76    131.64  -4136.90  -1160.71      0.00      1
1    102714 5626.0     8.13e+10     73.60    356.98   2053.42  -8263.72      0.00      1
1    102715 5626.0     1.20e+09     80.20    174.90  -4148.68   3044.83      0.00      1
1    102716 5626.0     1.86e+09     77.77    325.71  -1519.69   1734.97      0.00      1
1    102717 5626.0     1.41e+10     66.16    336.31  -4235.62  -9189.12      0.00      0
1    102718 5626.0     1.41e+10     83.44     26.11   4740.43    396.94      0.00      1
1    102719 5626.0     1.23e+09     76.14    336.83  -1079.25  -9720.66      0.00      1
1    102720 5626.0     5.37e+09     68.26     57.41   2784.20  -2410.28      0.00      0
1    102721 5626.0     1.12e+09     66.21     59.67  -2872.13  -3988.84      0.00      0
1    102722 5626.0     2.24e+10     84.44     47.88  -1582.90  -4278.80      0.00      1
1    102723 5626.0     1.35e+09     75.11     28.59   -804.01   1141.09      0.00      1
1    102724 5626.0     2.82e+09     68.58     98.27   5398.54   -919.19      0.00      1
1    102725 5626.0     1.38e+09     70.06    330.25  -4387.11 -10902.62      0.00      0
1    102726 5626.0     6.03e+09     83.66    191.62  -3385.36  -3362.99      0.00      1
1    102727 5626.0     1.58e+09     76.64    220.63  -4083.48   3802.54      0.00      1
1    102728 5626.0     7.94e+09     81.23     67.08  -3748.13  -9102.53      0.00      1
1    102729 5626.0     1.29e+10     77.46    244.96   2826.62   1102.64      0.00      1
1    102730 5626.0     1.55e+10     73.66    185.74  -2545.60    -46.17      0.00      1
1    102731 5626.0     5.01e+10     68.55     77.16    817.88     -2.73      0.00      1
1    102732 5626.0     1.26e+10     80.20    297.88  -1630.83  -3393.80      0.00      1
1    102733 5626.0     1.82e+09     81.33    174.95   2362.02   2416.87      0.00      1
1    102734 5626.0     1.91e+10     81.36    279.55  -2857.82  -3094.22      0.00      1
1    102735 5626.0     9.77e+10     68.39    264.39   2931.14  -7139.28      0.00      1
1    102736 5626.0     6.17e+09     79.70      7.20  -1526.56  -6331.99      0.00      1
1    102737 5626.0     1.32e+09     86.67    294.46    206.01  -1459.15      0.00      0
1    102738 5626.0     3.24e+10     76.09      0.72  -3145.69  -1800.88      0.00      1
1    102739 5626.0     4.47e+09     75.75    250.70   6158.80   -118.72      0.00      1
1    102740 5626.0     1.00e+10     80.28    166.02   4217.66  -2177.09      0.00      1
1    102741 5626.0     2.24e+10     84.95    262.32  -2085.55   4963.64      0.00      1
1    102742 5626.0     6.17e+10     70.43    319.47  -3877.16   -580.69      0.00      1
1    102743 5626.0     7.24e+10     65.57    258.16  -4259.60  -8114.25      0.00      0
1    102744 5626.0     1.35e+10     77.13    104.61   5761.42   4004.99      0.00      1
1    102745 5626.0     8.13e+10     66.85    189.61   5345.66   2915.46      0.00      0
1    102746 5626.0     1.17e+10     73.75     99.79    861.39  -1538.72      0.00      1
1    102747 5626.0     1.82e+10     69.23    111.69  -3320.32  -1022.19      0.00      1
1    102748 5626.0     2.51e+10     77.72     17.77   4060.87  -1368.65      0.00      1
1    102749 5626.0     3.31e+09     75.83     90.86   5011.30  -7040.33      0.00      1
1    102750 5626.0     1.20e+09     81.23    305.18  -3492.67  -8466.64      0.00      1
1    102751 5626.0     2.14e+09     66.40    140.00   1329.10  -5833.90      0.00      0
1    102752 5626.0     1.86e+09     74.19    257.57  -1607.96   3181.27      0.00      1
1    102753 5626.0     2.09e+10     79.88     57.59    258.03   2089.69      0.00      1
1    102754 5626.0     2.82e+09     69.98     17.98   4491.09  -5847.77      0.00      1
1    102755 5626.0     1.29e+09     71.33    277.74  -3514.66  -5408.88      0.00      1
1    102756 5626.0     7.08e+09     76.87    206.28  -4142.09   4986.53      0.00      1
1    102757 5626.0     5.13e+09     81.75    331.81   3892.42  -8701.35      0.00      1
1    102758 5626.0     2.57e+09     66.14    332.30   4482.73 -10014.75      0.00      0
1    102759 5626.0     1.12e+10     70.98     41.60  -3112.98  -6756.81      0.00      1
1    102760 5626.0     4.47e+09     85.22    175.57   -356.17  -8493.70      0.00      1
1    102761 5626.0     2.00e+10     68.90     60.38   -620.12  -2792.11      0.00      1
1    102762 5626.0     2.69e+10     67.11    104.75   2761.73  -1896.84      0.00      1
1    102763 5626.0     2.14e+10     65.26     34.06   -869.75   3315.39      0.00      0
1    102764 5626.0     6.31e+09     77.97    347.70  -3290.80     15.72      0.00      1
1    102765 5626.0     2.82e+10     85.15    122.06   2030.10 -10078.52      0.00      1
1    102766 5626.0     9.55e+09     81.01    277.27  -2016.07   3612.71      0.00      1
1    102767 5626.0     2.34e+09     68.18    150.20    729.22   -657.61      0.00      1
1    102768 5626.0     9.12e+09     86.51    198.15   2834.50  -4686.70      0.00      1
1    102769 5626.0     4.07e+10     81.09    107.31   2155.32    560.13      0.00      1
1    102770 5626.0     1.48e+10     81.75     93.16  -2173.10  -4538.48      0.00      1
1    102771 5626.0     6.46e+09     71.96     27.50    660.70  -8213.55      0.00      1
1    102772 5626.0     4.68e+10     87.31     93.31  -1515.37  -8322.73      0.00      1
1    102773 5626.0     1.12e+10     84.81    342.43   -580.14   1996.87      0.00      1
1    102774 5626.0     3.16e+09     78.75    270.42   5294.57  -2784.39      0.00      1
1    102775 5626.0     8.13e+09     73.42    209.62   3424.34 -11193.83      0.00      1
1    102776 5626.0     1.29e+09     86.15     83.62   1492.10  -8011.28      0.00      1
1    102777 5626.0     3.98e+09     83.45    285.72   2218.44  -5944.26      0.00      1
1    102778 5626.0     2.63e+09     72.90    166.29    524.73  -4759.64      0.00      1
1    102779 5626.0     7.76e+10     67.87     88.45  -2393.64  -1480.05      0.00      1
1    102780 5626.0     7.59e+10     73.98    299.18   2238.26   3596.03      0.00      1
1    102781 5626.0     5.25e+09     86.52     43.66   3038.57  -5480.73      0.00      1
1    102782 5626.0     1.17e+09     65.23    249.37     -3.95    486.57      0.00      1
1    102783 5626.0     1.20e+09     75.34    339.82   1013.03  -1473.92      0.00      1
1    102784 5626.0     1.48e+10     75.71    115.74   2161.87  -2408.89      0.00      1
1    102785 5626.0     1.95e+09     65.02     97.07   1767.91  -1001.25      0.00      1
1    102786 5626.0     1.48e+10     79.66      2.54   5071.00   1575.47      0.00      1
1    102787 5626.0     7.08e+10     75.98     62.02  -3627.25  -7875.23      0.00      1
1    102788 5626.0     1.95e+10     72.13    182.57   5594.07  -3816.57      0.00      1
1    102789 5626.0     6.61e+10     85.95    210.15   1680.78  -6956.21      0.00      1
1    102790 5626.0     1.82e+09     69.39    322.09   -966.79  -8969.80      0.00      1
1    102791 5626.0     2.40e+09     80.96    228.97   4396.05  -1888.30      0.00      1
1    102792 5626.0     1.10e+09     72.76     86.13  -1701.78  -1986.56      0.00      1
1    102793 5626.0     1.70e+10     71.55    272.91   4454.71   2118.47      0.00      1
1    102794 5626.0     6.17e+10     80.81    260.64   3423.05   3800.76      0.00      1
1    102795 5626.0     5.50e+09     81.37     83.75  -2339.25  -8869.35      0.00      1
1    102796 5626.0     1.32e+10     67.73    217.98  -4349.07   2449.78      0.00      0
1    102797 5626.0     7.94e+10     73.90    215.26   -454.21   1496.32      0.00      1
1    102798 5626.0     9.77e+10     73.15    228.43  -1951.25   4711.22      0.00      1
1    102799 5626.0     2.57e+09     84.42     14.15   5321.48  -4682.90      0.00      1
