1    105400 5626.0     7.59e+08     65.64    144.40  -3663.68   2456.81      0.00      0
1    105401 5626.0     2.00e+08     72.08    143.37   3030.93  -9546.40      0.00      0
1    105402 5626.0     1.41e+08     78.53    306.74   -600.12  -5181.65      0.00      0
1    105403 5626.0     3.39e+08     66.26    270.42   2824.37   1102.06      0.00      0
1    105404 5626.0     1.29e+08     81.57     47.32   2231.64  -2018.66      0.00      0
1    105405 5626.0     1.45e+08     66.09    277.74   3965.35   -799.70      0.00      0
1    105406 5626.0     1.51e+08     72.96    337.87  -2728.11  -6981.86      0.00      0
1    105407 5626.0     2.45e+08     68.13    212.29   3099.54  -3116.58      0.00      0
1    105408 5626.0     8.13e+08     84.28     76.52   6153.48  -2909.30      0.00      0
1    105409 5626.0     3.89e+08     71.89    254.34  -4359.44  -9234.82      0.00      0
1    105410 5626.0     9.33e+08     73.90    292.89  -2957.93   3659.17      0.00      1
1    105411 5626.0     4.27e+08     75.18    255.59   6314.37   1038.86      0.00      1
1    105412 5626.0     2.29e+08     70.79    170.49  -3479.86   2392.42      0.00      0
1    105413 5626.0     2.19e+08     77.58    220.24  -2849.39  -9305.60      0.00      0
1    105414 5626.0     1.15e+08     80.86    194.32   -665.52   -199.17      0.00      0
1    105415 5626.0     1.48e+08     81.45      4.68   4036.11   3703.08      0.00      0
1    105416 5626.0     4.90e+08     82.32    270.78   1375.59  -1266.07      0.00      1
1    105418 5626.0     2.04e+08     85.35    243.35   3513.85  -5970.33      0.00      0
1    105419 5626.0     6.31e+08     84.20    174.92  -1026.77  -8195.08      0.00      1
1    105420 5626.0     3.31e+08     84.98    164.82   3545.76   -796.48      0.00      0
1    105421 5626.0     3.16e+08     65.11    239.06   3954.73  -3365.70      0.00      0
1    105422 5626.0     4.27e+08     65.20     87.41   1763.78  -4153.67      0.00      0
1    105423 5626.0     6.17e+08     71.03    109.86   3040.85   2790.84      0.00      1
1    105424 5626.0     1.95e+08     80.41    198.56   1273.15 -10113.78      0.00      0
1    105425 5626.0     1.86e+08     87.22    145.13  -4254.83  -7973.32      0.00      0
1    105426 5626.0     1.91e+08     80.25    106.66    173.23  -6368.57      0.00      0
1    105427 5626.0     8.32e+08     75.90     90.98  -1958.71  -1855.48      0.00      1
1    105428 5626.0     6.03e+08     66.45    335.59    797.37  -6829.65      0.00      0
1    105429 5626.0     9.77e+08     66.10    242.20   1836.30    286.63      0.00      1
1    105430 5626.0     2.09e+08     78.34    127.28   2073.63  -7097.16      0.00      0
1    105431 5626.0     3.55e+08     69.66    294.73    957.35  -5839.73      0.00      1
1    105432 5626.0     1.48e+08     71.18     88.24    745.71  -6383.98      0.00      0
1    105433 5626.0     3.02e+08     74.40    129.68   2715.15  -8716.63      0.00      1
1    105434 5626.0     1.23e+08     73.80     17.53   3413.67  -5065.34      0.00      0
1    105435 5626.0     3.39e+08     67.40     53.02   5782.06   -343.31      0.00      0
1    105436 5626.0     4.37e+08     86.40      4.76   3966.56  -7222.76      0.00      0
1    105437 5626.0     1.74e+08     87.52    216.93   5549.83  -7352.77      0.00      0
1    105438 5626.0     3.16e+08     67.13     31.16   4338.89 -10403.22      0.00      0
1    105439 5626.0     8.32e+08     67.51    295.68  -1294.34  -7139.70      0.00      1
1    105440 5626.0     3.39e+08     69.92    103.92   1322.06   -314.92      0.00      1
1    105441 5626.0     1.38e+08     79.83    335.14   5725.27 -10345.62      0.00      0
1    105442 5626.0     4.79e+08     83.55    201.04   4743.78  -3690.19      0.00      0
1    105443 5626.0     4.68e+08     85.36    181.04   3821.34  -7597.63      0.00      0
1    105444 5626.0     3.80e+08     70.18    213.35   2655.74   1505.91      0.00      1
1    105445 5626.0     2.40e+08     75.05     79.61     28.86  -9270.07      0.00      1
1    105446 5626.0     2.34e+08     83.66     77.07   -383.30  -1503.96      0.00      0
1    105447 5626.0     2.34e+08     83.47    353.34  -1751.35  -9511.66      0.00      0
1    105448 5626.0     1.17e+08     85.66    211.22  -1067.40   2749.82      0.00      0
1    105449 5626.0     7.24e+08     69.83     12.65   3064.20  -5382.92      0.00      1
1    105450 5626.0     7.41e+08     69.21    182.58   -577.61  -4431.89      0.00      0
1    105451 5626.0     2.24e+08     67.49    205.93   -487.29   2900.13      0.00      0
1    105452 5626.0     3.63e+08     68.44    125.19   6384.36   2707.58      0.00      0
1    105453 5626.0     6.92e+08     85.81     31.70  -1889.38  -8542.14      0.00      0
1    105454 5626.0     3.39e+08     71.11    337.52  -2876.99  -4225.91      0.00      0
1    105455 5626.0     7.76e+08     78.16     86.15  -4215.04  -5793.31      0.00      1
1    105456 5626.0     2.34e+08     69.63    200.47   3353.01  -2964.90      0.00      0
1    105457 5626.0     6.03e+08     68.54    251.72   2294.33  -6919.89      0.00      0
1    105458 5626.0     3.47e+08     79.59     39.15  -3327.53  -6507.38      0.00      0
1    105459 5626.0     1.12e+08     81.42    163.60  -3925.04  -2416.68      0.00      0
1    105460 5626.0     6.46e+08     78.31    349.12  -3905.05   4335.86      0.00      1
1    105461 5626.0     2.75e+08     79.73    349.77  -2097.85   4305.18      0.00      0
1    105462 5626.0     2.19e+08     79.34     28.23   5633.34  -5768.33      0.00      0
1    105463 5626.0     1.10e+08     70.19    136.13  -3616.62  -5905.87      0.00      0
1    105464 5626.0     9.12e+08     72.44    275.37   -487.50  -1902.89      0.00      1
1    105465 5626.0     2.09e+08     77.81     73.49  -3641.22   1973.99      0.00      0
1    105466 5626.0     2.14e+08     66.38    264.88   3592.13  -2625.67      0.00      0
1    105467 5626.0     8.32e+08     75.24     33.07  -3006.39  -9998.26      0.00      1
1    105468 5626.0     8.32e+08     66.40     62.55   5087.48  -5681.42      0.00      0
1    105469 5626.0     5.62e+08     80.07     56.45  -1156.98  -8089.37      0.00      1
1    105470 5626.0     6.03e+08     84.06    146.46   1789.89  -6642.37      0.00      0
1    105471 5626.0     2.51e+08     84.01     19.68   4384.09   2340.65      0.00      0
1    105472 5626.0     6.76e+08     71.62    195.98    535.47   -328.46      0.00      1
1    105473 5626.0     1.00e+09     71.26     49.52   5254.67   1937.51      0.00      1
1    105474 5626.0     4.90e+08     80.23    337.99   5226.15  -7418.94      0.00      1
1    105475 5626.0     6.46e+08     68.22     28.98  -2332.32  -8915.04      0.00      1
1    105476 5626.0     3.02e+08     83.12    115.08  -3934.95  -1341.17      0.00      0
1    105477 5626.0     4.57e+08     66.61    203.34   2809.47  -5199.06      0.00      0
1    105478 5626.0     4.07e+08     85.52    143.25   2477.63 -10336.47      0.00      0
1    105479 5626.0     5.13e+08     78.42    203.06   2558.73    758.01      0.00      1
1    105480 5626.0     2.63e+08     80.56     87.44    728.72  -6780.08      0.00      0
1    105481 5626.0     5.37e+08     85.85    211.55    723.78 -10270.02      0.00      0
1    105482 5626.0     1.58e+08     76.24    287.94   2808.88  -7167.78      0.00      0
1    105483 5626.0     3.89e+08     66.13      8.93  -3618.09   4576.34      0.00      0
1    105484 5626.0     9.55e+08     68.23    318.76   -673.88  -2229.84      0.00      1
1    105485 5626.0     2.40e+08     65.08    149.75  -1565.87  -4593.57      0.00      0
1    105486 5626.0     7.24e+08     79.45    152.84  -1613.79   3633.91      0.00      1
1    105487 5626.0     1.70e+08     85.39      6.14   5896.73  -8172.79      0.00      0
1    105488 5626.0     4.79e+08     85.24    311.79   1108.63  -4424.94      0.00      0
1    105489 5626.0     1.58e+08     78.22    228.62  -4053.48   2738.91      0.00      0
1    105490 5626.0     6.61e+08     65.52    222.52   3282.02   2609.32      0.00      0
1    105491 5626.0     8.71e+08     65.54    245.99   1892.92  -7634.21      0.00      0
1    105492 5626.0     6.31e+08     73.88    307.77     29.23  -2014.74      0.00      1
1    105493 5626.0     1.15e+08     82.46    314.59  -1699.46  -9736.71      0.00      0
1    105494 5626.0     4.17e+08     80.38    245.28     66.19   3344.89      0.00      1
1    105495 5626.0     1.70e+08     67.98    180.07   4760.88  -2621.15      0.00      0
1    105496 5626.0     1.35e+08     65.60    256.40  -1284.75  -4743.43      0.00      0
1    105497 5626.0     1.38e+08     67.08    164.64  -2977.58  -3209.24      0.00      0
1    105498 5626.0     9.77e+08     77.63    184.46   -404.16  -5040.81      0.00      1
1    105499 5626.0     8.51e+08     81.09    110.45   2722.13  -6453.53      0.00      1
