1      4900 14.0       5.25e+09     84.98     90.58  -3079.07    870.60      0.00      1
1      4901 14.0       1.70e+10     79.77    341.08   1958.23   4424.62      0.00      1
1      4902 14.0       1.38e+09     74.53     27.58   2149.25 -11187.99      0.00      1
1      4903 14.0       2.45e+10     86.44     19.92   4048.91   4186.64      0.00      1
1      4904 14.0       1.48e+10     85.66    317.71  -1116.14  -6991.47      0.00      1
1      4905 14.0       1.32e+10     76.55    299.57   1917.04  -2656.20      0.00      1
1      4906 14.0       3.72e+09     81.70    103.49   4929.10  -4787.17      0.00      1
1      4907 14.0       1.66e+09     73.98    134.55   2148.99   2977.79      0.00      1
1      4908 14.0       1.78e+09     66.00    280.43  -3377.41    859.26      0.00      1
1      4909 14.0       3.09e+09     87.48    183.25  -3829.66   4886.59      0.00      1
1      4910 14.0       1.02e+09     75.72     60.57    652.06  -5279.83      0.00      1
1      4911 14.0       5.62e+09     83.04    187.77   5902.37   -789.98      0.00      1
1      4912 14.0       7.59e+10     66.43     22.02  -3197.60   1563.71      0.00      1
1      4913 14.0       2.82e+10     72.73      2.07   1887.13  -1559.46      0.00      1
1      4914 14.0       1.07e+10     74.41    295.96  -2900.60   4444.29      0.00      1
1      4915 14.0       1.74e+09     86.10    193.03  -2470.38  -7101.37      0.00      1
1      4916 14.0       4.17e+10     66.29    199.99   1805.27  -5829.72      0.00      0
1      4917 14.0       3.09e+09     80.69     47.72   3983.63  -6019.01      0.00      1
1      4918 14.0       4.07e+09     78.57    328.66  -2765.08    344.74      0.00      1
1      4919 14.0       1.95e+10     81.25    165.36   1767.28  -2538.32      0.00      1
1      4920 14.0       2.14e+10     81.63    202.17   -369.69  -8572.57      0.00      1
1      4921 14.0       3.72e+10     75.91    194.42  -2779.38  -8032.07      0.00      1
1      4922 14.0       2.00e+10     68.04    294.00   5701.48  -3994.58      0.00      1
1      4923 14.0       5.75e+10     85.45    300.16   -810.22  -2206.45      0.00      1
1      4924 14.0       1.23e+10     73.31    204.75   3197.85 -11094.95      0.00      1
1      4925 14.0       6.61e+10     79.32     37.63    447.56   2231.06      0.00      1
1      4926 14.0       5.37e+09     78.60    192.49   2523.29  -1482.08      0.00      1
1      4927 14.0       2.40e+09     70.05    236.63   1561.37   2379.16      0.00      1
1      4928 14.0       5.13e+09     69.55    118.74   1636.97  -1142.71      0.00      1
1      4929 14.0       1.00e+10     84.17    359.41   1708.99  -5375.73      0.00      1
1      4930 14.0       7.59e+09     80.33     24.16  -1439.05    619.16      0.00      1
1      4931 14.0       6.46e+09     74.89    214.03  -3078.67   4731.21      0.00      1
1      4932 14.0       1.48e+09     84.22    224.93   5335.70    736.92      0.00      1
1      4933 14.0       1.23e+10     72.40    307.10   -573.21  -8670.56      0.00      1
1      4934 14.0       3.55e+10     82.65     28.26  -2038.67   1732.59      0.00      1
1      4935 14.0       3.39e+10     72.98     22.58  -3223.63   4410.88      0.00      1
1      4936 14.0       7.24e+09     80.41     47.26   3581.20   3483.06      0.00      1
1      4937 14.0       4.90e+10     87.62    352.38   6131.50   1287.84      0.00      1
1      4938 14.0       2.63e+10     79.00    217.83    341.66  -9384.24      0.00      1
1      4939 14.0       8.32e+09     86.80    183.90  -1125.43   4767.92      0.00      1
1      4941 14.0       3.47e+10     79.12     19.35   4848.77  -6822.53      0.00      1
1      4942 14.0       4.47e+10     72.34    243.48  -3008.76  -9177.29      0.00      1
1      4943 14.0       1.95e+09     86.76     84.90    658.13  -7108.64      0.00      1
1      4944 14.0       1.74e+10     67.24    310.69   2054.49  -1551.48      0.00      1
1      4945 14.0       2.51e+10     65.11    327.69   2494.27  -9044.66      0.00      0
1      4946 14.0       7.76e+09     86.83    290.31  -2542.68  -3688.33      0.00      1
1      4947 14.0       1.26e+10     78.22    109.19   3606.99  -1541.43      0.00      1
1      4948 14.0       1.38e+09     77.90    229.64     14.71   1211.75      0.00      1
1      4949 14.0       1.10e+10     67.03    245.42  -2763.98   1064.63      0.00      1
1      4950 14.0       4.90e+09     81.81    231.44  -4197.82   2928.29      0.00      1
1      4951 14.0       9.12e+09     83.76    127.28  -2491.45  -4564.23      0.00      1
1      4952 14.0       3.72e+09     81.30     14.68   5907.45   1885.45      0.00      1
1      4953 14.0       2.34e+09     74.10    148.33    324.74  -7222.28      0.00      1
1      4954 14.0       1.07e+09     86.29     55.79  -1338.67  -1727.00      0.00      0
1      4955 14.0       6.03e+10     81.66    166.11    653.10   3514.55      0.00      1
1      4956 14.0       3.98e+09     86.31    307.83   1268.10   4388.43      0.00      1
1      4957 14.0       5.37e+09     75.71    197.96   2103.72    684.51      0.00      1
1      4958 14.0       2.19e+10     68.90    172.72   1985.75   2170.16      0.00      1
1      4959 14.0       9.12e+09     81.45     26.93  -1652.53  -3261.98      0.00      1
1      4960 14.0       5.50e+09     79.17    169.02   3361.75   2677.73      0.00      1
1      4961 14.0       2.51e+09     69.62      2.14  -4380.62   3532.53      0.00      0
1      4962 14.0       3.72e+09     86.75     46.46     22.36   3026.61      0.00      1
1      4963 14.0       4.37e+10     82.62     22.54    502.10 -10151.36      0.00      1
1      4964 14.0       5.75e+09     66.77    318.26    -81.34  -7201.35      0.00      1
1      4965 14.0       3.72e+10     79.31     73.83   5313.26   -790.09      0.00      1
1      4966 14.0       3.89e+09     77.48    345.05   5892.97  -7054.11      0.00      1
1      4967 14.0       1.02e+09     75.46    155.65   3262.33      5.18      0.00      1
1      4968 14.0       7.94e+10     67.77     19.62  -2140.93  -6338.68      0.00      0
1      4969 14.0       7.41e+09     68.88    342.64   3271.49    269.71      0.00      1
1      4970 14.0       3.39e+10     78.12    301.68   3738.01  -5966.63      0.00      1
1      4971 14.0       1.00e+09     87.94    121.93   6369.70   -398.25      0.00      0
1      4972 14.0       6.31e+10     82.44    161.30   4644.24  -5483.83      0.00      1
1      4973 14.0       6.03e+10     75.83      4.35   4954.28  -7774.65      0.00      1
1      4974 14.0       1.78e+09     82.42    122.82  -1100.62   1959.87      0.00      1
1      4975 14.0       3.24e+09     82.51     91.39  -1389.98   3618.41      0.00      1
1      4976 14.0       2.51e+09     78.65    222.51  -1097.33  -6694.62      0.00      1
1      4977 14.0       1.29e+10     72.15    160.25  -2774.51  -1888.23      0.00      1
1      4978 14.0       6.46e+10     84.41     41.52  -2043.12  -3743.15      0.00      1
1      4979 14.0       5.25e+09     71.41     57.82   5415.05  -3854.70      0.00      1
1      4980 14.0       2.14e+09     76.23      9.85   3415.34    349.24      0.00      1
1      4981 14.0       5.62e+09     76.00    110.42  -1741.72   2137.16      0.00      1
1      4982 14.0       2.63e+10     70.95    112.13   5965.48  -7372.94      0.00      0
1      4983 14.0       1.91e+09     80.50    240.28   6263.23  -1993.20      0.00      1
1      4984 14.0       2.63e+10     82.15     44.47   4050.29  -6738.99      0.00      1
1      4985 14.0       1.70e+09     83.66     72.55  -2860.12  -6245.18      0.00      1
1      4986 14.0       7.76e+09     66.83    240.24   4630.97 -11077.78      0.00      0
1      4987 14.0       6.03e+09     79.30    136.05   5059.87  -3184.66      0.00      1
1      4988 14.0       1.05e+09     87.54     88.56  -2280.35  -1744.25      0.00      0
1      4989 14.0       3.02e+09     66.51    148.00  -3985.98  -6573.97      0.00      0
1      4990 14.0       4.57e+09     79.78     34.57    201.66   -296.31      0.00      1
1      4991 14.0       2.69e+09     75.88     33.99   4342.61   -897.69      0.00      1
1      4992 14.0       1.12e+10     84.12    329.01   4238.00  -1070.00      0.00      1
1      4993 14.0       1.95e+09     86.89    142.66   6330.02  -9643.36      0.00      0
1      4994 14.0       2.14e+10     85.51     63.22   4499.81  -9184.75      0.00      1
1      4995 14.0       2.09e+09     69.52    236.34   4447.63 -10614.38      0.00      0
1      4996 14.0       3.24e+10     65.95    150.54  -2291.86  -6736.66      0.00      0
1      4997 14.0       4.79e+10     79.20    277.69   4938.60   3048.96      0.00      1
1      4998 14.0       1.07e+10     68.18    104.87     91.07   1606.56      0.00      1
1      4999 14.0       1.07e+10     76.51    183.46   2763.91  -8531.08      0.00      1
