1      3700 14.0       3.72e+09     80.39    287.21   3514.07    340.38      0.00      1
1      3701 14.0       1.51e+09     68.56    234.09   1522.96  -8704.55      0.00      1
1      3702 14.0       2.00e+09     76.58     85.11   -202.88  -9222.73      0.00      1
1      3703 14.0       7.08e+09     76.26    290.90   4275.30   -283.76      0.00      1
1      3704 14.0       3.89e+10     72.21     43.03   -882.54  -2938.90      0.00      1
1      3705 14.0       1.82e+10     67.03    168.81   -240.72   1358.17      0.00      1
1      3706 14.0       5.01e+09     82.19    336.13    955.22   4559.11      0.00      1
1      3707 14.0       8.71e+10     69.67    195.70   -736.28  -4015.68      0.00      1
1      3708 14.0       1.51e+09     71.91     83.97  -1489.08   4454.56      0.00      1
1      3709 14.0       4.07e+09     72.62    338.98    580.09  -4118.54      0.00      1
1      3710 14.0       2.88e+10     65.44     97.28   6336.64  -1991.79      0.00      0
1      3711 14.0       4.90e+09     75.95     66.97   3267.97   5168.94      0.00      1
1      3712 14.0       2.09e+09     73.56    140.71   3517.07   1751.41      0.00      1
1      3713 14.0       1.62e+09     67.15    243.86   3774.09  -2621.54      0.00      1
1      3714 14.0       1.07e+10     68.50    201.93  -1958.83 -10431.80      0.00      1
1      3715 14.0       2.09e+10     65.68    284.24   5741.81 -11105.18      0.00      0
1      3716 14.0       1.78e+10     74.62    248.45   -575.88  -6677.29      0.00      1
1      3717 14.0       4.17e+09     67.19    315.51   4050.26  -8717.13      0.00      1
1      3718 14.0       4.37e+10     68.61     31.96   6447.82   4912.83      0.00      0
1      3719 14.0       1.70e+10     87.50    133.56   4766.39    -41.17      0.00      1
1      3720 14.0       8.71e+10     67.94    222.06  -4129.80 -10363.65      0.00      1
1      3721 14.0       1.35e+09     67.38    326.19   3940.68   -974.96      0.00      1
1      3722 14.0       2.75e+10     85.24     74.75  -2078.44  -2634.78      0.00      1
1      3723 14.0       1.12e+10     67.51    230.19   4979.28  -5035.42      0.00      0
1      3724 14.0       8.51e+09     72.94     99.42   -543.05   -506.43      0.00      1
1      3725 14.0       3.47e+09     75.21    128.09   3232.54   3816.24      0.00      1
1      3726 14.0       9.55e+10     69.79    165.87   6301.51   5167.65      0.00      0
1      3727 14.0       5.89e+10     75.68    138.52  -3388.40 -10106.44      0.00      0
1      3728 14.0       2.34e+10     86.34    342.42  -4202.33  -6928.03      0.00      1
1      3729 14.0       2.24e+09     87.98    331.49   3326.26  -5610.43      0.00      0
1      3730 14.0       1.48e+10     78.61    263.21  -1149.30   -462.23      0.00      1
1      3731 14.0       1.82e+09     75.78    131.73   4614.18  -7317.79      0.00      1
1      3732 14.0       6.17e+10     87.13    180.33    678.46  -5481.39      0.00      1
1      3733 14.0       1.12e+09     77.36    254.49    727.08  -2333.65      0.00      1
1      3734 14.0       4.37e+09     74.16     67.88  -2116.91  -3387.44      0.00      1
1      3735 14.0       3.39e+09     80.26      7.58   4277.22  -2121.26      0.00      1
1      3736 14.0       7.41e+09     77.76    215.09   4721.35 -10423.70      0.00      1
1      3737 14.0       5.37e+09     83.35     21.87   3445.22 -10536.88      0.00      1
1      3738 14.0       8.32e+09     76.45    248.22   2669.09  -4330.84      0.00      1
1      3739 14.0       1.41e+10     70.40    281.29   3647.55  -7705.23      0.00      1
1      3740 14.0       1.74e+09     84.65    152.91  -4045.60  -2156.08      0.00      1
1      3741 14.0       8.71e+10     78.53    157.46   2220.92    620.10      0.00      1
1      3742 14.0       2.34e+10     80.49     28.97  -2782.17    -83.41      0.00      1
1      3743 14.0       3.09e+10     76.17    321.51  -2900.74    712.13      0.00      1
1      3744 14.0       4.37e+10     66.21    253.49   1139.66  -2950.07      0.00      1
1      3745 14.0       1.70e+09     76.95    220.50   3582.90   1735.02      0.00      1
1      3746 14.0       1.51e+10     79.70    331.32   5052.00  -6018.78      0.00      1
1      3747 14.0       1.12e+10     72.24     50.30   2532.05   2695.78      0.00      1
1      3748 14.0       2.24e+09     82.40    180.15  -1490.17  -6189.70      0.00      1
1      3749 14.0       4.79e+10     67.01    208.99   2289.35  -2722.04      0.00      1
1      3750 14.0       8.51e+10     70.71    167.64   6069.54  -7113.57      0.00      0
1      3751 14.0       5.50e+10     78.40    107.66  -1976.32  -3432.96      0.00      1
1      3752 14.0       2.40e+10     70.54    322.13  -3042.99   -310.91      0.00      1
1      3753 14.0       7.59e+09     69.73    231.25   4154.17  -5422.31      0.00      1
1      3754 14.0       3.72e+09     86.34    128.54   4035.08  -6377.11      0.00      1
1      3755 14.0       1.26e+09     71.96     14.94   5455.62  -7197.97      0.00      1
1      3756 14.0       7.08e+10     82.02    300.49  -1153.75    716.96      0.00      1
1      3757 14.0       2.04e+10     79.16      8.97   5447.17  -5328.31      0.00      1
1      3758 14.0       6.46e+09     77.24     60.70  -1503.01   2537.36      0.00      1
1      3759 14.0       1.23e+10     72.64     63.86  -1659.00  -2410.86      0.00      1
1      3760 14.0       5.75e+10     66.49     46.60   -319.28  -9295.54      0.00      1
1      3761 14.0       1.51e+09     77.06    347.34   3346.62   -838.78      0.00      1
1      3762 14.0       1.15e+09     66.10    139.48  -1092.27  -5485.64      0.00      0
1      3763 14.0       2.75e+09     76.50    324.69  -3692.50  -8980.55      0.00      1
1      3764 14.0       1.55e+09     75.80     71.88   -122.95 -11276.01      0.00      1
1      3765 14.0       1.55e+09     77.51    206.21   4837.50    444.61      0.00      1
1      3766 14.0       2.57e+10     82.39    149.51   1716.99  -8244.90      0.00      1
1      3767 14.0       5.37e+10     87.26     26.65     26.60    241.49      0.00      1
1      3768 14.0       2.00e+10     67.31    300.88  -1485.39   5099.18      0.00      1
1      3769 14.0       1.05e+09     81.88     33.15   1885.03  -5639.93      0.00      1
1      3770 14.0       1.05e+09     86.01     55.42   5030.22   3905.88      0.00      0
1      3771 14.0       6.03e+09     79.11    272.10   -301.10   -155.77      0.00      1
1      3772 14.0       4.17e+10     71.25    196.37  -1561.72  -6302.26      0.00      1
1      3773 14.0       2.88e+09     70.56     23.97     62.71   -579.41      0.00      1
1      3774 14.0       1.55e+09     81.90     36.92  -3552.37   3130.47      0.00      1
1      3775 14.0       3.55e+10     78.74     42.69   5495.83    407.00      0.00      1
1      3776 14.0       2.57e+10     72.04     65.28   3351.68  -2674.16      0.00      1
1      3777 14.0       3.09e+10     86.47    107.55   2377.16  -5144.62      0.00      1
1      3778 14.0       1.00e+11     76.44    138.50   4921.90  -6454.22      0.00      1
1      3779 14.0       4.68e+10     67.69     16.20   3511.36     97.36      0.00      1
1      3780 14.0       5.75e+10     85.41    287.86   -103.68   1222.14      0.00      1
1      3781 14.0       6.61e+09     74.69     86.77    -58.51   3309.12      0.00      1
1      3782 14.0       3.24e+09     81.02    285.46   5183.18   5072.20      0.00      1
1      3783 14.0       1.78e+09     82.36    275.56  -2266.76  -9708.69      0.00      1
1      3784 14.0       1.45e+09     75.21    149.08   1482.42   1836.26      0.00      1
1      3785 14.0       5.37e+09     83.48    169.59   5630.20  -7810.49      0.00      1
1      3786 14.0       7.41e+09     83.23      7.97   3984.77  -8685.35      0.00      1
1      3787 14.0       7.41e+09     87.66    302.52   2578.88  -1005.77      0.00      1
1      3788 14.0       1.70e+09     86.21     61.56   5426.76  -1075.61      0.00      1
1      3789 14.0       9.77e+10     86.35    223.75   6394.93  -2858.20      0.00      1
1      3790 14.0       2.75e+09     78.34     96.31    965.03  -8129.38      0.00      1
1      3791 14.0       2.09e+10     73.58     87.52   1757.27  -3695.38      0.00      1
1      3792 14.0       1.26e+10     82.52    320.15   3077.20  -1248.29      0.00      1
1      3793 14.0       1.58e+09     73.02    338.04   2209.94  -1553.45      0.00      1
1      3794 14.0       1.23e+10     68.57    117.87  -3714.32  -1694.32      0.00      1
1      3795 14.0       7.94e+10     80.00    289.95  -2859.83  -7044.50      0.00      1
1      3796 14.0       1.86e+10     70.93     47.21  -2146.18   2703.77      0.00      1
1      3797 14.0       1.45e+09     72.32    322.12   5786.90  -5458.28      0.00      1
1      3798 14.0       3.89e+09     75.40    299.05   4682.87  -5316.54      0.00      1
1      3799 14.0       7.94e+10     83.79    238.17   5566.46    385.38      0.00      1
