1    102900 5626.0     2.45e+09     83.39    190.45   6288.16   3023.67      0.00      1
1    102901 5626.0     2.24e+09     86.66    332.56   -567.94 -10944.53      0.00      0
1    102902 5626.0     5.25e+09     85.64     28.22    191.57  -5041.04      0.00      1
1    102903 5626.0     7.24e+10     85.83     97.05  -1942.20  -1803.26      0.00      1
1    102904 5626.0     8.71e+10     66.53    147.28  -2914.18  -6077.34      0.00      1
1    102905 5626.0     8.91e+10     87.34    178.96   1635.14  -7921.51      0.00      1
1    102906 5626.0     2.69e+10     72.49    333.36   5324.31 -11293.95      0.00      0
1    102907 5626.0     1.48e+10     69.16    225.03   4927.17  -7852.44      0.00      0
1    102908 5626.0     1.07e+09     85.62    323.18   -132.34  -9614.07      0.00      0
1    102909 5626.0     6.92e+10     73.99    339.46  -4304.50  -4623.41      0.00      1
1    102910 5626.0     2.00e+10     74.07    278.23   -820.14   2517.27      0.00      1
1    102911 5626.0     1.95e+10     74.70    350.27    578.41   3788.54      0.00      1
1    102912 5626.0     7.08e+10     67.48     12.15    547.73  -8323.37      0.00      1
1    102913 5626.0     7.24e+09     81.66     70.39   3908.39  -4263.34      0.00      1
1    102914 5626.0     3.55e+10     82.77    192.17    984.30  -2382.63      0.00      1
1    102915 5626.0     5.89e+10     71.57    309.05  -1134.84  -7043.46      0.00      1
1    102916 5626.0     2.40e+10     83.51    228.40    835.45  -8877.45      0.00      1
1    102917 5626.0     2.63e+10     79.63    259.69    920.60    971.97      0.00      1
1    102918 5626.0     9.33e+09     69.42    314.04    745.59   4619.86      0.00      0
1    102919 5626.0     9.12e+10     77.17    193.80  -1846.04  -2643.96      0.00      1
1    102920 5626.0     8.91e+10     78.29     36.71  -1611.71  -1083.23      0.00      1
1    102921 5626.0     1.78e+10     83.31      3.08  -2762.99  -7348.77      0.00      1
1    102922 5626.0     1.12e+10     85.27     49.21  -3732.61  -7350.48      0.00      1
1    102923 5626.0     9.12e+10     68.61    243.62  -3951.25  -8609.44      0.00      1
1    102924 5626.0     3.39e+09     65.77    230.39   2342.82 -10689.22      0.00      1
1    102925 5626.0     5.13e+09     77.25    254.34   3421.19    893.33      0.00      1
1    102926 5626.0     2.45e+09     67.85    305.48  -1767.77  -5190.58      0.00      1
1    102927 5626.0     3.02e+10     72.90    295.34   1536.77  -8898.40      0.00      1
1    102928 5626.0     2.29e+10     71.78     80.69  -1593.29  -8169.50      0.00      1
1    102929 5626.0     9.55e+09     80.20    240.03  -2472.66  -4374.57      0.00      1
1    102930 5626.0     3.55e+10     86.95    195.83  -1291.89   3547.19      0.00      1
1    102931 5626.0     2.75e+09     73.19    169.00    481.76  -8225.14      0.00      1
1    102932 5626.0     3.24e+09     66.86     24.35   3255.25   -953.09      0.00      1
1    102933 5626.0     9.77e+10     71.39      5.58   -237.27    208.11      0.00      1
1    102934 5626.0     1.41e+10     85.83     48.88  -1076.36  -3042.43      0.00      1
1    102935 5626.0     1.95e+10     75.60    197.08   3592.88   -338.59      0.00      1
1    102936 5626.0     5.25e+09     85.47    129.47   3505.30   -685.31      0.00      1
1    102937 5626.0     3.16e+09     83.34     71.99   3570.94  -9831.99      0.00      1
1    102938 5626.0     3.16e+09     83.45    217.12  -3188.38  -1057.71      0.00      1
1    102939 5626.0     1.91e+10     78.95    259.03  -3766.33   2246.50      0.00      1
1    102940 5626.0     8.32e+09     83.19     83.35   2526.02   3324.17      0.00      1
1    102941 5626.0     4.37e+09     83.85    273.25   6205.42  -5900.29      0.00      1
1    102942 5626.0     2.82e+09     71.77     74.10   4410.26   5120.22      0.00      1
1    102943 5626.0     8.13e+09     72.15    152.88     20.20   2991.20      0.00      1
1    102944 5626.0     3.16e+10     65.42    265.55   3136.73   2424.26      0.00      0
1    102945 5626.0     2.63e+10     87.54     22.95   2806.09  -1224.78      0.00      1
1    102946 5626.0     5.75e+10     77.79    332.97   4556.27   2101.02      0.00      1
1    102947 5626.0     2.04e+09     65.67    115.63   5925.40  -2706.45      0.00      1
1    102948 5626.0     4.79e+09     75.20    265.75    -17.86 -10801.62      0.00      1
1    102949 5626.0     1.23e+09     70.18    104.48   2478.51  -9230.40      0.00      1
1    102950 5626.0     1.45e+09     73.16    147.00   -541.24  -4518.04      0.00      1
1    102951 5626.0     2.95e+09     67.99    130.54   -588.10    688.73      0.00      1
1    102952 5626.0     4.27e+10     85.81     65.67   2123.69  -3928.04      0.00      1
1    102953 5626.0     3.89e+10     71.65     89.12    497.22  -9256.70      0.00      1
1    102954 5626.0     5.13e+10     71.09    200.96  -3499.06  -4387.48      0.00      1
1    102955 5626.0     3.72e+09     84.99    241.10  -2993.40   3729.96      0.00      1
1    102956 5626.0     1.05e+10     81.75    223.59   2073.50   3214.30      0.00      1
1    102957 5626.0     2.00e+10     67.87    276.41   5004.00 -10505.32      0.00      0
1    102958 5626.0     1.26e+10     77.33     77.89   -468.50    705.11      0.00      1
1    102959 5626.0     6.61e+09     86.19    143.15   5991.24   1889.51      0.00      1
1    102960 5626.0     2.14e+09     73.68     77.79   6359.77    392.08      0.00      1
1    102961 5626.0     4.90e+09     78.86    358.70   -995.02 -10373.85      0.00      1
1    102962 5626.0     3.02e+10     83.61    183.58  -1060.50  -8181.39      0.00      1
1    102963 5626.0     2.75e+10     83.08    274.83   4115.30  -8154.08      0.00      1
1    102964 5626.0     2.95e+09     84.35     43.29   5055.77  -9893.61      0.00      1
1    102965 5626.0     1.41e+10     79.22     56.14     57.34  -3890.28      0.00      1
1    102966 5626.0     1.23e+10     86.89    155.67   -688.74    257.42      0.00      1
1    102967 5626.0     2.45e+10     85.75     34.80   3530.96   4242.53      0.00      1
1    102968 5626.0     6.17e+10     85.03    338.01    587.50     55.73      0.00      1
1    102969 5626.0     2.04e+09     87.32     31.26   -199.68   4554.66      0.00      0
1    102970 5626.0     9.33e+09     68.25    292.89   1986.63 -10942.49      0.00      0
1    102971 5626.0     3.09e+10     65.88    138.67   1079.38   2160.12      0.00      1
1    102972 5626.0     1.10e+10     86.63     57.20   3617.71  -1458.08      0.00      1
1    102973 5626.0     3.39e+10     71.29    210.06   -885.89   -356.34      0.00      1
1    102974 5626.0     6.76e+09     85.78     91.42  -1866.64  -6272.39      0.00      1
1    102975 5626.0     3.55e+09     79.87     96.68   5016.42    933.62      0.00      1
1    102976 5626.0     5.37e+09     84.90    191.67   3601.09  -7903.20      0.00      1
1    102977 5626.0     3.55e+10     80.72    114.40  -3166.65  -6177.29      0.00      1
1    102978 5626.0     1.58e+10     86.70    311.35   2397.63  -9471.23      0.00      1
1    102979 5626.0     9.55e+10     79.38    214.04   2622.44  -7966.56      0.00      1
1    102980 5626.0     1.15e+10     71.56    313.62    864.92   1142.22      0.00      1
1    102981 5626.0     1.55e+10     68.79    287.92   2324.75   4143.67      0.00      0
1    102982 5626.0     5.13e+09     72.21    319.88   5690.50   2122.13      0.00      1
1    102983 5626.0     6.61e+09     87.92    185.53   2665.28   4109.96      0.00      1
1    102984 5626.0     7.24e+09     71.74     52.87  -1101.42   -526.36      0.00      1
1    102985 5626.0     7.41e+09     86.48    127.68   3600.75 -11262.35      0.00      1
1    102986 5626.0     1.15e+10     69.69    170.02  -3233.75  -9798.17      0.00      1
1    102987 5626.0     1.78e+10     82.25    331.61   -591.34  -2220.05      0.00      1
1    102988 5626.0     1.51e+10     77.88    346.54   5752.23  -7041.68      0.00      1
1    102989 5626.0     7.94e+09     87.90    212.40    824.21   1259.21      0.00      1
1    102990 5626.0     1.51e+09     81.82    202.49  -3870.25  -2335.47      0.00      1
1    102991 5626.0     2.14e+10     85.40    190.05   4448.44  -4453.67      0.00      1
1    102992 5626.0     9.77e+09     67.26     78.59  -2116.45    714.86      0.00      1
1    102993 5626.0     3.80e+10     71.71    273.67   1782.15  -1828.34      0.00      1
1    102994 5626.0     4.37e+10     85.50     96.99  -1986.40  -2092.85      0.00      1
1    102995 5626.0     6.17e+10     81.46    289.70  -3442.15  -9901.56      0.00      1
1    102996 5626.0     1.02e+09     68.62    148.55   5754.55  -8453.64      0.00      0
1    102997 5626.0     2.09e+09     72.42    118.75   4569.14  -3520.40      0.00      1
1    102998 5626.0     1.58e+10     72.71     72.10  -3108.33   -397.44      0.00      1
1    102999 5626.0     1.51e+10     83.76    163.33   6230.89  -9424.09      0.00      1
