1      4000 14.0       1.62e+09     77.04    329.31  -2799.83  -2708.37      0.00      1
1      4001 14.0       7.76e+09     77.08     80.36   1256.10  -3876.17      0.00      1
1      4002 14.0       4.47e+09     80.69    121.69   4734.75 -10744.53      0.00      1
1      4003 14.0       9.12e+10     83.50    323.00   4272.87    253.80      0.00      1
1      4004 14.0       2.95e+09     66.46     64.26   1591.25   3046.21      0.00      1
1      4005 14.0       3.47e+09     73.02    106.66   2288.76   2391.96      0.00      1
1      4006 14.0       2.24e+10     74.05    146.34  -1253.02  -9370.65      0.00      1
1      4007 14.0       2.45e+10     74.48      1.04  -1971.98  -9560.39      0.00      1
1      4008 14.0       1.78e+09     85.43    321.89   1973.78  -5139.49      0.00      1
1      4009 14.0       6.92e+09     81.45    196.72  -3676.73  -3701.10      0.00      1
1      4010 14.0       6.03e+09     67.40     42.61   5093.13  -3930.50      0.00      1
1      4011 14.0       1.41e+09     65.95    193.13   3581.88  -1552.61      0.00      0
1      4012 14.0       5.01e+09     78.01     91.62   4106.11   5042.46      0.00      1
1      4013 14.0       5.62e+10     85.66     63.41   2444.26 -10588.45      0.00      1
1      4014 14.0       6.03e+09     80.26     44.69  -2623.80   -906.56      0.00      1
1      4015 14.0       8.71e+10     81.07     26.48   2052.95  -4850.79      0.00      1
1      4016 14.0       3.09e+10     86.61     96.61  -1394.06  -9935.26      0.00      1
1      4017 14.0       1.05e+09     72.19    244.12   4019.60   2440.49      0.00      1
1      4018 14.0       1.29e+10     71.02    348.65   -360.64  -3291.11      0.00      1
1      4019 14.0       4.47e+10     67.93    123.71    450.98  -7174.51      0.00      1
1      4020 14.0       3.09e+09     71.70    201.00    782.37  -6335.12      0.00      1
1      4021 14.0       1.10e+09     86.64    259.90   -888.48   2313.89      0.00      0
1      4022 14.0       5.89e+09     83.30    297.74   6169.05  -1899.89      0.00      1
1      4023 14.0       2.34e+09     81.18    293.76   6488.42   -705.67      0.00      1
1      4024 14.0       6.61e+10     70.35    169.98   2281.53    818.53      0.00      1
1      4025 14.0       3.02e+09     86.04    169.72   -736.52 -10833.37      0.00      1
1      4026 14.0       1.45e+10     70.04    358.09   -388.81   2891.93      0.00      1
1      4027 14.0       4.27e+10     66.63    181.40    119.36   4254.84      0.00      0
1      4028 14.0       3.31e+09     85.69    178.73   3834.46  -5628.51      0.00      1
1      4029 14.0       6.31e+10     82.35    307.92   5951.41  -1771.53      0.00      1
1      4030 14.0       6.31e+10     74.90     82.11   1474.63  -7555.98      0.00      1
1      4031 14.0       2.75e+09     65.56    228.79  -3373.64  -5450.51      0.00      1
1      4032 14.0       8.13e+09     70.91    165.07   6420.56  -7950.91      0.00      0
1      4033 14.0       1.41e+09     86.03    340.74   3636.40 -10723.09      0.00      0
1      4034 14.0       1.05e+10     79.73    167.37  -3283.25  -3494.36      0.00      1
1      4035 14.0       2.09e+10     85.60    194.42  -4285.49 -11185.26      0.00      1
1      4036 14.0       1.48e+09     79.57    186.88  -3754.97 -11133.42      0.00      1
1      4037 14.0       6.03e+10     85.16    118.14  -3195.62  -7195.62      0.00      1
1      4038 14.0       4.27e+10     85.55    356.10   2402.32  -3037.31      0.00      1
1      4039 14.0       6.61e+10     68.11     81.17   3595.26  -4721.90      0.00      0
1      4040 14.0       8.71e+09     78.22    181.29   5429.62  -4018.26      0.00      1
1      4041 14.0       2.04e+10     77.31    242.51  -2693.08   3837.86      0.00      1
1      4042 14.0       1.07e+10     73.12    270.03  -2386.00    489.02      0.00      1
1      4043 14.0       1.05e+10     70.03     95.89  -1290.59    -90.59      0.00      1
1      4044 14.0       2.45e+09     67.82    137.90   -176.40 -11022.18      0.00      1
1      4045 14.0       3.63e+09     75.09     70.93    328.31   4546.75      0.00      1
1      4046 14.0       6.61e+09     71.86    164.57  -1094.67   2582.79      0.00      1
1      4047 14.0       1.91e+10     68.56    185.89   -819.53    937.76      0.00      1
1      4048 14.0       8.32e+09     75.75    168.97   4718.68   4355.14      0.00      1
1      4049 14.0       1.10e+10     65.73    195.59  -2256.52  -1846.83      0.00      1
1      4050 14.0       2.34e+09     74.73    224.18  -2368.33   3995.74      0.00      1
1      4051 14.0       1.32e+10     73.65    206.48   1611.29  -6266.77      0.00      1
1      4052 14.0       1.51e+10     66.74     58.92   2217.19    824.72      0.00      1
1      4053 14.0       2.34e+10     76.54     58.16   2668.79  -4694.55      0.00      1
1      4054 14.0       1.58e+09     77.29    300.62    636.34   3484.24      0.00      1
1      4055 14.0       2.00e+09     68.29    289.05   2492.21   4033.79      0.00      1
1      4056 14.0       4.90e+09     78.30    202.83   3695.15   2429.56      0.00      1
1      4057 14.0       3.89e+09     83.15     10.12   4400.88  -9785.00      0.00      1
1      4058 14.0       2.88e+10     78.38     27.05  -2223.15  -2308.43      0.00      1
1      4059 14.0       6.61e+10     69.44    120.78   3981.87   4339.49      0.00      0
1      4060 14.0       1.35e+09     78.39    215.05   3257.70  -4106.15      0.00      1
1      4061 14.0       1.41e+09     66.26    168.19   -695.40 -10191.09      0.00      0
1      4062 14.0       1.12e+09     66.09     57.80   1592.41  -8745.33      0.00      0
1      4063 14.0       1.23e+09     84.04    318.20   1163.32 -10243.18      0.00      1
1      4064 14.0       5.75e+10     70.89    343.75  -4349.39  -2294.52      0.00      1
1      4065 14.0       2.82e+09     77.92    181.02   1155.60   1999.00      0.00      1
1      4066 14.0       3.24e+10     73.65    182.89  -3615.56   2739.94      0.00      1
1      4067 14.0       4.07e+10     68.96    267.07   5773.43  -9903.88      0.00      1
1      4068 14.0       5.62e+10     70.82    304.99    343.24  -8300.20      0.00      1
1      4069 14.0       1.58e+10     79.96    309.46   5697.78  -9477.15      0.00      1
1      4070 14.0       2.09e+10     74.02     87.57   6234.62   -412.67      0.00      1
1      4071 14.0       1.51e+09     70.47    212.18   2909.37  -7102.95      0.00      1
1      4072 14.0       5.25e+10     73.40    170.53  -3160.98 -10891.50      0.00      1
1      4073 14.0       1.86e+10     74.09     20.61   -100.30   2155.89      0.00      1
1      4074 14.0       6.17e+09     73.89    103.93   6170.65  -4252.67      0.00      1
1      4075 14.0       8.32e+10     76.70    126.23   1859.56   -551.49      0.00      1
1      4076 14.0       5.25e+09     80.14    198.64   1086.34  -2731.67      0.00      1
1      4077 14.0       1.86e+09     84.44     19.49  -2420.08 -10383.03      0.00      1
1      4078 14.0       9.12e+10     86.14    283.84   2132.53    374.38      0.00      1
1      4079 14.0       8.32e+09     84.62    249.64  -2058.07  -1837.40      0.00      1
1      4080 14.0       1.02e+10     67.69    352.12   2815.77  -9286.00      0.00      1
1      4081 14.0       3.02e+09     81.61     70.99   5190.57  -8280.37      0.00      1
1      4082 14.0       8.51e+10     80.64    111.41     89.64  -2821.90      0.00      1
1      4083 14.0       8.13e+09     86.30    302.01   6479.68  -8863.56      0.00      1
1      4084 14.0       1.17e+10     71.00    239.59  -3801.72 -10208.44      0.00      1
1      4085 14.0       1.74e+09     73.64      8.84  -3856.78  -5864.13      0.00      1
1      4086 14.0       3.80e+09     67.11    228.28  -2553.40   2241.71      0.00      1
1      4087 14.0       2.19e+10     85.99    241.48   4926.79   4677.57      0.00      1
1      4088 14.0       6.76e+09     75.65    304.13  -2106.18 -10497.29      0.00      1
1      4089 14.0       9.12e+09     81.46    237.55  -4379.63  -8964.36      0.00      1
1      4090 14.0       3.89e+09     70.59    236.44   1783.63   4412.87      0.00      1
1      4091 14.0       1.32e+09     73.52     17.12   1931.67  -7518.93      0.00      1
1      4092 14.0       1.74e+10     79.87    264.41   4232.66  -9625.19      0.00      1
1      4093 14.0       1.15e+10     76.82     10.46   5829.14   4441.34      0.00      1
1      4094 14.0       4.17e+10     81.33    353.77   5103.25  -5666.20      0.00      1
1      4095 14.0       1.45e+09     67.18    110.36   1798.78   4909.16      0.00      1
1      4096 14.0       5.01e+09     83.31    172.11   3962.24 -10486.65      0.00      1
1      4097 14.0       6.46e+09     84.74    357.57   3000.33  -8737.65      0.00      1
1      4098 14.0       2.45e+10     81.99    227.49  -4288.25   1183.80      0.00      1
1      4099 14.0       9.55e+10     78.10    101.36  -4343.70   1585.23      0.00      1
