1    106500 5626.0     9.33e+08     80.31    260.24   -353.35  -8903.96      0.00      1
1    106501 5626.0     8.71e+08     68.26    195.79    352.16  -4204.21      0.00      1
1    106502 5626.0     1.78e+08     73.05      6.72   4489.93  -4182.57      0.00      1
1    106503 5626.0     9.77e+08     86.12    108.45    835.64  -1377.41      0.00      0
1    106504 5626.0     1.70e+08     68.92    147.48   4570.54  -2402.59      0.00      0
1    106505 5626.0     2.34e+08     66.87    326.28  -3657.58    118.88      0.00      0
1    106506 5626.0     1.82e+08     78.04    349.40   1329.46   4751.40      0.00      0
1    106507 5626.0     1.55e+08     74.20    358.21   3494.59   4021.41      0.00      0
1    106508 5626.0     9.77e+08     82.56     92.13  -1491.15  -6175.71      0.00      1
1    106509 5626.0     1.32e+08     74.26     89.00  -3738.20   1085.84      0.00      0
1    106510 5626.0     6.46e+08     83.30      9.13   3606.39  -8929.06      0.00      1
1    106511 5626.0     2.45e+08     79.72    126.19   4372.28    173.03      0.00      0
1    106512 5626.0     3.72e+08     78.87    152.38   6041.71  -7114.46      0.00      0
1    106513 5626.0     4.90e+08     73.81    128.37  -1177.91  -5240.58      0.00      1
1    106515 5626.0     1.66e+08     86.62    171.01    497.35   4138.92      0.00      0
1    106516 5626.0     2.45e+08     65.51    333.40   2096.25  -6279.73      0.00      0
1    106517 5626.0     2.40e+08     82.94    242.22   2040.68  -2086.92      0.00      0
1    106518 5626.0     3.16e+08     78.06    106.12   4664.50   4696.56      0.00      0
1    106519 5626.0     1.38e+08     80.89    127.08   4427.75   4865.49      0.00      0
1    106520 5626.0     5.25e+08     72.68    128.14   4234.51  -2496.49      0.00      1
1    106521 5626.0     3.55e+08     85.44    253.49   2531.18   1685.49      0.00      0
1    106522 5626.0     8.32e+08     72.80    287.04   5535.49  -1472.89      0.00      1
1    106523 5626.0     2.24e+08     66.63    106.08   -341.81  -5512.82      0.00      0
1    106524 5626.0     1.78e+08     79.03    265.90  -2505.83 -11264.16      0.00      0
1    106525 5626.0     2.95e+08     81.00     95.22  -4031.25   4291.50      0.00      0
1    106526 5626.0     1.02e+08     66.64     25.69  -2530.88  -2094.81      0.00      0
1    106527 5626.0     3.24e+08     69.56     31.59   3804.60  -3683.03      0.00      0
1    106528 5626.0     1.20e+08     80.89    117.02   3956.08  -7403.89      0.00      0
1    106529 5626.0     1.51e+08     85.92    308.47   5783.09   4388.61      0.00      0
1    106530 5626.0     7.76e+08     76.95    350.94  -2375.36    501.51      0.00      1
1    106531 5626.0     1.10e+08     71.82     86.00   -732.44   -678.45      0.00      0
1    106532 5626.0     1.29e+08     83.60    147.90    344.79   -679.74      0.00      0
1    106533 5626.0     2.00e+08     69.77    167.48  -4265.20 -10669.13      0.00      0
1    106534 5626.0     1.38e+08     86.78     33.33  -3648.46  -5456.91      0.00      0
1    106535 5626.0     1.17e+08     87.35     75.38    159.01   2524.31      0.00      0
1    106536 5626.0     4.68e+08     73.11     78.45   2738.74  -6017.69      0.00      1
1    106537 5626.0     1.51e+08     77.72    284.11  -1588.56   2347.37      0.00      0
1    106538 5626.0     5.50e+08     76.10    352.13   3679.05   2518.71      0.00      1
1    106539 5626.0     1.35e+08     73.87    211.86   1427.99  -3784.73      0.00      0
1    106540 5626.0     5.62e+08     83.39    317.79   5920.58  -5222.01      0.00      0
1    106541 5626.0     9.55e+08     84.79    302.44   1144.73   3522.62      0.00      0
1    106543 5626.0     7.94e+08     80.71    225.36  -4073.11  -5248.27      0.00      1
1    106544 5626.0     6.76e+08     67.88     67.21   5011.65   3204.84      0.00      0
1    106545 5626.0     3.39e+08     72.70    344.00   1481.14   3431.27      0.00      1
1    106546 5626.0     5.75e+08     74.34    162.21   6206.99   4696.98      0.00      0
1    106547 5626.0     4.27e+08     87.60    117.69  -2566.42    385.85      0.00      0
1    106548 5626.0     2.00e+08     68.65    279.09   1824.91   2547.68      0.00      0
1    106549 5626.0     4.90e+08     74.40    142.79  -3948.14     -3.93      0.00      1
1    106550 5626.0     1.02e+08     70.29    135.92   2603.32  -6852.52      0.00      0
1    106551 5626.0     3.80e+08     78.72    137.62     14.48    673.55      0.00      1
1    106552 5626.0     9.77e+08     69.09    286.86  -3406.13    -40.52      0.00      1
1    106553 5626.0     1.78e+08     83.08    255.90   -196.56    312.14      0.00      0
1    106554 5626.0     1.00e+09     67.13     15.35   4850.57  -5024.81      0.00      0
1    106555 5626.0     2.51e+08     84.27    340.83  -1295.57  -2482.95      0.00      0
1    106556 5626.0     2.04e+08     69.08    286.09    -48.13   3676.94      0.00      0
1    106557 5626.0     2.34e+08     70.64     32.84   4062.83  -5345.28      0.00      0
1    106558 5626.0     3.16e+08     65.98    168.69    115.39  -2158.64      0.00      0
1    106559 5626.0     2.63e+08     67.02    260.06   3406.05 -10164.74      0.00      0
1    106560 5626.0     1.17e+08     70.24    180.17  -4219.62  -9232.22      0.00      0
1    106561 5626.0     8.13e+08     66.09    357.87   4306.99  -4376.21      0.00      0
1    106562 5626.0     9.55e+08     79.74    166.35   1762.90   1488.94      0.00      1
1    106563 5626.0     7.59e+08     80.10    310.79  -3169.83   4239.71      0.00      1
1    106564 5626.0     6.76e+08     74.33     53.48   5291.08  -5194.98      0.00      1
1    106565 5626.0     9.12e+08     82.39    213.12   2796.28 -10675.99      0.00      1
1    106566 5626.0     1.29e+08     73.33    253.23    916.42  -6341.42      0.00      0
1    106567 5626.0     1.51e+08     85.49    115.90    823.22   -656.69      0.00      0
1    106568 5626.0     6.31e+08     87.00    208.49   -917.88  -2407.05      0.00      0
1    106569 5626.0     6.76e+08     66.26    158.91   4944.27   -673.99      0.00      0
1    106570 5626.0     1.82e+08     80.99    101.42   6105.61  -1584.91      0.00      0
1    106571 5626.0     8.51e+08     68.62     72.45   -468.63   1321.70      0.00      1
1    106572 5626.0     2.88e+08     86.18    241.77  -3272.86  -5634.17      0.00      0
1    106573 5626.0     3.89e+08     83.74    120.73   3367.15  -2021.41      0.00      0
1    106574 5626.0     6.92e+08     67.26    335.78  -4102.30   5152.14      0.00      0
1    106575 5626.0     7.94e+08     85.57     45.87   6441.93   -276.44      0.00      0
1    106576 5626.0     1.29e+08     65.41    224.24   -170.05  -2054.80      0.00      0
1    106577 5626.0     7.41e+08     79.80    131.44   3164.12   1013.49      0.00      1
1    106578 5626.0     1.15e+08     86.59    290.41   4514.29  -4378.10      0.00      0
1    106579 5626.0     1.10e+08     83.66    116.83   5150.76   1467.57      0.00      0
1    106580 5626.0     1.05e+08     65.64    200.42    215.51  -8259.91      0.00      0
1    106581 5626.0     9.55e+08     80.36    312.36   6126.57   -325.62      0.00      1
1    106582 5626.0     4.90e+08     68.88    260.31   3649.41   3166.94      0.00      0
1    106583 5626.0     2.63e+08     82.72    209.01   6033.74  -6193.51      0.00      0
1    106584 5626.0     1.78e+08     78.87     45.30  -1160.09   2417.68      0.00      0
1    106585 5626.0     1.74e+08     75.11    128.32  -4191.20  -5576.17      0.00      0
1    106586 5626.0     4.68e+08     76.76    153.47   1772.18   1703.82      0.00      1
1    106587 5626.0     6.92e+08     66.93    134.53   1224.51  -3704.67      0.00      0
1    106588 5626.0     1.07e+08     71.33    316.64   4376.71  -7751.17      0.00      0
1    106589 5626.0     2.34e+08     74.78     65.69   1016.15   -317.12      0.00      1
1    106590 5626.0     3.89e+08     67.16    242.89   1749.43 -10922.02      0.00      0
1    106591 5626.0     2.57e+08     71.42    319.52  -1887.28 -10120.70      0.00      0
1    106592 5626.0     1.23e+08     68.62    111.38   3565.91   1804.91      0.00      0
1    106593 5626.0     8.32e+08     65.45    355.23   5241.24  -8820.92      0.00      0
1    106594 5626.0     4.47e+08     66.99    296.61  -2348.74  -4957.20      0.00      0
1    106595 5626.0     5.25e+08     73.59     30.20   3714.87 -10739.99      0.00      0
1    106596 5626.0     4.27e+08     80.92    264.97   -792.25  -8890.95      0.00      0
1    106597 5626.0     6.31e+08     87.78    305.89    611.16  -7118.13      0.00      0
1    106598 5626.0     3.16e+08     80.99    271.94  -2688.90  -2154.11      0.00      0
1    106599 5626.0     1.66e+08     81.88    265.84   -520.66  -6146.27      0.00      0
