1      5200 14.0       3.47e+08     84.63     88.06   4703.64   1385.22      0.00      0
1      5201 14.0       1.45e+08     85.19      9.23  -2415.53  -2089.74      0.00      0
1      5202 14.0       1.58e+08     86.24     32.20   5714.39  -1080.04      0.00      0
1      5203 14.0       1.17e+08     78.56    178.09  -2997.37  -6851.57      0.00      0
1      5204 14.0       4.79e+08     83.48    222.52  -3638.84  -9977.06      0.00      0
1      5205 14.0       2.00e+08     87.66     91.82  -3334.16   4431.53      0.00      0
1      5206 14.0       2.88e+08     72.10    348.85   6242.85   -831.26      0.00      1
1      5207 14.0       1.82e+08     83.22    205.35   3658.74 -10209.66      0.00      0
1      5208 14.0       2.40e+08     69.32      9.18   1679.97  -7586.92      0.00      0
1      5209 14.0       5.50e+08     65.69    169.12   2625.16  -1353.14      0.00      0
1      5210 14.0       2.63e+08     82.70     57.36    571.71   -346.45      0.00      0
1      5211 14.0       1.41e+08     65.48    164.42   4742.40   4624.02      0.00      0
1      5212 14.0       3.16e+08     84.82     76.34   1135.68   -538.66      0.00      0
1      5213 14.0       3.98e+08     67.48    354.72   2573.47  -6021.89      0.00      0
1      5214 14.0       2.45e+08     78.79    281.83    426.18  -3024.09      0.00      1
1      5215 14.0       3.72e+08     69.48    100.28   5001.59  -3666.25      0.00      0
1      5216 14.0       1.91e+08     67.45    188.88  -4172.05   3616.25      0.00      0
1      5217 14.0       2.14e+08     66.69    316.90   5249.53  -7493.87      0.00      0
1      5218 14.0       1.29e+08     74.13    302.11   -786.39   1957.95      0.00      0
1      5219 14.0       1.29e+08     65.54    169.97   -410.17   2298.87      0.00      0
1      5220 14.0       5.50e+08     73.52     71.46   6299.68  -6771.34      0.00      1
1      5221 14.0       7.59e+08     65.12     76.13   3625.12  -4252.76      0.00      0
1      5222 14.0       2.51e+08     71.38     43.96   4029.18   -652.88      0.00      1
1      5223 14.0       2.04e+08     67.22    290.79  -3096.14  -8069.93      0.00      0
1      5224 14.0       2.29e+08     77.26    302.90   5555.18  -4221.49      0.00      0
1      5225 14.0       5.37e+08     79.17     37.33     17.72   1285.60      0.00      1
1      5226 14.0       1.70e+08     81.57    196.99  -1134.13  -1782.04      0.00      0
1      5227 14.0       3.55e+08     68.12     41.99  -2485.49  -1035.58      0.00      1
1      5228 14.0       5.13e+08     86.92    311.74    845.29   -135.18      0.00      0
1      5229 14.0       7.08e+08     71.89    245.20   4914.48   5141.12      0.00      0
1      5230 14.0       7.94e+08     84.52      2.60   4603.14  -3372.94      0.00      1
1      5231 14.0       1.82e+08     86.99    258.62   5313.05  -1965.74      0.00      0
1      5232 14.0       3.55e+08     72.30     18.86   1309.77  -8611.07      0.00      1
1      5233 14.0       5.75e+08     85.19    188.79  -2354.02   3959.27      0.00      0
1      5234 14.0       1.70e+08     80.76     37.88   3336.06  -9055.39      0.00      0
1      5235 14.0       1.05e+08     65.98    138.57   4992.56  -6026.40      0.00      0
1      5236 14.0       5.13e+08     74.31    180.97   2130.93  -5862.24      0.00      1
1      5237 14.0       7.76e+08     85.98    265.54   -512.87  -4893.98      0.00      0
1      5238 14.0       3.89e+08     71.66    342.08  -1668.93  -1630.77      0.00      1
1      5239 14.0       1.26e+08     70.99      9.65   1288.24   2208.93      0.00      0
1      5240 14.0       5.37e+08     79.00    109.42   1408.05  -3742.19      0.00      1
1      5241 14.0       3.89e+08     82.84    173.68  -1340.32    171.47      0.00      1
1      5242 14.0       5.37e+08     84.52     60.66    533.95  -3621.93      0.00      0
1      5243 14.0       4.07e+08     79.38    255.06   4226.31  -4136.05      0.00      1
1      5244 14.0       6.03e+08     67.34    336.19   4663.11  -7339.89      0.00      0
1      5245 14.0       2.75e+08     84.35     97.14   5086.41  -5286.50      0.00      0
1      5246 14.0       6.61e+08     75.09    332.40   5722.81  -3768.68      0.00      1
1      5247 14.0       3.89e+08     78.72    333.72   3898.90   2429.62      0.00      1
1      5248 14.0       1.55e+08     82.19    185.05  -1821.62    698.40      0.00      0
1      5249 14.0       1.38e+08     79.97     76.18   2254.52  -8972.76      0.00      0
1      5250 14.0       4.68e+08     73.84     99.87   3579.48  -9624.24      0.00      1
1      5251 14.0       1.45e+08     72.17     68.21   1309.69  -9403.24      0.00      0
1      5252 14.0       6.03e+08     87.19    135.39   5244.32 -10831.29      0.00      0
1      5253 14.0       3.89e+08     66.39    170.96  -2974.95   -757.79      0.00      0
1      5254 14.0       1.00e+08     79.01    173.29   1693.34   4850.77      0.00      0
1      5255 14.0       6.31e+08     66.73     35.10   6356.69    755.61      0.00      0
1      5256 14.0       6.92e+08     82.26    254.02   2389.45   4068.67      0.00      1
1      5257 14.0       3.09e+08     75.15    316.17   2013.98  -3811.66      0.00      1
1      5258 14.0       2.14e+08     74.02    260.63  -2514.57  -9498.92      0.00      0
1      5259 14.0       2.40e+08     76.05    138.09   5836.12 -10365.15      0.00      0
1      5260 14.0       2.34e+08     74.31    157.42   5062.41  -8426.26      0.00      0
1      5261 14.0       3.24e+08     66.64    123.22   4973.90   3245.75      0.00      0
1      5262 14.0       3.31e+08     77.50     45.65   5332.10  -7418.10      0.00      1
1      5263 14.0       7.24e+08     84.10    250.37   5232.03  -9767.27      0.00      0
1      5264 14.0       8.32e+08     69.35    356.78   3367.87   1176.08      0.00      1
1      5265 14.0       4.07e+08     66.56    305.91   1679.30   2154.40      0.00      1
1      5266 14.0       8.32e+08     77.10    275.98    130.97  -8058.54      0.00      1
1      5267 14.0       2.09e+08     82.85    276.04   -732.41   1636.44      0.00      0
1      5268 14.0       1.07e+08     85.71    350.03   5790.35  -1828.01      0.00      0
1      5269 14.0       4.57e+08     72.70    337.40   1252.21   -281.18      0.00      1
1      5270 14.0       1.17e+08     76.81    332.64  -2113.08    371.90      0.00      0
1      5271 14.0       2.57e+08     83.26    167.67  -2711.83  -8411.27      0.00      0
1      5272 14.0       1.70e+08     76.36    308.09   5600.22  -2199.22      0.00      0
1      5273 14.0       1.66e+08     81.98    155.70   1620.73  -7579.46      0.00      0
1      5274 14.0       1.07e+08     76.25    153.08   3444.97   1018.59      0.00      0
1      5275 14.0       3.47e+08     67.39     85.71   3272.14  -4143.02      0.00      0
1      5276 14.0       2.82e+08     75.42    219.29  -2835.83  -2404.27      0.00      1
1      5277 14.0       1.95e+08     70.10    255.44  -3010.80  -8047.90      0.00      0
1      5278 14.0       2.14e+08     65.35    222.83   5467.25    515.21      0.00      0
1      5279 14.0       1.74e+08     71.41    300.01   2736.89 -10194.79      0.00      0
1      5280 14.0       6.46e+08     73.38    229.52  -3168.76  -8629.71      0.00      1
1      5281 14.0       1.82e+08     76.59    333.20  -1377.32   3132.93      0.00      0
1      5282 14.0       5.75e+08     68.51    198.78  -2413.50   3909.16      0.00      1
1      5283 14.0       1.74e+08     68.25     28.37  -1306.90  -2858.20      0.00      0
1      5284 14.0       1.62e+08     82.00     16.60  -2003.99   1147.44      0.00      0
1      5285 14.0       1.26e+08     80.38     43.13   -597.62  -3507.27      0.00      0
1      5286 14.0       1.82e+08     70.65    302.97   6117.91  -8598.13      0.00      0
1      5287 14.0       3.47e+08     87.61    224.47     12.99  -3235.77      0.00      0
1      5288 14.0       1.32e+08     82.38    284.00  -1166.89  -5039.01      0.00      0
1      5289 14.0       2.19e+08     84.67    124.03   4762.12  -5562.86      0.00      0
1      5290 14.0       1.51e+08     68.70    303.71  -3548.82  -8127.55      0.00      0
1      5291 14.0       8.32e+08     87.98    140.02   -793.22   -880.84      0.00      0
1      5292 14.0       1.00e+09     78.37    354.23   3378.97  -6698.06      0.00      1
1      5293 14.0       4.79e+08     85.48    333.80   3980.22  -8136.41      0.00      0
1      5294 14.0       1.38e+08     71.21     67.76  -3041.89  -1551.95      0.00      0
1      5295 14.0       1.05e+08     84.85    172.92   5725.76  -8877.00      0.00      0
1      5296 14.0       4.07e+08     71.48    335.69   -654.61  -9188.75      0.00      1
1      5297 14.0       5.37e+08     83.42     13.82  -2242.52    709.38      0.00      1
1      5298 14.0       7.08e+08     73.46    100.61  -2676.69 -10103.89      0.00      1
1      5299 14.0       4.17e+08     73.38    278.00  -2576.12   1744.53      0.00      1
