1    104500 5626.0     5.89e+10     84.66    340.88  -3655.59 -10703.59      0.00      1
1    104501 5626.0     1.35e+10     73.85    257.24  -4006.15  -6105.80      0.00      1
1    104502 5626.0     4.68e+10     87.61     40.69  -1462.81   -254.32      0.00      1
1    104503 5626.0     4.57e+10     76.53    237.77   3207.87  -7637.60      0.00      1
1    104504 5626.0     9.55e+10     86.04    339.79    308.22   2448.75      0.00      1
1    104505 5626.0     1.23e+10     72.75    254.17  -3342.51  -6269.70      0.00      1
1    104506 5626.0     1.95e+09     70.65    114.38   3551.52   5191.04      0.00      1
1    104507 5626.0     4.27e+10     67.07     37.42   6054.68   3998.14      0.00      0
1    104508 5626.0     1.07e+10     66.68    133.90   -152.22  -4372.03      0.00      1
1    104509 5626.0     9.77e+10     87.67    297.00  -2822.30  -7413.93      0.00      1
1    104510 5626.0     3.24e+10     81.35    278.90   1141.76   1472.77      0.00      1
1    104511 5626.0     1.29e+10     69.37     79.95   4307.75  -8660.82      0.00      0
1    104512 5626.0     1.82e+10     80.23     77.43   2731.89  -9865.51      0.00      1
1    104513 5626.0     2.14e+09     71.36    269.42   -475.00    733.09      0.00      1
1    104514 5626.0     7.59e+10     72.98    146.33   1715.83   4501.94      0.00      1
1    104515 5626.0     4.27e+09     84.14     85.54   5352.52 -11056.83      0.00      1
1    104516 5626.0     8.51e+10     81.21     95.22      0.36  -8580.48      0.00      1
1    104517 5626.0     2.24e+10     85.46     88.09  -3508.90  -9126.42      0.00      1
1    104518 5626.0     2.51e+09     74.35     70.37   5388.16    213.20      0.00      1
1    104519 5626.0     3.02e+10     84.02     24.83  -3144.38  -7274.92      0.00      1
1    104520 5626.0     1.95e+10     68.80    304.52  -2217.76 -11198.31      0.00      1
1    104521 5626.0     2.57e+10     75.20    289.74   2152.26  -3320.71      0.00      1
1    104522 5626.0     4.47e+09     72.73    250.81   1662.85 -10737.10      0.00      1
1    104523 5626.0     1.05e+09     69.46    139.53  -2764.31  -2807.31      0.00      1
1    104524 5626.0     1.82e+10     77.90    123.11   -183.20  -5388.48      0.00      1
1    104526 5626.0     7.41e+09     75.82    247.89  -1542.08  -5887.51      0.00      1
1    104527 5626.0     2.45e+09     77.99    191.92   4689.46   -782.52      0.00      1
1    104528 5626.0     1.12e+10     74.75    212.50   3103.23   -102.45      0.00      1
1    104529 5626.0     3.31e+10     81.69     35.28   5853.15   2392.47      0.00      1
1    104530 5626.0     1.62e+09     83.28    107.30    725.75  -1158.90      0.00      1
1    104531 5626.0     2.04e+09     73.68    262.53   3411.62  -3764.52      0.00      1
1    104532 5626.0     1.82e+10     65.62    257.32   3038.11  -2974.30      0.00      0
1    104533 5626.0     6.03e+10     86.67     80.27   3520.98  -6154.79      0.00      1
1    104534 5626.0     2.24e+09     77.81     83.93  -1883.80  -3915.27      0.00      1
1    104535 5626.0     1.74e+09     66.91    353.49  -1947.34    117.47      0.00      1
1    104536 5626.0     3.39e+10     81.50    290.29   3761.99  -7697.20      0.00      1
1    104537 5626.0     5.01e+10     82.78    328.18  -3753.92   4683.83      0.00      1
1    104538 5626.0     6.61e+10     72.93    352.16  -2522.61  -6441.30      0.00      1
1    104539 5626.0     7.76e+09     69.79     51.75   4064.00   1190.21      0.00      1
1    104540 5626.0     3.39e+10     79.46    118.82   4189.67   4733.91      0.00      1
1    104541 5626.0     6.03e+10     68.40    270.35   -433.10  -3876.85      0.00      1
1    104542 5626.0     1.02e+10     66.69    185.59   4813.45   3230.09      0.00      1
1    104543 5626.0     2.04e+09     75.56    350.58   6316.75   1534.49      0.00      1
1    104544 5626.0     2.24e+09     71.46    195.58    941.16   3693.18      0.00      1
1    104545 5626.0     1.05e+09     67.32    330.11   -983.49     68.94      0.00      1
1    104546 5626.0     1.38e+10     83.54     80.63   2227.88  -3993.57      0.00      1
1    104547 5626.0     8.32e+10     74.86    330.65   5462.13  -7660.33      0.00      1
1    104548 5626.0     7.59e+09     78.80     33.79   3576.40  -3898.06      0.00      1
1    104549 5626.0     7.41e+09     82.85    147.47   2234.34   3276.33      0.00      1
1    104550 5626.0     6.76e+10     75.76    297.21    778.77  -4143.47      0.00      1
1    104551 5626.0     4.57e+10     69.43     13.18   2697.87  -5244.84      0.00      1
1    104552 5626.0     5.25e+10     82.95    153.12   4713.27  -2843.18      0.00      1
1    104553 5626.0     1.10e+09     83.30    112.55  -3305.64    758.89      0.00      1
1    104554 5626.0     8.91e+09     78.37    214.65  -2681.54  -3408.29      0.00      1
1    104555 5626.0     1.15e+09     70.63    125.13   2347.56    398.97      0.00      1
1    104556 5626.0     3.98e+09     76.63    230.28  -1785.70  -2826.79      0.00      1
1    104557 5626.0     7.94e+09     68.92     70.58   2153.04   2769.97      0.00      1
1    104558 5626.0     7.24e+10     82.03    313.92   1532.02  -2600.55      0.00      1
1    104559 5626.0     4.90e+10     69.41    295.92   1342.78  -9367.31      0.00      1
1    104560 5626.0     3.89e+10     86.82     93.32   -353.47   4825.97      0.00      1
1    104561 5626.0     7.94e+09     87.09    110.53   6175.05   -209.02      0.00      1
1    104562 5626.0     1.86e+09     80.67    332.62   1307.93   2976.13      0.00      1
1    104563 5626.0     1.78e+10     81.33    340.56   4553.06   1648.60      0.00      1
1    104564 5626.0     5.01e+10     82.97    332.05    139.60  -9682.63      0.00      1
1    104565 5626.0     3.55e+09     70.32     74.07   5997.56 -10521.22      0.00      0
1    104567 5626.0     7.94e+09     75.02     97.91    997.86  -3493.28      0.00      1
1    104568 5626.0     4.79e+10     65.68    321.49   4888.64  -2470.33      0.00      1
1    104569 5626.0     1.58e+09     78.20     63.05   2562.22   4898.77      0.00      1
1    104570 5626.0     1.55e+09     66.64    238.74   2508.17   2944.96      0.00      1
1    104571 5626.0     1.26e+10     84.30     93.60   5445.34 -10093.07      0.00      1
1    104572 5626.0     1.17e+10     84.38    159.62   2990.52  -8791.60      0.00      1
1    104573 5626.0     1.29e+10     72.89     27.87  -2427.58   4731.19      0.00      1
1    104574 5626.0     1.20e+10     81.79     52.87  -2951.53  -4768.27      0.00      1
1    104575 5626.0     1.38e+10     84.88     43.68   6420.28   2556.03      0.00      1
1    104576 5626.0     5.75e+09     86.21    140.91   6308.12   -313.68      0.00      1
1    104577 5626.0     4.37e+09     67.15    103.71  -2095.32  -6214.90      0.00      1
1    104578 5626.0     2.00e+09     81.33     13.67   4057.80   4061.11      0.00      1
1    104579 5626.0     4.57e+09     65.17    287.49   4678.63    321.02      0.00      0
1    104580 5626.0     1.12e+09     68.63    256.47   4668.14  -9669.03      0.00      0
1    104581 5626.0     2.45e+10     65.19      7.99  -4261.90 -10759.91      0.00      0
1    104582 5626.0     8.51e+09     82.87    217.24   -127.03   3802.77      0.00      1
1    104583 5626.0     5.13e+09     68.65    166.30   5817.71  -5199.05      0.00      1
1    104584 5626.0     2.88e+09     79.45     26.32   2519.57  -1419.14      0.00      1
1    104585 5626.0     7.41e+09     75.33    205.48  -1489.28 -10610.26      0.00      1
1    104586 5626.0     1.32e+10     78.17    295.18   1687.06   1836.89      0.00      1
1    104587 5626.0     2.88e+10     75.16     78.87   4187.87  -7838.29      0.00      1
1    104588 5626.0     1.55e+10     69.23    309.25   1510.00 -11163.60      0.00      1
1    104589 5626.0     1.55e+10     66.36    343.20  -3936.72  -6390.50      0.00      0
1    104590 5626.0     6.92e+10     72.36    206.26  -2074.85  -2759.67      0.00      1
1    104591 5626.0     7.59e+09     72.22    332.20   -126.14  -2622.18      0.00      1
1    104592 5626.0     2.57e+09     75.67    133.57   6257.61  -9032.73      0.00      1
1    104593 5626.0     1.58e+09     78.55    160.08   4661.29  -9295.77      0.00      1
1    104594 5626.0     2.95e+09     80.16    296.78  -2790.42  -5291.60      0.00      1
1    104595 5626.0     4.47e+10     71.07    269.91  -2608.42  -2068.89      0.00      1
1    104596 5626.0     3.63e+10     81.82     62.40  -2811.65  -7193.33      0.00      1
1    104597 5626.0     4.90e+10     77.92    102.72  -2676.21   -726.66      0.00      1
1    104598 5626.0     8.51e+10     74.24    140.62  -1251.12 -10723.68      0.00      0
1    104599 5626.0     2.51e+10     81.65    157.38    582.38  -1081.29      0.00      1
