1      3300 14.0       2.09e+09     70.15     84.98  -1027.02  -5672.23      0.00      1
1      3301 14.0       4.07e+09     75.37    221.28  -1213.19  -9183.27      0.00      1
1      3302 14.0       2.69e+10     81.19    134.85   5767.72    989.10      0.00      1
1      3303 14.0       5.37e+09     73.10    258.66   6057.81  -4378.18      0.00      1
1      3304 14.0       2.88e+10     87.85    336.21  -3873.71   1988.32      0.00      1
1      3305 14.0       5.13e+10     85.09    316.10   -334.68  -8948.01      0.00      1
1      3306 14.0       1.12e+09     78.56    265.28  -4395.06  -4551.08      0.00      1
1      3307 14.0       1.51e+10     72.04     58.72  -3206.17   5161.32      0.00      0
1      3308 14.0       1.58e+09     85.75    281.70  -3490.93  -7005.17      0.00      1
1      3309 14.0       1.45e+10     71.00    183.88   1938.55  -9623.27      0.00      1
1      3310 14.0       2.14e+10     71.02    282.80  -2836.68   3971.58      0.00      1
1      3311 14.0       9.12e+09     66.99    327.15   3387.05  -3676.95      0.00      1
1      3312 14.0       1.58e+10     86.81     95.92  -3497.45  -8062.29      0.00      1
1      3313 14.0       1.58e+09     85.49    183.36   2004.83  -4157.43      0.00      1
1      3314 14.0       5.75e+10     71.53    272.50    328.69  -6280.18      0.00      1
1      3315 14.0       1.41e+09     77.06    133.72   5769.25   4693.04      0.00      0
1      3316 14.0       1.10e+09     81.91    268.19  -1596.74   -365.85      0.00      1
1      3317 14.0       1.78e+09     67.05    256.12    122.97   3276.32      0.00      1
1      3318 14.0       2.57e+10     74.13    203.71   -347.08   4811.68      0.00      1
1      3319 14.0       7.08e+10     75.37    138.12   4154.22  -3305.16      0.00      1
1      3320 14.0       6.76e+10     76.19    351.62  -1289.48 -11239.74      0.00      1
1      3321 14.0       3.89e+10     84.34    150.07   3446.72  -6080.04      0.00      1
1      3322 14.0       6.92e+09     76.87    194.54   2122.11  -5319.59      0.00      1
1      3323 14.0       1.12e+10     65.09     32.69  -3514.02   3230.66      0.00      1
1      3324 14.0       1.05e+10     86.36    358.91   3504.92  -8939.42      0.00      1
1      3325 14.0       7.76e+10     66.43    302.97  -4361.64   5062.71      0.00      0
1      3326 14.0       5.50e+10     67.67    314.77   4750.55  -2812.28      0.00      1
1      3327 14.0       3.02e+10     85.71    204.24   -859.90  -1440.84      0.00      1
1      3328 14.0       1.10e+09     85.00    197.84   6494.91  -8671.46      0.00      1
1      3329 14.0       2.69e+10     81.35     23.17   2301.91  -9672.44      0.00      1
1      3330 14.0       4.37e+10     69.60    126.80   -336.53  -8335.35      0.00      1
1      3331 14.0       1.70e+09     66.28    170.34  -3313.38  -3562.34      0.00      0
1      3332 14.0       1.23e+10     66.82    108.30    188.19  -7764.85      0.00      1
1      3333 14.0       2.34e+09     86.21    245.77   -197.03  -4595.86      0.00      1
1      3334 14.0       8.51e+09     73.03    269.38   4491.47   -942.42      0.00      1
1      3335 14.0       3.39e+09     87.29    242.90  -3762.70  -7031.58      0.00      1
1      3336 14.0       1.07e+10     76.30     75.50   5835.58   1194.58      0.00      1
1      3337 14.0       2.82e+10     67.13    127.38   6257.80  -3921.23      0.00      0
1      3338 14.0       1.15e+10     73.87    352.49   3091.65   4896.77      0.00      1
1      3339 14.0       2.45e+09     85.03    303.14   2124.33  -2760.04      0.00      1
1      3340 14.0       1.55e+10     74.72    302.60   3657.77  -5778.58      0.00      1
1      3341 14.0       2.40e+10     86.51    156.46  -3427.75 -10406.16      0.00      1
1      3342 14.0       2.63e+10     68.05    252.10    550.94   5004.93      0.00      1
1      3343 14.0       2.51e+09     82.40    359.16  -1658.52   4931.29      0.00      1
1      3344 14.0       2.45e+10     86.61    152.93  -3780.46   2399.64      0.00      1
1      3345 14.0       4.17e+09     71.55      2.33   3132.60  -9845.46      0.00      1
1      3346 14.0       4.57e+09     72.86    217.98  -4008.79 -10195.17      0.00      1
1      3347 14.0       7.59e+10     84.62    150.01   4161.93  -4540.67      0.00      1
1      3348 14.0       1.05e+09     87.01    107.28   4414.46  -7196.52      0.00      0
1      3349 14.0       3.72e+09     65.92    143.73  -2384.77  -7518.88      0.00      0
1      3350 14.0       5.13e+10     73.89    163.05   4775.27  -4880.24      0.00      1
1      3351 14.0       1.86e+09     76.00    310.73  -1551.50  -8498.73      0.00      1
1      3352 14.0       2.82e+09     85.89    151.30   5615.68 -10519.03      0.00      1
1      3353 14.0       3.09e+09     65.68    132.71   2063.60  -3282.31      0.00      0
1      3354 14.0       3.47e+10     77.53     26.01   3678.85  -9155.41      0.00      1
1      3355 14.0       2.75e+10     85.68     10.08   -616.04  -8105.57      0.00      1
1      3356 14.0       3.47e+09     66.93    273.17  -2493.21 -10883.09      0.00      1
1      3357 14.0       2.82e+09     73.04     58.67   5636.33  -9229.35      0.00      1
1      3358 14.0       2.57e+09     80.29    122.33   2782.43  -7040.94      0.00      1
1      3359 14.0       2.88e+09     82.97    164.97   -195.01  -4565.61      0.00      1
1      3360 14.0       1.74e+10     70.95     72.07  -3356.05  -4361.99      0.00      1
1      3361 14.0       1.35e+10     77.17    356.35   -462.48   5141.58      0.00      1
1      3362 14.0       2.24e+10     66.96    303.66   1488.78   4789.09      0.00      1
1      3363 14.0       5.25e+10     69.15    317.64   4629.74  -1013.22      0.00      1
1      3364 14.0       3.02e+10     71.77    161.95    -47.95  -8033.90      0.00      1
1      3365 14.0       2.40e+10     73.41     43.80  -2557.43  -6718.30      0.00      1
1      3366 14.0       1.35e+10     81.93     40.63    337.77  -2932.30      0.00      1
1      3367 14.0       5.50e+09     84.53    208.55    813.40  -5445.87      0.00      1
1      3368 14.0       2.34e+10     87.40    214.95    458.31  -2744.56      0.00      1
1      3369 14.0       4.57e+10     72.99    286.25   6384.62  -4230.34      0.00      1
1      3370 14.0       3.80e+09     68.85    189.06   -311.11   2546.49      0.00      1
1      3371 14.0       2.24e+10     65.99    142.70   1872.92   4980.87      0.00      0
1      3372 14.0       4.27e+10     87.55     59.79  -1318.81  -6126.91      0.00      1
1      3373 14.0       1.12e+10     66.56    263.70   4728.62   4246.27      0.00      0
1      3374 14.0       1.48e+09     79.85    177.44  -4374.96   1519.01      0.00      1
1      3375 14.0       6.76e+10     69.05    112.18   -717.24   -638.61      0.00      1
1      3376 14.0       1.51e+10     68.44    172.82    139.80  -2965.48      0.00      1
1      3377 14.0       2.95e+10     72.69    287.92  -2543.76  -5385.90      0.00      1
1      3378 14.0       4.47e+09     66.77    340.12   1128.87   3212.63      0.00      1
1      3379 14.0       3.39e+09     87.03    158.91   1343.60   4658.17      0.00      1
1      3380 14.0       1.51e+10     85.98    257.32    566.05  -6504.81      0.00      1
1      3381 14.0       1.05e+10     73.47    171.83   4357.58   3882.71      0.00      1
1      3382 14.0       3.16e+10     78.81     77.61   4195.19  -8557.21      0.00      1
1      3383 14.0       3.98e+10     69.73    139.95  -3187.90  -1821.94      0.00      1
1      3384 14.0       2.75e+10     75.01    271.59   1742.73   -308.29      0.00      1
1      3385 14.0       8.91e+10     87.11     88.99   2906.60  -3493.46      0.00      1
1      3386 14.0       1.20e+09     74.22    160.70   2800.02 -10536.38      0.00      1
1      3387 14.0       2.82e+09     80.45     53.90  -3360.51  -1390.01      0.00      1
1      3388 14.0       9.77e+09     67.01    107.28   4749.60  -9419.49      0.00      0
1      3389 14.0       4.37e+09     79.93     79.52  -3174.06  -3412.77      0.00      1
1      3390 14.0       1.38e+09     74.23    286.07  -2184.98 -10446.98      0.00      1
1      3391 14.0       5.50e+10     69.42    205.85  -4396.80   3552.48      0.00      0
1      3392 14.0       5.89e+09     84.51    122.90  -2176.79   1540.07      0.00      1
1      3393 14.0       7.24e+10     79.91    343.66    700.31   3410.45      0.00      1
1      3394 14.0       6.31e+10     65.77     22.95   3371.74  -3574.55      0.00      1
1      3395 14.0       1.51e+10     80.41    122.30   6125.50  -9802.10      0.00      1
1      3396 14.0       5.75e+10     76.49    134.48   4473.06 -10321.55      0.00      0
1      3397 14.0       2.95e+09     65.67     38.75   1496.35  -5657.45      0.00      0
1      3398 14.0       1.05e+09     70.75     88.29    174.05   -977.45      0.00      1
1      3399 14.0       2.75e+09     70.04    291.98   1202.71   5049.34      0.00      1
