1       600 14.0       1.20e+09     71.11     51.79  -2785.76  -9053.44      0.00      1
1       602 14.0       2.75e+09     77.27    246.17   1944.30  -1745.75      0.00      1
1       603 14.0       3.31e+09     72.86    239.34   1323.41  -3709.86      0.00      1
1       604 14.0       2.29e+10     76.60    347.84   4006.21  -1253.55      0.00      1
1       605 14.0       5.62e+09     83.61    144.53  -3645.33   2471.77      0.00      1
1       606 14.0       7.94e+09     76.62     44.32    470.52    163.81      0.00      1
1       607 14.0       1.32e+10     81.34    223.97  -4389.59 -10026.40      0.00      1
1       608 14.0       2.51e+09     72.44    125.74  -1142.87  -3375.67      0.00      1
1       609 14.0       1.51e+10     79.31    124.79   -518.52  -7328.88      0.00      1
1       610 14.0       1.74e+10     70.79     53.77  -4105.20  -6177.58      0.00      0
1       611 14.0       4.47e+10     80.31    186.37   4717.27 -10189.06      0.00      1
1       612 14.0       5.13e+09     83.89    262.90  -4253.99   2980.83      0.00      1
1       613 14.0       1.66e+10     66.99     12.55    688.28  -9659.66      0.00      0
1       614 14.0       8.51e+10     80.29    193.49   -505.46   1588.64      0.00      1
1       615 14.0       1.70e+09     83.13    236.35  -2973.60  -5114.42      0.00      1
1       616 14.0       9.55e+09     69.25    147.00  -2095.87   3560.34      0.00      1
1       617 14.0       1.00e+10     81.76    170.04   4088.28  -7075.40      0.00      1
1       618 14.0       6.92e+10     70.10     25.58  -2977.90    663.00      0.00      1
1       619 14.0       6.92e+09     77.87     64.16  -4253.58 -10223.56      0.00      1
1       620 14.0       3.63e+10     81.47     98.53  -3454.21  -3090.84      0.00      1
1       621 14.0       4.17e+09     65.56     42.48    565.13  -1335.49      0.00      1
1       622 14.0       5.62e+10     68.55    233.87   3701.56  -9197.89      0.00      1
1       623 14.0       1.45e+10     83.99    209.53   1134.02   -862.99      0.00      1
1       624 14.0       1.82e+09     83.02     37.15  -1008.00  -1030.15      0.00      1
1       625 14.0       5.13e+10     77.55    328.51   5845.48  -6013.00      0.00      1
1       626 14.0       4.27e+09     66.33      5.67  -2391.29  -5233.19      0.00      1
1       627 14.0       7.76e+09     85.12    182.27   3380.08   4802.39      0.00      1
1       628 14.0       1.05e+10     70.79     41.40  -1825.99   5097.37      0.00      1
1       629 14.0       3.09e+09     76.53    220.89   6130.81  -5086.54      0.00      1
1       630 14.0       9.55e+09     74.74    216.10   -841.24   -441.13      0.00      1
1       631 14.0       5.89e+10     67.99    315.70   1763.63  -2372.46      0.00      1
1       632 14.0       1.26e+10     75.41    187.69   3030.23   1270.88      0.00      1
1       633 14.0       2.00e+10     71.06    215.24  -1634.53   1388.51      0.00      1
1       634 14.0       3.47e+09     68.89    118.56   6482.11   -752.55      0.00      1
1       635 14.0       1.55e+10     69.50    177.85   6158.82  -8438.70      0.00      0
1       636 14.0       4.37e+09     78.12    322.28   -808.85   2650.10      0.00      1
1       637 14.0       4.27e+10     70.05    200.59  -1188.36  -7813.22      0.00      1
1       638 14.0       4.79e+09     83.76    323.37   -615.49  -4961.78      0.00      1
1       639 14.0       2.51e+09     69.03    283.89   4016.87  -6537.51      0.00      1
1       640 14.0       2.88e+09     65.57    129.76   2515.69  -7269.53      0.00      0
1       641 14.0       5.89e+10     80.02     83.44   4153.68 -10823.40      0.00      1
1       642 14.0       7.41e+09     65.46    145.46   4667.74   2487.26      0.00      0
1       643 14.0       3.63e+10     73.06    202.70  -4285.59  -5721.97      0.00      1
1       644 14.0       4.37e+09     70.89    300.17  -2735.93   2619.46      0.00      1
1       645 14.0       1.15e+09     77.56    293.39   4845.52  -7737.64      0.00      1
1       646 14.0       3.31e+10     68.08    323.43   4546.71   3498.56      0.00      0
1       647 14.0       4.57e+10     87.77     77.93   6369.25 -11078.10      0.00      1
1       648 14.0       8.71e+09     83.66    274.20   5058.71  -8329.31      0.00      1
1       649 14.0       1.29e+09     67.00    246.19   4108.84   3417.18      0.00      0
1       650 14.0       1.07e+10     85.36    235.72   3858.73  -6133.32      0.00      1
1       651 14.0       1.41e+10     72.58     36.32   4587.62   1172.15      0.00      1
1       652 14.0       7.08e+09     76.37     48.76   2607.19  -6592.50      0.00      1
1       653 14.0       9.77e+09     75.87     97.24   2361.17  -1908.24      0.00      1
1       654 14.0       1.55e+10     81.06    314.48    821.40 -11085.34      0.00      1
1       655 14.0       1.15e+10     87.62    244.80  -1496.80  -2670.60      0.00      1
1       656 14.0       2.19e+09     72.46     37.56  -3837.54   1098.34      0.00      1
1       657 14.0       2.63e+10     71.93    146.25   1189.53   1062.73      0.00      1
1       658 14.0       1.62e+09     86.96     95.97   1138.98  -5300.43      0.00      0
1       659 14.0       6.61e+10     78.48    348.11   3762.36  -8730.74      0.00      1
1       660 14.0       3.55e+10     83.21    314.25   4378.15  -6710.27      0.00      1
1       661 14.0       7.94e+10     76.20    198.47  -3537.93  -2713.49      0.00      1
1       662 14.0       1.41e+09     71.35    178.88   2383.02  -7987.01      0.00      1
1       663 14.0       1.32e+09     66.89    288.04    559.90   3591.50      0.00      1
1       664 14.0       1.02e+10     73.96     28.36   4370.43   -466.04      0.00      1
1       665 14.0       5.89e+09     74.59     68.19  -2224.07   4723.74      0.00      1
1       666 14.0       2.19e+10     77.19    317.53   5660.76  -3244.44      0.00      1
1       667 14.0       2.09e+09     74.26     90.24   2255.37  -2764.01      0.00      1
1       668 14.0       2.09e+09     79.90    111.60  -3448.34 -10574.87      0.00      1
1       669 14.0       1.48e+09     77.38    141.67   2316.14  -8474.59      0.00      1
1       670 14.0       2.40e+10     67.18    281.37   3606.62   1391.47      0.00      0
1       671 14.0       4.47e+09     70.06    181.11   2591.57  -1005.96      0.00      1
1       672 14.0       3.31e+10     82.54    279.87   5264.37  -8280.84      0.00      1
1       673 14.0       5.13e+09     66.07     23.74    313.55   -171.89      0.00      1
1       674 14.0       7.41e+09     85.05    261.29  -2391.74  -3841.66      0.00      1
1       675 14.0       5.25e+10     65.03    277.03  -1756.34  -5359.52      0.00      0
1       676 14.0       1.86e+09     69.31     93.14  -4128.87   4802.83      0.00      0
1       677 14.0       1.95e+10     78.77     39.38   -971.26  -2458.06      0.00      1
1       678 14.0       1.58e+09     86.63    351.34  -2660.76   4850.63      0.00      1
1       679 14.0       2.09e+09     87.36     48.21   -965.24  -2490.37      0.00      0
1       680 14.0       2.19e+10     79.26     34.60  -1843.23  -1542.92      0.00      1
1       681 14.0       1.12e+10     84.24     49.96   5528.65    630.19      0.00      1
1       682 14.0       1.48e+10     75.49    161.04  -1849.55   4412.90      0.00      1
1       683 14.0       7.59e+09     71.77    112.12   5025.36   2687.10      0.00      1
1       684 14.0       1.32e+09     76.32     29.04   1332.09  -2016.93      0.00      1
1       685 14.0       4.37e+10     80.74    355.29  -2416.30    271.25      0.00      1
1       686 14.0       3.80e+09     75.66    184.10   2245.06  -1513.92      0.00      1
1       687 14.0       5.37e+10     72.05    137.50  -4228.20   2406.12      0.00      1
1       688 14.0       1.70e+10     79.22    144.70   -407.54   4661.10      0.00      1
1       689 14.0       3.39e+09     86.47    208.59    923.37  -5612.20      0.00      1
1       690 14.0       1.00e+11     77.78    119.99  -2299.90  -9704.41      0.00      0
1       691 14.0       1.35e+09     68.02    176.81    949.12  -5657.19      0.00      1
1       692 14.0       9.55e+09     85.28     42.49  -3142.97 -11277.14      0.00      1
1       693 14.0       4.90e+09     77.08     89.32  -3788.17  -6481.34      0.00      1
1       694 14.0       2.09e+09     79.33    200.64  -2691.48  -8478.55      0.00      1
1       695 14.0       3.09e+09     80.75    176.19   2500.22  -9764.90      0.00      1
1       696 14.0       3.63e+09     82.28    316.14   3732.16  -1715.33      0.00      1
1       697 14.0       3.55e+10     77.48    197.00   4755.65 -11245.49      0.00      1
1       698 14.0       4.47e+09     79.93    250.27  -2350.99  -8183.72      0.00      1
1       699 14.0       3.09e+10     65.35     95.62  -1138.89  -4124.93      0.00      0
