1    104400 5626.0     1.74e+09     86.00    310.39   1310.92  -2020.86      0.00      0
1    104401 5626.0     2.04e+09     86.32    257.14   3876.81   2734.89      0.00      1
1    104402 5626.0     2.14e+10     73.91     78.47  -3739.42   3782.66      0.00      1
1    104403 5626.0     3.89e+09     71.17    336.52   6190.52   3595.32      0.00      0
1    104404 5626.0     1.78e+09     80.44    302.76    416.04  -7505.61      0.00      1
1    104405 5626.0     2.51e+09     77.67     35.64  -1601.75  -3872.92      0.00      1
1    104406 5626.0     2.51e+09     83.31     52.55   5982.76  -4407.31      0.00      1
1    104407 5626.0     2.82e+09     71.56     29.31   6362.84  -2990.14      0.00      1
1    104408 5626.0     1.38e+10     67.86    340.18  -3584.31  -9359.30      0.00      1
1    104409 5626.0     3.16e+10     79.36    254.30   4744.57    230.45      0.00      1
1    104410 5626.0     1.66e+09     65.40     96.45  -3859.80  -5577.05      0.00      0
1    104411 5626.0     2.40e+09     72.62    243.49   -962.04  -4204.31      0.00      1
1    104412 5626.0     3.98e+09     66.71    242.31  -1575.02   -672.17      0.00      1
1    104413 5626.0     5.89e+10     77.87    148.91   -756.00  -1102.23      0.00      1
1    104414 5626.0     9.12e+09     78.97    344.60   2202.78  -8360.74      0.00      1
1    104415 5626.0     7.59e+09     83.11    251.45   6384.55   -876.64      0.00      1
1    104416 5626.0     4.07e+10     72.27    312.69   4786.87  -1685.17      0.00      1
1    104417 5626.0     1.86e+09     76.00    277.53   -916.15  -5760.74      0.00      1
1    104418 5626.0     6.92e+09     80.15    172.98    383.07  -7575.75      0.00      1
1    104419 5626.0     6.61e+09     74.80     30.46   2228.57   4671.26      0.00      1
1    104420 5626.0     1.17e+09     84.94    217.47  -3011.75   2043.89      0.00      0
1    104421 5626.0     3.98e+09     80.42     84.45   4243.54  -3838.36      0.00      1
1    104422 5626.0     3.09e+10     73.40    179.59   2567.33  -4254.55      0.00      1
1    104423 5626.0     3.16e+10     82.51    137.73  -3721.68  -3272.32      0.00      1
1    104424 5626.0     8.91e+10     71.79     90.41  -3076.82    647.59      0.00      1
1    104425 5626.0     2.88e+09     68.92    297.53   1473.64   -231.58      0.00      1
1    104426 5626.0     1.78e+09     65.66    272.31     60.01  -8225.22      0.00      1
1    104427 5626.0     6.76e+09     87.85     44.16  -3017.40   3187.75      0.00      1
1    104428 5626.0     1.38e+10     71.51    152.87   4880.17  -5880.16      0.00      1
1    104429 5626.0     1.70e+09     65.49     53.22  -1366.28  -4624.33      0.00      0
1    104430 5626.0     9.77e+10     77.41    325.38   2135.57  -4653.71      0.00      1
1    104431 5626.0     6.46e+10     80.85    259.73  -1960.02   1235.21      0.00      1
1    104432 5626.0     6.31e+09     70.03     86.21  -3646.97  -4173.69      0.00      1
1    104433 5626.0     1.32e+10     82.71    248.52   -675.79  -8733.99      0.00      1
1    104434 5626.0     4.79e+09     69.01    117.17   2547.94  -4942.22      0.00      1
1    104435 5626.0     3.39e+10     66.38    167.31   3927.98   4677.06      0.00      0
1    104436 5626.0     2.69e+10     77.46    173.88  -3102.40   -728.51      0.00      1
1    104437 5626.0     2.34e+09     72.84    196.82    106.38    929.05      0.00      1
1    104438 5626.0     2.19e+09     83.58    122.59   2896.05  -5004.84      0.00      1
1    104439 5626.0     1.86e+09     66.05    187.04   5657.31  -7577.70      0.00      1
1    104440 5626.0     7.76e+10     81.88     33.56   3444.21 -10888.08      0.00      1
1    104441 5626.0     1.20e+10     66.17     52.46   3179.74   4260.14      0.00      0
1    104442 5626.0     8.13e+09     81.20    260.22  -1137.20  -6064.58      0.00      1
1    104443 5626.0     1.15e+10     84.88    347.03   -457.48   1465.60      0.00      1
1    104444 5626.0     2.04e+09     72.18    238.24   -153.31   4058.46      0.00      1
1    104445 5626.0     6.92e+10     78.22    352.56  -1985.95  -8353.01      0.00      1
1    104446 5626.0     2.29e+09     72.38    341.82   2428.41   4432.73      0.00      1
1    104447 5626.0     2.69e+09     72.86    352.93   4699.14  -8178.53      0.00      1
1    104448 5626.0     3.55e+09     73.71    132.83  -2533.99  -1395.79      0.00      1
1    104449 5626.0     1.45e+09     81.64    329.41   2943.01  -2069.56      0.00      1
1    104450 5626.0     1.05e+09     72.30    331.32   5861.46   3825.83      0.00      0
1    104451 5626.0     5.62e+09     80.77    352.34  -4048.94   4992.31      0.00      1
1    104452 5626.0     5.89e+10     73.25    224.76   5948.72  -7385.04      0.00      1
1    104453 5626.0     2.95e+10     77.61    221.72  -2650.27   2571.13      0.00      1
1    104454 5626.0     1.62e+09     66.97    318.95  -2650.54  -5969.46      0.00      1
1    104455 5626.0     3.55e+09     78.56    348.76   5581.86  -3618.09      0.00      1
1    104456 5626.0     1.26e+09     78.30     39.71   6489.61  -7431.45      0.00      1
1    104457 5626.0     1.12e+10     83.54    332.51   1594.51  -1722.34      0.00      1
1    104458 5626.0     2.34e+10     73.77     87.72   1362.79 -10043.30      0.00      1
1    104459 5626.0     5.50e+09     83.40      9.04   4552.55   1617.01      0.00      1
1    104460 5626.0     4.17e+09     73.26    291.05  -4087.45  -3029.56      0.00      1
1    104461 5626.0     7.59e+10     79.63    134.37   5947.91  -5437.54      0.00      1
1    104462 5626.0     4.79e+09     75.08    178.11   4089.86  -6719.79      0.00      1
1    104463 5626.0     1.95e+09     70.67    111.05    983.95   2837.84      0.00      1
1    104464 5626.0     1.12e+10     83.82    119.64  -4391.22 -10555.78      0.00      1
1    104465 5626.0     7.59e+09     72.79    275.42  -1618.14  -8107.04      0.00      1
1    104466 5626.0     7.59e+10     70.61     32.50   5500.16  -7579.19      0.00      1
1    104467 5626.0     9.55e+09     83.03    290.44   3644.19    438.77      0.00      1
1    104468 5626.0     3.55e+09     69.92     49.35    814.32    363.61      0.00      1
1    104469 5626.0     1.32e+09     80.60    161.44   3638.52   3286.51      0.00      1
1    104470 5626.0     1.26e+09     79.61    330.27   3687.44  -9395.06      0.00      1
1    104471 5626.0     3.72e+09     71.76    276.44    933.39    776.42      0.00      1
1    104472 5626.0     2.34e+10     68.92    307.55  -1157.55   2906.58      0.00      1
1    104473 5626.0     8.71e+09     82.58     93.20   4397.18   1429.56      0.00      1
1    104474 5626.0     2.88e+10     81.58     96.08   -724.71 -11137.56      0.00      1
1    104475 5626.0     2.75e+10     77.23    214.56   -472.76   -351.41      0.00      1
1    104476 5626.0     6.76e+09     67.61     15.89  -1042.86   1767.56      0.00      1
1    104477 5626.0     6.92e+10     72.01    124.38   2429.67  -8805.62      0.00      0
1    104478 5626.0     1.86e+09     67.78    129.26   3045.06 -10376.69      0.00      0
1    104479 5626.0     2.19e+10     85.24    119.40  -1846.52  -2093.38      0.00      1
1    104480 5626.0     2.09e+10     86.07    220.57   5670.26  -4144.64      0.00      1
1    104481 5626.0     8.71e+10     69.83      9.53  -4393.76  -5898.96      0.00      1
1    104482 5626.0     1.23e+10     85.43    317.03  -3547.49   5085.12      0.00      1
1    104483 5626.0     4.27e+10     72.18    118.11   6210.75 -10994.59      0.00      0
1    104484 5626.0     3.31e+10     81.47    297.62  -2914.75   3122.08      0.00      1
1    104485 5626.0     2.19e+10     75.21    338.61   -114.10   2909.92      0.00      1
1    104486 5626.0     2.00e+10     68.12    345.20    -37.44  -4149.05      0.00      1
1    104487 5626.0     2.82e+10     68.01     89.67  -2723.02  -7578.21      0.00      1
1    104488 5626.0     1.12e+10     72.75    250.44   1575.11  -4095.88      0.00      1
1    104489 5626.0     1.48e+09     70.43    356.97  -2503.13  -6850.62      0.00      1
1    104490 5626.0     4.27e+10     79.13    195.79  -2119.56  -2477.21      0.00      1
1    104491 5626.0     1.55e+10     74.55     71.85   3244.41  -4505.87      0.00      1
1    104492 5626.0     2.34e+10     79.21     39.58   6221.08    -87.47      0.00      1
1    104493 5626.0     1.17e+10     81.65    111.11   4112.96   3895.68      0.00      1
1    104494 5626.0     3.31e+09     74.49    152.97   3550.95   3761.20      0.00      1
1    104495 5626.0     3.80e+10     86.48    181.00  -2114.78  -5073.32      0.00      1
1    104496 5626.0     2.45e+10     74.78     92.03   1839.69  -4158.60      0.00      1
1    104497 5626.0     2.34e+10     73.08     36.06   2661.86  -8955.50      0.00      1
1    104498 5626.0     2.57e+10     74.49     28.43   5980.65  -7694.83      0.00      1
1    104499 5626.0     1.82e+10     78.24      8.05  -2608.28 -11101.13      0.00      1
