1      4600 14.0       6.76e+10     81.16    357.13   4125.46  -2741.21      0.00      1
1      4601 14.0       3.89e+09     84.85    179.14   1544.72  -6138.78      0.00      1
1      4602 14.0       4.07e+10     71.26    316.78   4704.85  -2286.22      0.00      1
1      4603 14.0       8.13e+10     82.48     95.06   1638.34   -670.92      0.00      1
1      4604 14.0       3.02e+10     66.79    335.38  -3982.53   2209.43      0.00      0
1      4605 14.0       1.05e+10     76.56    264.64  -2787.14  -2001.59      0.00      1
1      4606 14.0       3.39e+09     82.94    105.65   1412.54   3911.37      0.00      1
1      4607 14.0       1.32e+10     84.29    336.14   -495.57  -7134.90      0.00      1
1      4608 14.0       2.09e+10     72.65    312.86   1232.91  -9259.61      0.00      1
1      4609 14.0       6.17e+10     84.30     65.07     84.99    454.95      0.00      1
1      4610 14.0       5.37e+09     78.69    348.66   3494.40  -8030.90      0.00      1
1      4611 14.0       4.79e+10     79.77    152.79   5521.66  -5356.52      0.00      1
1      4612 14.0       3.89e+10     87.21    319.90   4448.24  -1277.80      0.00      1
1      4613 14.0       4.79e+10     80.72    117.94   5416.07 -10218.24      0.00      1
1      4614 14.0       1.12e+09     71.79    233.31   1272.28   1181.63      0.00      1
1      4615 14.0       8.32e+09     68.33    291.95  -2682.84  -8933.41      0.00      1
1      4616 14.0       9.77e+09     82.24    219.01   6243.83    479.25      0.00      1
1      4617 14.0       5.25e+09     84.69    331.92   2899.38  -8237.96      0.00      1
1      4618 14.0       2.75e+10     84.20    192.05   3877.97  -7014.08      0.00      1
1      4619 14.0       9.55e+09     81.93    152.16   3897.02   -779.96      0.00      1
1      4620 14.0       7.24e+10     82.03    337.90   2588.38   -179.90      0.00      1
1      4621 14.0       6.61e+10     75.29    321.53   -868.39  -4876.26      0.00      1
1      4622 14.0       2.19e+10     73.94    143.09   4581.66 -10393.85      0.00      1
1      4623 14.0       1.74e+10     83.40    244.75  -1659.64  -9676.29      0.00      1
1      4624 14.0       2.09e+09     77.37    169.08   3345.84  -5879.01      0.00      1
1      4625 14.0       1.48e+10     75.64     66.68  -1245.06  -9824.51      0.00      1
1      4626 14.0       5.13e+09     80.53    203.05   5105.35   5020.33      0.00      1
1      4627 14.0       4.17e+09     73.94    338.11  -3158.75  -7057.84      0.00      1
1      4628 14.0       9.12e+09     85.36    123.17   5005.81   1337.26      0.00      1
1      4629 14.0       8.13e+09     81.25    155.96   4125.47   1620.83      0.00      1
1      4630 14.0       2.34e+09     76.63    335.78   3416.01  -6933.91      0.00      1
1      4631 14.0       8.91e+09     73.48     18.26   -611.84  -6342.11      0.00      1
1      4632 14.0       2.75e+09     79.39     87.94   5330.60   -120.03      0.00      1
1      4633 14.0       4.27e+10     71.55    151.79  -2085.63   2320.55      0.00      1
1      4634 14.0       3.47e+10     81.05    323.18   4382.56  -6731.27      0.00      1
1      4635 14.0       2.19e+10     83.71    185.68   -168.89 -10579.18      0.00      1
1      4636 14.0       1.38e+10     69.78    267.02    433.30   3049.65      0.00      1
1      4637 14.0       1.10e+10     67.84     99.12   3886.98   3365.92      0.00      1
1      4638 14.0       1.62e+10     68.05    223.68  -1131.06 -11168.97      0.00      0
1      4639 14.0       6.46e+10     70.61    309.44   -443.75   5142.16      0.00      0
1      4640 14.0       1.66e+10     70.20    168.65  -3825.00   4307.10      0.00      1
1      4641 14.0       8.71e+10     66.47    321.55  -4155.29   -313.83      0.00      0
1      4642 14.0       6.46e+10     67.56     76.55   1070.64  -7046.01      0.00      1
1      4643 14.0       3.98e+09     71.67    161.73   5539.36  -8964.74      0.00      0
1      4644 14.0       6.03e+10     66.05    268.20   -296.35    901.04      0.00      1
1      4645 14.0       9.77e+10     69.48     26.11  -3777.81  -9060.34      0.00      1
1      4646 14.0       6.31e+10     72.33     47.77   4765.07  -2343.03      0.00      1
1      4647 14.0       1.10e+09     66.60    193.52   4942.20  -9051.94      0.00      0
1      4648 14.0       2.34e+10     75.22    278.72   4898.36   2432.25      0.00      1
1      4649 14.0       9.33e+10     82.14    302.61  -1710.01  -8430.19      0.00      1
1      4650 14.0       7.59e+09     70.64    348.77    466.82 -10836.54      0.00      1
1      4651 14.0       1.26e+09     74.87    324.93    279.43   -735.62      0.00      1
1      4652 14.0       6.03e+10     79.73     80.46  -3937.28  -4351.08      0.00      1
1      4653 14.0       3.72e+10     83.85    331.29   5614.78   4898.56      0.00      1
1      4654 14.0       4.68e+10     85.01    189.61  -3778.25   2438.68      0.00      1
1      4655 14.0       5.01e+09     68.83     15.06  -1601.99  -8177.13      0.00      1
1      4656 14.0       3.55e+10     73.10    337.76   4347.86   3332.16      0.00      1
1      4657 14.0       4.79e+09     71.19    135.71  -4314.64 -11100.48      0.00      0
1      4658 14.0       1.66e+10     80.07     86.62    687.89  -4851.90      0.00      1
1      4659 14.0       1.07e+10     79.21    345.63  -2159.41  -5020.84      0.00      1
1      4660 14.0       3.63e+10     87.46     18.82   2399.72  -7850.32      0.00      1
1      4661 14.0       7.24e+09     73.77    230.48  -3970.76  -4588.06      0.00      1
1      4662 14.0       1.58e+09     65.93    119.10  -1396.56  -5367.90      0.00      1
1      4664 14.0       2.19e+10     72.74     16.66  -3698.70  -3363.07      0.00      1
1      4665 14.0       1.23e+09     73.17    136.04   -860.85   4301.99      0.00      1
1      4666 14.0       2.63e+09     68.78     24.71    -38.90   1555.27      0.00      1
1      4667 14.0       4.79e+09     71.70    306.29  -4327.32   2324.96      0.00      1
1      4668 14.0       2.63e+09     65.08     40.44  -3161.40 -10063.73      0.00      1
1      4669 14.0       7.59e+10     76.47     83.29  -3316.97  -8125.92      0.00      1
1      4670 14.0       3.16e+10     84.58    221.49   1095.96   -172.35      0.00      1
1      4671 14.0       1.78e+10     75.61     38.27   -615.64  -4112.16      0.00      1
1      4672 14.0       4.47e+10     73.22    144.56  -1909.90    -46.09      0.00      1
1      4673 14.0       3.09e+09     66.65    183.96  -2632.39  -8268.84      0.00      1
1      4674 14.0       1.20e+10     72.65    148.60  -4385.52   -616.10      0.00      1
1      4675 14.0       2.34e+10     80.93    260.38    687.57    851.17      0.00      1
1      4676 14.0       4.90e+09     75.98    261.21   2530.35  -1725.12      0.00      1
1      4677 14.0       1.29e+10     74.36     36.27  -2632.02   2865.23      0.00      1
1      4678 14.0       7.76e+10     72.98    230.05    -64.71  -8764.50      0.00      1
1      4679 14.0       6.46e+09     65.47     23.77    582.77  -5945.63      0.00      0
1      4680 14.0       2.09e+10     80.48     89.83   3912.92    695.78      0.00      1
1      4681 14.0       8.13e+10     83.69    126.16   2323.24  -8040.56      0.00      1
1      4682 14.0       3.09e+10     66.83    328.02   2512.75  -1777.08      0.00      1
1      4683 14.0       2.34e+10     86.25    109.82   2442.34  -7195.03      0.00      1
1      4684 14.0       1.91e+09     82.89    139.36   1607.44   4167.60      0.00      1
1      4685 14.0       5.37e+10     69.11    331.01  -1827.01   -324.51      0.00      1
1      4686 14.0       5.50e+10     80.70    191.23   3144.72   3460.96      0.00      1
1      4687 14.0       1.02e+10     67.66    163.69   -968.62  -4244.47      0.00      1
1      4688 14.0       3.31e+10     68.57    142.87  -4294.18 -10912.13      0.00      0
1      4689 14.0       2.82e+10     83.38     61.38  -1292.49  -6862.18      0.00      1
1      4690 14.0       7.41e+10     82.89    265.66  -2532.18     19.78      0.00      1
1      4691 14.0       1.23e+09     84.56    150.16   -995.32   4295.49      0.00      1
1      4692 14.0       4.07e+10     75.10     34.70   4314.99  -3729.06      0.00      1
1      4693 14.0       6.46e+09     79.54    314.55    893.72  -2134.68      0.00      1
1      4694 14.0       3.47e+10     69.23    178.49   4222.48   5168.50      0.00      0
1      4695 14.0       1.82e+10     82.71      6.65    305.53  -6864.35      0.00      1
1      4696 14.0       1.29e+09     68.57    346.27   2024.06  -9517.01      0.00      1
1      4697 14.0       4.37e+09     76.44     54.09   4677.59   2602.82      0.00      1
1      4698 14.0       2.51e+09     77.12     19.08     87.86   4562.72      0.00      1
1      4699 14.0       2.29e+09     79.49     93.80  -3519.79  -1960.30      0.00      1
