1      1500 14.0       1.32e+10     81.49     79.43  -2992.08   2837.81      0.00      1
1      1501 14.0       3.80e+09     75.28    333.57    257.07  -6583.43      0.00      1
1      1502 14.0       6.17e+09     77.95    249.29   3552.00  -9404.51      0.00      1
1      1503 14.0       1.74e+10     84.93     31.57   2471.70   2117.84      0.00      1
1      1504 14.0       1.74e+09     77.62     45.66   5573.46    -33.22      0.00      1
1      1505 14.0       1.95e+10     73.25    200.44    583.63   1902.48      0.00      1
1      1506 14.0       7.76e+10     84.81     29.18   2070.10   1381.14      0.00      1
1      1507 14.0       1.12e+09     73.37    217.86   1520.10  -4214.77      0.00      1
1      1508 14.0       3.98e+10     87.24    231.80    126.83   3843.06      0.00      1
1      1509 14.0       1.12e+09     84.04    176.70  -3238.32   2374.88      0.00      1
1      1510 14.0       1.29e+10     69.08     60.21   1049.74   2514.24      0.00      1
1      1511 14.0       2.40e+09     69.69    292.73   6088.12  -8071.25      0.00      1
1      1512 14.0       1.51e+09     84.31    285.56   -521.93   -379.05      0.00      1
1      1513 14.0       4.68e+10     75.25    294.75   4640.43   5009.12      0.00      0
1      1514 14.0       3.31e+09     79.82    349.76   1722.22   5124.50      0.00      1
1      1515 14.0       5.75e+10     81.10    262.93    155.73   4615.35      0.00      1
1      1516 14.0       4.47e+10     79.09    122.68   2434.95  -2312.50      0.00      1
1      1517 14.0       3.31e+10     87.27    224.29   2979.05   4092.11      0.00      1
1      1518 14.0       2.24e+09     66.31     96.11   -435.71  -9645.79      0.00      1
1      1519 14.0       3.47e+10     84.26     29.34   4967.95  -9731.81      0.00      1
1      1520 14.0       1.66e+10     86.24     63.76   -133.71  -8503.19      0.00      1
1      1521 14.0       8.13e+09     78.15    305.22   1287.88   3111.74      0.00      1
1      1522 14.0       5.37e+10     74.55    110.38    549.09  -3243.01      0.00      1
1      1523 14.0       5.25e+10     76.49     14.46   1966.57  -8648.90      0.00      1
1      1524 14.0       1.12e+10     77.73    164.89  -3974.09 -10067.09      0.00      1
1      1525 14.0       1.78e+10     68.25     35.60    -18.88  -7040.45      0.00      1
1      1526 14.0       6.03e+10     71.85     82.28   6238.09   2630.98      0.00      1
1      1527 14.0       1.29e+09     81.75     35.46  -3423.76    682.61      0.00      1
1      1528 14.0       2.04e+10     85.17    104.61  -4197.77  -3378.37      0.00      1
1      1529 14.0       3.09e+09     80.20     34.78   4412.09  -5154.23      0.00      1
1      1530 14.0       2.40e+09     76.59    188.11   5355.68  -2353.80      0.00      1
1      1531 14.0       2.51e+09     69.12    344.40   -173.05  -3665.63      0.00      1
1      1532 14.0       2.34e+09     87.65     94.67   1884.85  -3552.74      0.00      0
1      1533 14.0       1.15e+09     86.22    104.72   1181.10   2242.03      0.00      0
1      1534 14.0       4.68e+10     67.89     46.75  -1873.43   2345.45      0.00      1
1      1535 14.0       6.03e+10     87.35     89.49  -3343.67   -103.22      0.00      1
1      1536 14.0       2.88e+09     70.75    135.63  -2834.71   2219.48      0.00      1
1      1537 14.0       7.59e+10     80.11    196.92    702.00  -9963.31      0.00      1
1      1538 14.0       5.89e+09     79.12    170.59   1753.03    668.92      0.00      1
1      1539 14.0       7.94e+09     82.70    288.76   5244.72  -9865.35      0.00      1
1      1540 14.0       1.23e+09     67.54      8.22   3503.42  -6649.22      0.00      1
1      1541 14.0       2.95e+09     81.66    285.40   6438.06   2077.56      0.00      1
1      1542 14.0       6.31e+09     86.78     90.25   1695.20  -3807.66      0.00      1
1      1543 14.0       7.41e+09     85.90     57.26   3580.69 -11104.67      0.00      1
1      1544 14.0       3.24e+09     73.02    183.66   6460.63   3112.03      0.00      1
1      1545 14.0       2.63e+09     79.21    188.13  -4362.03   3664.85      0.00      1
1      1546 14.0       1.45e+10     86.95      5.93   1306.89    352.98      0.00      1
1      1547 14.0       2.00e+09     84.06    160.51   6252.86    645.90      0.00      1
1      1548 14.0       3.47e+10     85.65    176.14   1587.44 -11239.92      0.00      1
1      1549 14.0       3.02e+09     87.03    353.85   4908.78     35.32      0.00      1
1      1550 14.0       1.70e+10     83.14    224.69   3517.11 -10396.73      0.00      1
1      1551 14.0       7.94e+09     72.71    154.92   1832.69  -9306.04      0.00      1
1      1552 14.0       3.24e+09     68.03    326.57   2374.33  -6058.31      0.00      1
1      1553 14.0       1.55e+10     86.76    161.82    299.11  -4424.99      0.00      1
1      1554 14.0       1.45e+10     80.81    334.24   4720.06   1051.23      0.00      1
1      1555 14.0       1.10e+10     73.95    359.22   3913.81  -6225.87      0.00      1
1      1556 14.0       2.57e+10     71.81     44.10   1988.71  -6344.99      0.00      1
1      1557 14.0       2.45e+09     66.73     13.62   3128.12   4309.47      0.00      0
1      1558 14.0       1.38e+09     71.95    127.51  -1566.47  -2678.51      0.00      1
1      1559 14.0       5.50e+09     75.50    234.06   3120.54  -9738.29      0.00      1
1      1560 14.0       6.03e+10     75.95    237.10   4087.71  -6199.21      0.00      1
1      1561 14.0       5.89e+09     73.04    272.59   1149.40  -9957.85      0.00      1
1      1562 14.0       2.82e+09     72.92     83.57   6336.74  -4223.82      0.00      1
1      1563 14.0       1.82e+09     68.11    276.77   1692.57  -8627.66      0.00      1
1      1564 14.0       5.50e+10     84.83     21.23  -1131.91  -3834.73      0.00      1
1      1565 14.0       2.51e+09     65.28    178.33   3605.56  -3303.09      0.00      0
1      1566 14.0       6.17e+09     77.14    189.90  -3048.39  -2624.97      0.00      1
1      1567 14.0       9.33e+09     66.24     98.49   5975.95  -7444.81      0.00      0
1      1568 14.0       1.17e+09     84.27    273.11  -1932.89  -3187.40      0.00      1
1      1569 14.0       2.45e+10     66.36    320.27   6023.17  -9129.12      0.00      0
1      1570 14.0       2.82e+09     87.68    311.21  -3076.83  -5706.62      0.00      0
1      1571 14.0       1.78e+10     83.97    265.73   4728.99  -3227.43      0.00      1
1      1572 14.0       1.74e+10     79.42     19.61   1289.78   4663.99      0.00      1
1      1573 14.0       4.68e+10     66.79    152.46   5942.62  -1768.86      0.00      0
1      1574 14.0       1.62e+10     72.26     49.02   3938.08    541.06      0.00      1
1      1575 14.0       1.23e+10     78.89     83.33   5095.14   2864.60      0.00      1
1      1576 14.0       6.03e+10     71.28    220.03   4194.07  -3562.89      0.00      1
1      1577 14.0       6.31e+09     78.76    183.81   4748.64   -600.85      0.00      1
1      1578 14.0       3.31e+09     65.59     85.51   -735.47   1060.14      0.00      1
1      1579 14.0       7.41e+10     82.15    109.94   5152.22  -5116.20      0.00      1
1      1580 14.0       3.24e+09     78.66     71.57   2723.89   2395.71      0.00      1
1      1581 14.0       1.15e+09     76.61    203.80  -1301.70    428.86      0.00      1
1      1582 14.0       4.27e+10     84.32    143.03   2295.89  -2316.80      0.00      1
1      1583 14.0       1.29e+09     77.46    325.82    227.69   -651.58      0.00      1
1      1584 14.0       7.24e+10     65.65    323.90  -3819.97  -2951.51      0.00      0
1      1585 14.0       1.35e+10     74.90     50.46  -1535.40   2442.61      0.00      1
1      1586 14.0       4.47e+10     69.85    318.70   1275.03    -75.18      0.00      1
1      1587 14.0       5.75e+09     84.92    179.66   5082.12   -340.17      0.00      1
1      1588 14.0       9.77e+09     77.22     46.44   1591.06   1337.02      0.00      1
1      1589 14.0       3.31e+10     67.17    124.59  -3227.60  -6007.11      0.00      1
1      1590 14.0       5.62e+09     69.33    213.20  -1938.82   2071.57      0.00      1
1      1591 14.0       5.89e+09     71.86     61.07   6479.42   4557.61      0.00      0
1      1592 14.0       3.02e+09     85.05    216.81  -2895.72  -1201.66      0.00      1
1      1593 14.0       1.45e+10     81.84     89.86  -3195.80  -2307.84      0.00      1
1      1594 14.0       1.32e+10     65.55    190.14   2778.00  -2180.13      0.00      1
1      1595 14.0       1.78e+09     69.50    117.47   6014.09  -3007.21      0.00      1
1      1596 14.0       2.57e+10     68.51    293.75   -338.42   4122.36      0.00      1
1      1597 14.0       7.76e+09     73.95    220.82  -1595.67    446.68      0.00      1
1      1598 14.0       8.32e+10     72.47    294.84  -2216.96   -625.93      0.00      1
1      1599 14.0       2.00e+10     83.20    331.42   3303.04   4546.18      0.00      1
