1      5000 14.0       1.41e+08     67.13    351.93   3186.72  -9040.85      0.00      0
1      5001 14.0       1.15e+08     79.95    227.36  -4369.91   2647.52      0.00      0
1      5002 14.0       5.25e+08     76.39     22.72    946.71    779.18      0.00      1
1      5003 14.0       8.51e+08     69.70    193.97   2723.69   3717.51      0.00      1
1      5004 14.0       3.16e+08     81.28    124.94  -1617.18  -7533.42      0.00      1
1      5005 14.0       2.04e+08     82.98    267.64  -2200.79   2905.53      0.00      0
1      5006 14.0       5.13e+08     69.37     62.70   3739.98   4758.85      0.00      0
1      5007 14.0       2.82e+08     76.20    297.00  -1286.80   1251.62      0.00      1
1      5008 14.0       1.82e+08     68.72     46.79   1628.09 -11279.48      0.00      0
1      5009 14.0       3.31e+08     65.20     15.75  -1399.92  -5273.25      0.00      0
1      5010 14.0       7.94e+08     79.12     40.40   2246.95  -8403.50      0.00      1
1      5011 14.0       6.76e+08     75.79    290.55   4756.26   3067.33      0.00      1
1      5012 14.0       4.07e+08     69.48    154.50  -4293.14  -9106.68      0.00      0
1      5013 14.0       1.82e+08     67.57    255.63  -1820.43   4655.34      0.00      0
1      5014 14.0       4.17e+08     73.48     66.26   6145.59  -2461.41      0.00      1
1      5015 14.0       1.35e+08     72.39     16.24  -1223.50  -2869.24      0.00      0
1      5016 14.0       1.32e+08     75.70    142.18  -1891.86  -4494.06      0.00      0
1      5017 14.0       3.72e+08     68.27    138.92   4102.60   4043.97      0.00      0
1      5019 14.0       5.75e+08     86.85    109.02   4588.44  -9484.21      0.00      0
1      5020 14.0       3.98e+08     71.80    308.74    217.00   5132.69      0.00      0
1      5021 14.0       2.57e+08     87.64    255.72   4320.21    448.46      0.00      0
1      5022 14.0       1.10e+08     85.88     62.65  -3743.70  -3083.81      0.00      0
1      5023 14.0       3.55e+08     78.61     34.25   3084.03   4693.85      0.00      1
1      5024 14.0       3.24e+08     67.09    357.87   1891.00  -7194.05      0.00      0
1      5025 14.0       1.74e+08     84.72    223.39  -2184.41  -3143.73      0.00      0
1      5026 14.0       2.34e+08     74.16    326.58   2212.11   1697.49      0.00      1
1      5027 14.0       1.58e+08     77.00     74.99   5611.84   2000.86      0.00      0
1      5028 14.0       3.39e+08     80.63     42.64  -3711.82   1100.29      0.00      0
1      5029 14.0       1.95e+08     78.80    355.50   1237.06  -6259.10      0.00      0
1      5030 14.0       3.02e+08     70.48    107.72  -2709.99   2067.25      0.00      1
1      5031 14.0       1.29e+08     70.80    198.62    521.40    358.78      0.00      0
1      5032 14.0       1.10e+08     83.21    307.75  -2942.71  -2619.52      0.00      0
1      5033 14.0       6.17e+08     71.94    264.05   2079.65   1328.75      0.00      1
1      5034 14.0       1.07e+08     73.50    150.84   3613.25  -5696.94      0.00      0
1      5035 14.0       6.46e+08     71.18    192.97   5056.87   2755.14      0.00      1
1      5036 14.0       9.77e+08     87.36    203.07   2674.80  -6801.62      0.00      0
1      5037 14.0       6.46e+08     71.35    284.61   4689.45   2480.41      0.00      1
1      5038 14.0       4.17e+08     75.43    239.38  -4015.25   4173.00      0.00      1
1      5039 14.0       4.37e+08     65.80    106.21  -3619.07   1097.60      0.00      0
1      5040 14.0       3.02e+08     80.99    327.12   2614.59  -5832.63      0.00      0
1      5041 14.0       1.05e+08     67.56    295.29   3296.19  -3822.79      0.00      0
1      5042 14.0       2.24e+08     80.10    270.33  -4202.45  -2112.18      0.00      0
1      5043 14.0       6.03e+08     73.42    128.90   3123.24  -7361.76      0.00      1
1      5044 14.0       6.17e+08     67.62     93.84   5817.51  -1743.91      0.00      1
1      5045 14.0       2.34e+08     81.00    306.36   5771.14  -1975.64      0.00      0
1      5046 14.0       1.45e+08     66.72      2.78  -4252.74  -9756.14      0.00      0
1      5047 14.0       1.26e+08     72.41    235.94  -3402.45   -788.53      0.00      0
1      5048 14.0       5.89e+08     85.68     45.05   2942.77  -9632.23      0.00      0
1      5049 14.0       1.86e+08     65.94     35.33  -1970.35  -4968.23      0.00      0
1      5050 14.0       1.82e+08     85.16    345.00   5605.29  -4750.96      0.00      0
1      5051 14.0       2.19e+08     68.21    126.53   4921.75  -5452.72      0.00      0
1      5052 14.0       1.02e+08     87.12     54.50   2938.19 -10942.65      0.00      0
1      5053 14.0       4.68e+08     83.47     81.07   2921.96   -862.60      0.00      1
1      5054 14.0       6.76e+08     83.49    222.23   2924.26  -1686.90      0.00      1
1      5055 14.0       1.20e+08     82.26    332.55   -494.00   2758.71      0.00      0
1      5056 14.0       3.72e+08     70.61    217.71   1544.30  -7141.58      0.00      0
1      5057 14.0       1.00e+08     79.41    232.35   6396.43  -6649.76      0.00      0
1      5058 14.0       1.74e+08     70.08     78.83  -2869.49  -6654.36      0.00      0
1      5059 14.0       1.35e+08     66.82    189.64  -2307.66  -2192.72      0.00      0
1      5060 14.0       2.40e+08     67.07    141.68  -2800.05  -4879.99      0.00      0
1      5061 14.0       2.29e+08     73.85    226.58   6347.87  -4914.37      0.00      0
1      5062 14.0       1.02e+08     77.31    232.50    346.35  -9418.93      0.00      0
1      5063 14.0       1.05e+08     87.59    178.26   5541.33  -1080.76      0.00      0
1      5064 14.0       6.31e+08     69.14    188.79  -1740.52   3686.65      0.00      1
1      5065 14.0       8.71e+08     87.02    167.10  -1733.93 -11241.20      0.00      0
1      5066 14.0       1.23e+08     76.63      1.88   2987.96  -8266.00      0.00      0
1      5067 14.0       9.12e+08     65.38    334.63   -538.00  -2822.88      0.00      1
1      5068 14.0       4.07e+08     71.65    217.00   -266.13 -10523.03      0.00      1
1      5069 14.0       2.00e+08     76.90    208.31  -1320.54  -2033.21      0.00      1
1      5070 14.0       2.00e+08     71.55    313.81   5939.30  -8783.36      0.00      0
1      5071 14.0       1.07e+08     79.53      9.32   2588.41   1501.63      0.00      0
1      5072 14.0       7.08e+08     80.46    160.89   6375.82   3767.73      0.00      1
1      5073 14.0       5.62e+08     73.68    250.79  -4179.52  -7123.76      0.00      1
1      5074 14.0       4.37e+08     70.47    247.59   4701.60  -1277.48      0.00      1
1      5075 14.0       2.63e+08     72.75     84.76    561.87   3776.21      0.00      1
1      5076 14.0       1.91e+08     70.39    217.01   3787.26   2113.58      0.00      0
1      5077 14.0       8.91e+08     82.66     39.94  -3868.34 -10761.78      0.00      1
1      5078 14.0       7.08e+08     85.40    315.89  -1303.24 -10286.90      0.00      0
1      5079 14.0       2.63e+08     81.46    307.97   2351.20  -8056.94      0.00      0
1      5080 14.0       5.25e+08     66.26    162.97   2998.98  -4102.42      0.00      0
1      5081 14.0       1.55e+08     71.46    267.36  -2665.08   1966.78      0.00      0
1      5082 14.0       8.71e+08     74.45    356.72    270.45  -4737.15      0.00      1
1      5083 14.0       1.66e+08     87.29    117.69   5543.58 -10003.64      0.00      0
1      5084 14.0       2.82e+08     80.46    167.51   6336.29  -7667.23      0.00      0
1      5085 14.0       7.41e+08     79.62    156.21   2320.97  -7550.45      0.00      1
1      5086 14.0       5.13e+08     70.52     83.61   1519.20  -7952.52      0.00      1
1      5087 14.0       7.59e+08     67.44    354.39  -1659.28   4102.65      0.00      0
1      5088 14.0       8.32e+08     72.44    215.09  -2228.80  -9292.27      0.00      1
1      5089 14.0       4.17e+08     77.22    294.95   1149.84   3294.94      0.00      1
1      5090 14.0       1.38e+08     70.26    234.30  -1149.27  -7478.79      0.00      0
1      5091 14.0       4.68e+08     84.71    303.25   3488.61   4303.22      0.00      0
1      5092 14.0       9.55e+08     80.68    153.64   -751.09   2787.74      0.00      1
1      5093 14.0       6.61e+08     71.08    338.76   2734.63  -5563.53      0.00      1
1      5094 14.0       1.07e+08     84.12    120.50   2828.36  -1805.05      0.00      0
1      5095 14.0       9.77e+08     85.51    161.87  -2286.73  -5067.70      0.00      1
1      5096 14.0       2.04e+08     69.93     52.91   4255.15   -404.40      0.00      0
1      5097 14.0       5.01e+08     76.30     54.39   5226.29   1041.38      0.00      1
1      5098 14.0       1.41e+08     66.94    303.18   -441.42  -5469.22      0.00      0
1      5099 14.0       1.17e+08     80.43    292.83   5503.42  -5922.34      0.00      0
