1    106200 5626.0     5.13e+08     73.90    261.21  -2878.06  -2667.55      0.00      1
1    106201 5626.0     4.07e+08     82.47    354.52   3340.83  -4445.93      0.00      0
1    106202 5626.0     3.02e+08     82.05    160.16   -278.27 -11187.45      0.00      0
1    106203 5626.0     9.33e+08     86.07    126.91   3234.57  -3570.60      0.00      0
1    106204 5626.0     1.91e+08     82.17    137.83  -3203.87     94.87      0.00      0
1    106205 5626.0     4.27e+08     67.42     59.01  -3765.69  -9108.29      0.00      0
1    106206 5626.0     6.31e+08     66.85    100.58  -2749.58  -4764.68      0.00      1
1    106207 5626.0     5.50e+08     71.01    308.18    414.67   1690.69      0.00      1
1    106208 5626.0     1.70e+08     75.27    128.80   2266.35  -6088.04      0.00      0
1    106209 5626.0     1.26e+08     85.30    350.69  -3275.21  -9702.01      0.00      0
1    106210 5626.0     2.88e+08     65.04    224.52   2012.92  -8907.38      0.00      0
1    106211 5626.0     4.27e+08     71.31    296.63   5150.17    786.01      0.00      1
1    106212 5626.0     1.29e+08     83.52    248.94    546.36  -1069.28      0.00      0
1    106213 5626.0     2.88e+08     71.84     62.67    754.07  -7298.99      0.00      0
1    106214 5626.0     2.24e+08     65.02    152.26   1714.56   4079.96      0.00      0
1    106215 5626.0     5.13e+08     81.47      4.10    998.53  -1017.48      0.00      1
1    106216 5626.0     8.13e+08     70.63    124.60   4635.98  -4164.25      0.00      1
1    106217 5626.0     8.71e+08     78.80    134.85  -1522.18  -7115.35      0.00      1
1    106218 5626.0     3.16e+08     68.76     62.08    261.13  -8318.95      0.00      0
1    106219 5626.0     1.82e+08     80.27    321.55  -1019.52   2258.25      0.00      0
1    106220 5626.0     2.69e+08     65.22     16.01   3120.30  -9434.59      0.00      0
1    106221 5626.0     6.17e+08     68.99    176.18  -2838.24 -10715.28      0.00      1
1    106222 5626.0     1.91e+08     66.48     89.79  -3338.15   2145.93      0.00      0
1    106223 5626.0     2.82e+08     67.24    193.46   4915.63   4193.54      0.00      0
1    106224 5626.0     1.15e+08     69.40    317.49  -3620.17  -3428.74      0.00      0
1    106225 5626.0     9.33e+08     80.01    266.28  -2608.77   1835.08      0.00      1
1    106226 5626.0     3.89e+08     81.61    339.46   -869.67  -6283.95      0.00      1
1    106227 5626.0     3.39e+08     78.98     98.01   5604.30   -261.88      0.00      1
1    106228 5626.0     4.47e+08     70.36     23.91  -2346.59  -7210.15      0.00      1
1    106229 5626.0     5.13e+08     77.28    145.41   5008.52  -5877.96      0.00      1
1    106230 5626.0     2.45e+08     68.88    312.89  -3222.23  -5432.98      0.00      0
1    106231 5626.0     9.12e+08     65.13     85.76   2303.89  -5106.44      0.00      0
1    106232 5626.0     6.03e+08     85.03     48.94   3633.62  -6288.42      0.00      0
1    106233 5626.0     3.16e+08     72.47    237.69    965.99  -3780.90      0.00      0
1    106234 5626.0     1.91e+08     77.19     96.60   -497.68   1997.14      0.00      0
1    106235 5626.0     6.92e+08     76.05    318.11  -2394.98   1825.25      0.00      1
1    106236 5626.0     7.08e+08     65.66    309.01   -266.87    -95.61      0.00      1
1    106237 5626.0     5.13e+08     69.44    227.14    383.75 -10522.48      0.00      1
1    106238 5626.0     2.75e+08     80.58    153.95   3205.41  -9378.23      0.00      0
1    106239 5626.0     1.86e+08     71.51    297.81  -2370.35  -1184.88      0.00      0
1    106240 5626.0     3.39e+08     66.22    259.98   1328.19   4570.94      0.00      0
1    106241 5626.0     1.17e+08     78.52    221.56  -4399.47  -9659.31      0.00      0
1    106242 5626.0     8.51e+08     85.05     90.23   1270.93 -11158.05      0.00      1
1    106243 5626.0     6.03e+08     76.84     68.40   -146.66  -8030.09      0.00      1
1    106244 5626.0     1.29e+08     72.17      1.56   4138.70  -1707.81      0.00      0
1    106245 5626.0     3.47e+08     85.76     17.80  -3832.35  -4295.86      0.00      0
1    106246 5626.0     7.76e+08     71.34    173.99   2431.27    335.94      0.00      1
1    106247 5626.0     7.24e+08     70.56    311.43  -1909.04   3987.92      0.00      1
1    106248 5626.0     1.20e+08     87.82     87.37  -3319.46   2326.66      0.00      0
1    106249 5626.0     7.59e+08     81.59    232.24  -3774.11 -10937.35      0.00      1
1    106250 5626.0     4.37e+08     78.93    124.28  -2699.63  -3839.36      0.00      1
1    106251 5626.0     7.76e+08     83.44     73.17   4568.75   2899.39      0.00      1
1    106252 5626.0     2.69e+08     68.06    193.40  -3124.06  -4162.61      0.00      0
1    106253 5626.0     2.40e+08     83.32    117.04    781.91   4693.01      0.00      0
1    106254 5626.0     3.80e+08     66.61     50.84    -67.92  -9116.70      0.00      0
1    106255 5626.0     9.12e+08     71.76    171.15   2295.57   1799.38      0.00      1
1    106256 5626.0     5.37e+08     67.97    164.96  -1080.91   3258.89      0.00      0
1    106257 5626.0     7.59e+08     81.11     20.21   2158.97  -1031.01      0.00      1
1    106258 5626.0     1.17e+08     73.47     53.50  -1724.78  -4201.67      0.00      0
1    106259 5626.0     2.57e+08     73.29    154.68  -2558.02  -5032.85      0.00      0
1    106260 5626.0     8.32e+08     81.89     54.03   1205.78   2696.63      0.00      1
1    106261 5626.0     1.35e+08     75.16    308.71    442.22  -8154.94      0.00      0
1    106262 5626.0     6.17e+08     74.62    128.91  -2540.48   1559.06      0.00      1
1    106263 5626.0     4.37e+08     84.86     55.59   3556.67  -9454.67      0.00      0
1    106264 5626.0     1.48e+08     69.34    269.18  -3121.76  -4044.74      0.00      0
1    106265 5626.0     2.19e+08     66.94    194.47  -3624.00  -4912.44      0.00      0
1    106266 5626.0     8.13e+08     85.76    301.31   4407.46  -1103.40      0.00      0
1    106267 5626.0     4.47e+08     72.99     30.74   -178.39 -10492.98      0.00      1
1    106268 5626.0     9.12e+08     77.01    278.13   1253.41  -5766.23      0.00      1
1    106269 5626.0     4.17e+08     86.17    191.96   2744.06   1043.19      0.00      0
1    106270 5626.0     9.12e+08     85.66    189.28   3679.56  -9102.23      0.00      0
1    106271 5626.0     5.01e+08     72.05     61.45   2331.97  -2773.43      0.00      1
1    106272 5626.0     1.20e+08     73.15    184.36   3128.84 -10810.55      0.00      0
1    106273 5626.0     3.55e+08     69.17     27.19  -2427.06  -4119.47      0.00      0
1    106274 5626.0     7.24e+08     78.92    263.65  -1296.17 -10636.55      0.00      1
1    106275 5626.0     4.27e+08     68.42    321.24  -2658.06  -7736.73      0.00      0
1    106276 5626.0     2.00e+08     85.92     42.16   2585.22  -5822.74      0.00      0
1    106277 5626.0     1.66e+08     76.49    297.25   6170.17  -5960.72      0.00      0
1    106278 5626.0     9.77e+08     83.86    127.68   2697.29  -4209.36      0.00      1
1    106279 5626.0     8.13e+08     67.09     56.12  -3383.19   4199.53      0.00      0
1    106280 5626.0     1.20e+08     87.34     16.05  -3491.22   2516.31      0.00      0
1    106281 5626.0     2.14e+08     79.76    293.66   6293.69 -10063.31      0.00      0
1    106282 5626.0     2.69e+08     79.26    117.69   1033.11  -7314.19      0.00      0
1    106283 5626.0     2.82e+08     78.35    319.21  -1358.44  -1639.24      0.00      1
1    106284 5626.0     5.13e+08     87.17    246.95   4003.37  -9993.02      0.00      0
1    106285 5626.0     1.91e+08     75.05    185.92    788.93   4871.33      0.00      0
1    106286 5626.0     1.48e+08     67.92    342.30    743.73  -6596.99      0.00      0
1    106287 5626.0     1.45e+08     67.98    181.31   1187.22  -5431.95      0.00      0
1    106288 5626.0     1.78e+08     81.55    271.67   6108.67   1987.88      0.00      0
1    106289 5626.0     4.47e+08     69.46    154.08   3366.97   1950.99      0.00      0
1    106290 5626.0     2.82e+08     69.89    321.73   -435.34  -1699.27      0.00      1
1    106291 5626.0     1.02e+08     76.00     99.91  -2878.15  -6882.55      0.00      0
1    106292 5626.0     2.45e+08     71.87    250.47   3714.35  -1908.39      0.00      0
1    106293 5626.0     6.92e+08     65.62    190.31  -3349.71  -4515.05      0.00      0
1    106294 5626.0     3.98e+08     80.65    253.14   2639.26  -5370.28      0.00      1
1    106295 5626.0     2.00e+08     83.49     71.76   5512.82   -133.26      0.00      0
1    106296 5626.0     2.40e+08     78.24    340.37   2246.67  -7718.52      0.00      0
1    106297 5626.0     3.98e+08     67.16     37.85    744.53  -6296.46      0.00      0
1    106298 5626.0     7.08e+08     85.52     44.45    -80.60     54.42      0.00      0
1    106299 5626.0     3.24e+08     70.28    147.62   2811.11 -10527.17      0.00      0
