1    105100 5626.0     3.55e+08     65.43    314.67  -1229.88   1194.27      0.00      0
1    105101 5626.0     9.12e+08     87.72    358.59  -3480.12  -3422.04      0.00      0
1    105102 5626.0     1.82e+08     68.34     70.57   2967.19  -1399.43      0.00      0
1    105103 5626.0     1.55e+08     83.75    281.60  -2825.50 -10617.55      0.00      0
1    105104 5626.0     9.12e+08     71.03    185.24  -2370.13  -4416.25      0.00      1
1    105105 5626.0     7.24e+08     70.20     18.31  -3593.44   2545.74      0.00      1
1    105106 5626.0     7.41e+08     85.26    116.68  -1724.78  -3231.29      0.00      0
1    105107 5626.0     4.90e+08     86.67    237.81   1406.23     35.13      0.00      0
1    105108 5626.0     2.24e+08     71.99    212.98   3607.35  -2211.75      0.00      0
1    105109 5626.0     1.51e+08     65.25    349.64   4861.07 -11294.81      0.00      0
1    105110 5626.0     5.25e+08     77.88     45.61  -3031.06 -10268.63      0.00      1
1    105111 5626.0     9.55e+08     87.44     86.89  -2151.44  -2904.11      0.00      0
1    105112 5626.0     2.63e+08     73.08     27.76  -3887.32 -10396.99      0.00      1
1    105113 5626.0     1.15e+08     79.74    173.29  -3492.27    567.14      0.00      0
1    105114 5626.0     5.62e+08     78.14    183.83   6278.70  -6555.92      0.00      1
1    105115 5626.0     7.41e+08     83.06    147.26    -63.62  -4080.67      0.00      1
1    105116 5626.0     8.91e+08     87.57    125.76   2412.40    769.62      0.00      0
1    105117 5626.0     5.13e+08     83.07    213.51   3941.69  -4645.66      0.00      0
1    105118 5626.0     1.20e+08     84.88      9.18   3032.42   1849.81      0.00      0
1    105119 5626.0     6.17e+08     73.57    358.15  -1795.65 -10284.03      0.00      1
1    105120 5626.0     4.27e+08     78.83    287.07   3862.88      7.31      0.00      1
1    105121 5626.0     6.31e+08     82.37    251.31  -2260.50  -1438.99      0.00      1
1    105122 5626.0     3.98e+08     83.95     12.27  -3837.08    751.36      0.00      0
1    105123 5626.0     3.24e+08     65.99    248.54    740.98  -3154.49      0.00      0
1    105124 5626.0     7.08e+08     69.96    211.73   1309.11  -3229.32      0.00      1
1    105125 5626.0     5.01e+08     78.59    313.51  -3048.75  -9683.26      0.00      1
1    105126 5626.0     4.17e+08     78.34    228.27   -629.12  -2792.94      0.00      1
1    105127 5626.0     5.75e+08     65.95    347.60  -1670.33   4763.04      0.00      0
1    105128 5626.0     5.62e+08     66.67     99.14   3209.15    755.12      0.00      0
1    105129 5626.0     1.15e+08     74.50    122.07   5449.38  -2760.26      0.00      0
1    105130 5626.0     1.29e+08     75.47    268.09  -4255.99 -10173.87      0.00      0
1    105131 5626.0     9.55e+08     76.59    243.69   2549.05   4710.85      0.00      1
1    105132 5626.0     7.94e+08     80.59     77.73  -2816.57  -7308.32      0.00      1
1    105133 5626.0     7.76e+08     82.57    204.73   6177.04   3304.37      0.00      1
1    105134 5626.0     4.90e+08     72.78    149.75   -909.15  -7194.10      0.00      1
1    105135 5626.0     9.12e+08     83.12    345.19   2046.62   4182.49      0.00      1
1    105136 5626.0     3.16e+08     87.90    352.76  -2259.81  -1772.06      0.00      0
1    105137 5626.0     8.13e+08     86.10    263.99  -3458.02  -1250.11      0.00      0
1    105138 5626.0     2.88e+08     87.76    147.37   3484.12  -4320.75      0.00      0
1    105139 5626.0     5.75e+08     76.29    179.34   3801.41  -2487.78      0.00      1
1    105140 5626.0     1.41e+08     73.77    352.20   3768.01   3838.40      0.00      0
1    105141 5626.0     6.76e+08     76.13    309.59   2346.28  -7552.44      0.00      1
1    105142 5626.0     2.19e+08     71.62    229.38   5930.50 -10297.98      0.00      0
1    105143 5626.0     8.51e+08     68.09    157.98   4910.05  -2975.78      0.00      1
1    105144 5626.0     4.68e+08     67.35    357.63   2955.10  -4516.19      0.00      0
1    105145 5626.0     1.35e+08     79.01    350.03  -3859.46  -3519.66      0.00      0
1    105146 5626.0     5.37e+08     72.67    251.56   1624.75  -7891.76      0.00      1
1    105147 5626.0     2.19e+08     68.04    138.75  -4068.30  -8692.34      0.00      0
1    105148 5626.0     8.71e+08     74.29    291.10   4116.21  -5335.48      0.00      1
1    105149 5626.0     4.27e+08     77.04    235.34  -1605.62  -1285.80      0.00      1
1    105150 5626.0     2.57e+08     74.25    210.04  -2070.12  -4125.64      0.00      0
1    105151 5626.0     6.92e+08     72.41     45.35   3095.81  -6040.84      0.00      1
1    105152 5626.0     1.20e+08     73.84     42.07   -442.17  -7973.67      0.00      0
1    105153 5626.0     1.17e+08     70.06    140.02    855.07    456.52      0.00      0
1    105154 5626.0     3.31e+08     72.93    239.61  -4295.70 -10644.36      0.00      0
1    105155 5626.0     2.19e+08     65.30    335.34  -3484.58  -6871.76      0.00      0
1    105156 5626.0     1.51e+08     74.12    357.74  -3700.62   -615.58      0.00      0
1    105157 5626.0     4.90e+08     82.14     90.46   1867.66  -1087.50      0.00      1
1    105158 5626.0     5.50e+08     84.40    307.51    347.81  -1356.68      0.00      0
1    105159 5626.0     1.91e+08     83.95     50.99   -347.29    515.03      0.00      0
1    105160 5626.0     7.76e+08     86.88      1.78   3698.21   4758.83      0.00      0
1    105161 5626.0     6.31e+08     86.30    245.59    -85.07   4531.45      0.00      0
1    105162 5626.0     9.33e+08     66.30    253.19   2206.10   1671.59      0.00      1
1    105163 5626.0     3.02e+08     78.08    148.27   4775.42  -5242.40      0.00      0
1    105164 5626.0     1.02e+08     65.15     80.15   -433.26  -2037.55      0.00      0
1    105165 5626.0     4.90e+08     73.04    262.79   -161.16 -10476.55      0.00      1
1    105166 5626.0     2.00e+08     87.33    292.50   1274.31  -1912.88      0.00      0
1    105167 5626.0     1.32e+08     69.63     91.56   4381.89    872.11      0.00      0
1    105168 5626.0     7.24e+08     69.82    165.96   4123.77  -5886.42      0.00      1
1    105169 5626.0     1.15e+08     86.78    123.48  -3452.08 -10919.23      0.00      0
1    105170 5626.0     3.55e+08     75.79    184.98   5066.15  -6571.83      0.00      1
1    105171 5626.0     4.07e+08     83.65     66.16  -1056.70   2997.59      0.00      0
1    105172 5626.0     6.76e+08     65.63    201.37  -3833.38   3856.56      0.00      0
1    105173 5626.0     1.70e+08     78.83      5.69   4974.68  -3680.82      0.00      0
1    105174 5626.0     7.41e+08     87.21    118.37   5710.30  -3706.20      0.00      0
1    105175 5626.0     6.61e+08     65.50    116.30   5782.94  -4064.21      0.00      0
1    105176 5626.0     4.57e+08     69.80    174.37   1944.84  -9896.57      0.00      1
1    105177 5626.0     5.13e+08     73.42    103.43  -2720.92  -6322.99      0.00      1
1    105178 5626.0     1.95e+08     65.10    138.51   5675.67  -5282.03      0.00      0
1    105179 5626.0     3.47e+08     76.93    145.61   4250.56  -4921.80      0.00      1
1    105180 5626.0     1.02e+08     80.10    259.09    -92.15 -10548.27      0.00      0
1    105181 5626.0     3.89e+08     75.18     51.95   1679.66  -6674.62      0.00      1
1    105182 5626.0     5.01e+08     65.68    103.58    811.48  -9156.43      0.00      0
1    105183 5626.0     1.82e+08     84.28    331.58  -1850.18   2734.49      0.00      0
1    105184 5626.0     7.08e+08     76.58    298.51    312.49  -3386.39      0.00      1
1    105185 5626.0     1.23e+08     65.70    324.84   4357.87    308.89      0.00      0
1    105186 5626.0     1.29e+08     74.37     44.60  -3175.07  -7975.41      0.00      0
1    105187 5626.0     2.95e+08     69.14    306.09   1626.30  -6688.02      0.00      0
1    105188 5626.0     8.71e+08     74.19    266.55   3465.33  -9355.98      0.00      1
1    105189 5626.0     1.05e+08     76.02      4.88   -166.52  -9866.87      0.00      0
1    105190 5626.0     9.77e+08     87.26    180.16   -508.26  -9267.37      0.00      0
1    105191 5626.0     2.14e+08     66.14    206.17   3886.05  -6711.16      0.00      0
1    105192 5626.0     4.57e+08     72.30    229.37  -2036.87   2563.29      0.00      1
1    105193 5626.0     4.37e+08     76.25    259.64  -3370.28   3679.62      0.00      1
1    105194 5626.0     1.38e+08     75.33     85.12   -274.52  -1516.73      0.00      0
1    105195 5626.0     2.34e+08     82.13    328.34  -4033.51  -8765.57      0.00      0
1    105196 5626.0     1.91e+08     73.27    270.36   5664.51  -6633.32      0.00      0
1    105197 5626.0     1.29e+08     85.17    319.35   4251.96   1076.71      0.00      0
1    105198 5626.0     1.82e+08     74.30     37.88    667.75 -11063.84      0.00      0
1    105199 5626.0     1.66e+08     78.12    200.02   1827.14  -1242.29      0.00      0
