1      5600 14.0       1.78e+08     66.42     81.80  -1389.57   5101.83      0.00      0
1      5601 14.0       2.04e+08     74.96    108.00   6260.27  -2942.35      0.00      1
1      5602 14.0       1.26e+08     70.69     40.91   6386.64  -4535.00      0.00      0
1      5603 14.0       6.76e+08     68.04     65.79  -2631.94  -4558.77      0.00      0
1      5604 14.0       3.09e+08     73.44    155.45  -2635.86 -11021.67      0.00      1
1      5605 14.0       4.68e+08     73.64      5.35   3954.52   1207.18      0.00      1
1      5606 14.0       5.01e+08     73.45    324.00  -2473.02   2816.60      0.00      1
1      5607 14.0       2.04e+08     67.77    253.59  -3806.18   2607.13      0.00      0
1      5608 14.0       1.95e+08     70.55     34.36  -1440.09   2913.90      0.00      0
1      5609 14.0       6.76e+08     74.74    218.94   1472.68  -1398.29      0.00      1
1      5610 14.0       1.82e+08     76.03    243.32   3922.23  -3931.94      0.00      0
1      5611 14.0       1.07e+08     78.39     14.12   -362.38   4092.33      0.00      0
1      5612 14.0       3.31e+08     66.48    153.47   1526.03  -6729.10      0.00      0
1      5613 14.0       3.24e+08     69.51    170.82  -1057.19   2808.15      0.00      1
1      5614 14.0       7.76e+08     74.49     89.16   2409.75  -4991.02      0.00      1
1      5615 14.0       8.91e+08     66.01    173.30   -216.82  -7891.85      0.00      0
1      5616 14.0       6.61e+08     79.55    203.51   -530.13   3958.38      0.00      1
1      5617 14.0       1.38e+08     76.79    108.90   2833.98 -11273.13      0.00      0
1      5618 14.0       1.26e+08     78.56     14.51  -3555.18  -7482.93      0.00      0
1      5619 14.0       5.25e+08     76.82     40.32   3224.61  -5034.78      0.00      1
1      5620 14.0       4.68e+08     68.44    210.71   -483.42  -6360.66      0.00      0
1      5621 14.0       1.02e+08     81.80    224.43  -4138.32  -8421.58      0.00      0
1      5622 14.0       6.17e+08     76.32    322.80  -1161.50  -4443.94      0.00      1
1      5623 14.0       4.47e+08     76.78    268.14  -1133.02  -8224.15      0.00      1
1      5624 14.0       1.51e+08     87.12    140.27   1722.09   4380.48      0.00      0
1      5625 14.0       1.00e+08     87.29    321.48  -1033.99 -10743.43      0.00      0
1      5626 14.0       1.74e+08     74.34    149.02  -2438.19 -10601.09      0.00      0
1      5627 14.0       4.37e+08     70.89     40.38   5421.82  -5602.80      0.00      1
1      5628 14.0       6.03e+08     82.13     27.57   4719.86   1418.12      0.00      1
1      5629 14.0       4.07e+08     79.56     59.32    213.94  -4295.54      0.00      1
1      5630 14.0       2.24e+08     72.77    177.34   1099.74  -1506.10      0.00      1
1      5631 14.0       4.27e+08     77.71     42.14   2446.97  -7247.39      0.00      1
1      5632 14.0       1.51e+08     72.00    115.09  -4337.61   4075.53      0.00      0
1      5633 14.0       8.13e+08     69.22    320.28   2905.08   -796.34      0.00      1
1      5634 14.0       3.39e+08     81.97     49.79  -2165.36  -4374.77      0.00      1
1      5635 14.0       1.00e+09     73.79    179.59  -3501.03  -7767.04      0.00      1
1      5636 14.0       6.76e+08     84.49    329.51   1229.03  -2496.24      0.00      0
1      5637 14.0       1.86e+08     73.24    311.36   4047.27  -4330.13      0.00      0
1      5638 14.0       2.75e+08     74.96    208.75   6006.10   4718.51      0.00      0
1      5639 14.0       2.75e+08     75.64     27.90    674.51  -3919.86      0.00      1
1      5640 14.0       1.51e+08     76.54    295.91  -1487.62   4792.94      0.00      0
1      5641 14.0       2.34e+08     66.61    329.84  -1394.00  -5392.69      0.00      0
1      5642 14.0       6.17e+08     73.33    346.01   1750.06   1157.68      0.00      1
1      5643 14.0       1.07e+08     76.20    123.50   -762.28 -10467.02      0.00      0
1      5644 14.0       1.05e+08     68.50    133.08   1475.47 -10931.27      0.00      0
1      5645 14.0       8.91e+08     81.40    168.36   3332.38   2810.11      0.00      1
1      5646 14.0       6.31e+08     83.10    330.41   5982.52  -3836.07      0.00      1
1      5647 14.0       2.29e+08     72.43    262.16   4421.09  -8696.32      0.00      1
1      5648 14.0       1.62e+08     80.71     11.96   5809.97 -10594.50      0.00      0
1      5649 14.0       1.82e+08     69.94    301.66  -3098.78  -3331.29      0.00      0
1      5650 14.0       1.17e+08     78.75     49.41   -604.04   3513.65      0.00      0
1      5651 14.0       5.62e+08     72.77    285.23  -3857.83  -9023.48      0.00      1
1      5652 14.0       3.24e+08     71.45     45.12   4428.52   1004.93      0.00      1
1      5653 14.0       2.29e+08     87.79     23.29   5704.72   1684.99      0.00      0
1      5654 14.0       2.00e+08     74.58     21.82    613.45  -4571.09      0.00      0
1      5655 14.0       3.89e+08     74.27    234.56   3698.84  -9471.17      0.00      1
1      5656 14.0       5.01e+08     87.97     48.90   1278.81   2525.17      0.00      0
1      5657 14.0       4.90e+08     65.58     27.17  -1626.73   2559.80      0.00      0
1      5658 14.0       3.09e+08     79.67     26.84  -2021.01  -9312.15      0.00      1
1      5659 14.0       3.09e+08     67.33    304.90   2256.76  -3689.38      0.00      0
1      5660 14.0       1.82e+08     69.56    100.90  -3980.84  -4979.36      0.00      0
1      5661 14.0       7.59e+08     71.84    256.41  -4188.58 -10635.04      0.00      1
1      5662 14.0       1.12e+08     78.78      4.03   3902.45  -9709.27      0.00      0
1      5663 14.0       8.13e+08     68.86    114.69  -2093.90   4935.92      0.00      0
1      5664 14.0       7.94e+08     78.60    290.82  -3579.15   4685.73      0.00      1
1      5665 14.0       1.45e+08     78.09    107.90   2321.56   4017.82      0.00      0
1      5666 14.0       3.63e+08     73.55    323.42   -488.53     54.21      0.00      1
1      5667 14.0       1.05e+08     84.19    221.67   5011.66   4328.67      0.00      0
1      5668 14.0       6.46e+08     81.81    259.71   3357.90 -10722.96      0.00      1
1      5669 14.0       6.92e+08     67.21    158.13   2431.56   2034.09      0.00      1
1      5670 14.0       3.89e+08     84.86    355.40   5598.13  -6263.66      0.00      0
1      5671 14.0       7.08e+08     82.55    108.97    814.73  -1654.47      0.00      1
1      5672 14.0       1.17e+08     74.00    125.80  -4313.96   3077.18      0.00      0
1      5673 14.0       2.45e+08     68.56    272.29   2717.96  -6651.20      0.00      0
1      5674 14.0       2.24e+08     78.25    106.73   6192.80  -2702.59      0.00      0
1      5675 14.0       6.76e+08     75.15    203.47   3149.25  -5644.04      0.00      1
1      5676 14.0       1.38e+08     69.91    111.78    201.97  -9232.81      0.00      0
1      5677 14.0       3.47e+08     69.65    203.56   5327.92   1682.68      0.00      0
1      5678 14.0       5.01e+08     66.05    327.30   5555.13  -8329.23      0.00      0
1      5679 14.0       4.90e+08     73.24     92.91  -1739.90 -10113.24      0.00      1
1      5680 14.0       3.31e+08     72.43     79.69   4179.09  -1815.75      0.00      1
1      5681 14.0       2.82e+08     85.97    208.77  -2904.69   3950.67      0.00      0
1      5682 14.0       9.77e+08     78.74     15.56    948.58  -5470.38      0.00      1
1      5683 14.0       2.75e+08     84.66     16.46   5003.81  -2354.95      0.00      0
1      5684 14.0       7.59e+08     73.04    107.36   1644.94  -1696.98      0.00      1
1      5685 14.0       3.24e+08     83.18    350.75   1720.06  -1466.71      0.00      0
1      5686 14.0       2.00e+08     81.33    344.08   2191.32   1942.19      0.00      0
1      5687 14.0       3.80e+08     65.22    291.04  -1072.14   4380.38      0.00      0
1      5688 14.0       9.12e+08     82.97    345.04   3172.71  -6056.14      0.00      1
1      5689 14.0       1.55e+08     73.54      5.96   5911.24  -5781.31      0.00      1
1      5690 14.0       7.59e+08     87.57    123.10    940.70  -5699.28      0.00      0
1      5691 14.0       2.00e+08     76.15    214.58   3874.63  -5219.42      0.00      0
1      5692 14.0       1.35e+08     87.99     89.48  -2683.96  -2659.99      0.00      0
1      5693 14.0       2.34e+08     66.35    277.42    904.86  -5803.24      0.00      0
1      5694 14.0       1.86e+08     75.56    172.25  -2097.02  -3688.04      0.00      1
1      5695 14.0       2.40e+08     68.41     30.79  -4149.01   1836.68      0.00      0
1      5696 14.0       6.46e+08     79.49    273.27   6273.71   1434.77      0.00      1
1      5697 14.0       1.55e+08     75.27    289.35    748.69   1421.12      0.00      1
1      5698 14.0       1.35e+08     77.41    130.38    283.81  -6769.15      0.00      0
1      5699 14.0       2.19e+08     71.51    182.34  -2583.09   3141.15      0.00      0
