1    100600 5626.0     1.55e+09     67.96    272.94   6141.44  -1481.96      0.00      1
1    100601 5626.0     1.17e+09     81.44    314.59  -3751.82  -2665.23      0.00      1
1    100602 5626.0     1.23e+10     69.60     81.15   -107.46   -381.15      0.00      1
1    100603 5626.0     2.51e+09     83.12    157.01   3219.59 -11236.07      0.00      1
1    100604 5626.0     2.29e+10     80.91    354.60   5960.62  -1308.13      0.00      1
1    100605 5626.0     1.62e+09     65.23    232.50   -536.50  -4837.23      0.00      0
1    100606 5626.0     2.29e+10     86.54    283.67   4359.97  -6069.26      0.00      1
1    100607 5626.0     2.34e+10     83.35     84.86  -1963.19  -2124.58      0.00      1
1    100608 5626.0     1.82e+10     68.24    220.46  -3103.01   2070.54      0.00      1
1    100609 5626.0     1.58e+09     69.91    121.83  -2544.30    729.61      0.00      1
1    100610 5626.0     4.17e+10     68.62    238.97   4481.92  -1070.24      0.00      1
1    100611 5626.0     9.12e+09     86.39    300.47    784.64   1905.06      0.00      1
1    100612 5626.0     5.01e+09     70.82    309.06   2806.64  -2252.80      0.00      1
1    100613 5626.0     1.55e+09     70.68    181.52  -1000.51  -6104.10      0.00      1
1    100614 5626.0     6.61e+09     80.52     33.55  -1014.80  -2772.53      0.00      1
1    100615 5626.0     1.26e+10     71.84    155.99   2646.66  -7914.82      0.00      1
1    100616 5626.0     1.62e+10     80.36     96.16  -1060.94   1815.76      0.00      1
1    100617 5626.0     4.17e+10     65.58     46.30   4054.07   4253.92      0.00      0
1    100618 5626.0     1.26e+10     66.17     65.32   5499.89   2644.48      0.00      0
1    100619 5626.0     9.77e+09     78.35     46.67    -97.20  -4375.62      0.00      1
1    100620 5626.0     3.80e+10     79.27     67.52   6201.47   2190.25      0.00      1
1    100621 5626.0     1.12e+10     66.97    219.74  -4221.84  -9170.50      0.00      0
1    100622 5626.0     2.29e+09     82.65    144.83   2551.47   -346.22      0.00      1
1    100623 5626.0     2.88e+09     82.76      1.49  -2718.68  -4874.32      0.00      1
1    100624 5626.0     1.32e+10     69.27    325.79   2415.88  -6368.43      0.00      1
1    100625 5626.0     5.89e+09     71.00    339.59   2976.77   3327.43      0.00      1
1    100626 5626.0     2.88e+09     80.64    225.16   1815.42   2410.20      0.00      1
1    100627 5626.0     1.10e+10     70.79     57.12   -674.41  -1168.57      0.00      1
1    100628 5626.0     7.94e+09     83.26    248.67    937.35  -5139.44      0.00      1
1    100629 5626.0     2.45e+09     67.11     16.21   6316.83    -46.21      0.00      1
1    100630 5626.0     8.51e+09     67.66    176.59   2335.61   5139.53      0.00      1
1    100631 5626.0     2.14e+09     69.04     85.42   5782.99 -10845.64      0.00      0
1    100632 5626.0     7.08e+10     72.26    282.03   3557.90  -4269.01      0.00      1
1    100633 5626.0     5.62e+09     85.27     59.19   1654.40   4750.31      0.00      1
1    100634 5626.0     4.79e+10     86.93    346.21   6066.91   4609.80      0.00      1
1    100635 5626.0     4.68e+10     68.60     64.84   4720.01    247.01      0.00      1
1    100636 5626.0     7.24e+10     66.54     45.12   3651.04    393.92      0.00      1
1    100637 5626.0     1.15e+09     84.26    199.15  -1585.28   -589.07      0.00      1
1    100638 5626.0     8.32e+09     74.31    164.27   1456.10 -10636.74      0.00      1
1    100639 5626.0     2.00e+09     81.06    262.94  -2120.53  -6984.54      0.00      1
1    100640 5626.0     2.82e+09     86.08    114.16  -3986.79  -5654.58      0.00      1
1    100641 5626.0     2.40e+09     78.43    224.22   -642.66   -979.37      0.00      1
1    100642 5626.0     4.07e+10     86.57     48.84  -2788.43  -9475.39      0.00      1
1    100643 5626.0     6.31e+09     86.22    187.08  -1638.94  -9267.76      0.00      1
1    100645 5626.0     1.12e+09     74.95      3.46  -4078.79   3242.68      0.00      1
1    100646 5626.0     5.37e+09     70.87    318.35  -2269.45  -4135.29      0.00      1
1    100647 5626.0     5.50e+09     66.37    170.89  -1398.04  -7647.65      0.00      1
1    100648 5626.0     1.51e+10     66.28    195.81   6208.66   5087.16      0.00      0
1    100649 5626.0     1.05e+10     80.71    215.00   6257.99 -10038.20      0.00      1
1    100650 5626.0     4.37e+09     70.34     27.88   6239.80   -482.79      0.00      1
1    100651 5626.0     5.01e+10     75.82    262.42  -1762.88   4048.51      0.00      1
1    100652 5626.0     2.82e+10     80.07    139.37   4779.25 -11044.56      0.00      1
1    100653 5626.0     2.09e+09     81.93    309.20   2295.23  -9990.43      0.00      1
1    100654 5626.0     6.46e+10     78.50    332.83  -2614.58  -9716.45      0.00      1
1    100655 5626.0     5.37e+09     77.83    195.44   -231.52 -10929.15      0.00      1
1    100656 5626.0     3.72e+10     75.73     65.20   4001.57  -6395.77      0.00      1
1    100657 5626.0     1.17e+10     75.12    343.65   3944.45  -3196.34      0.00      1
1    100659 5626.0     6.61e+09     85.51    317.63   5736.81  -6754.96      0.00      1
1    100660 5626.0     6.46e+10     87.38     98.62   1153.34  -9414.12      0.00      1
1    100661 5626.0     1.66e+09     65.62    259.06  -2986.70  -1501.24      0.00      1
1    100662 5626.0     2.88e+10     67.37     34.04   2297.23  -7095.63      0.00      1
1    100663 5626.0     1.00e+09     78.01     58.90   4244.58  -9453.55      0.00      1
1    100664 5626.0     6.17e+10     65.76    217.10  -3528.56   2623.62      0.00      0
1    100665 5626.0     3.16e+10     69.10    320.37    -22.93  -4524.60      0.00      1
1    100666 5626.0     8.91e+09     65.26    215.46     66.29   2517.47      0.00      1
1    100667 5626.0     1.66e+09     82.16     77.54   6193.45  -5637.23      0.00      1
1    100668 5626.0     5.01e+10     78.57    253.11   4967.97  -4777.80      0.00      1
1    100669 5626.0     1.51e+10     65.56    232.24   -744.01   3782.96      0.00      0
1    100670 5626.0     2.63e+09     78.21    116.37   3760.35 -10370.96      0.00      1
1    100671 5626.0     1.00e+09     66.30    129.83   2252.28  -7817.73      0.00      0
1    100672 5626.0     7.76e+09     86.23    162.46    491.13   3471.06      0.00      1
1    100673 5626.0     7.94e+10     85.17     74.74  -2153.26  -6455.59      0.00      1
1    100674 5626.0     1.17e+09     84.42    181.64   3402.16  -6790.03      0.00      1
1    100675 5626.0     2.40e+09     85.77     16.15   2726.88  -9526.50      0.00      1
1    100676 5626.0     2.40e+09     72.78    239.38   1535.34 -10175.45      0.00      1
1    100677 5626.0     1.15e+10     87.22    228.61   2873.50  -8784.70      0.00      1
1    100678 5626.0     1.62e+09     69.34    261.84   5845.02  -4576.81      0.00      1
1    100679 5626.0     1.45e+10     80.41    219.90  -4181.26   1693.63      0.00      1
1    100680 5626.0     6.46e+10     85.34     96.69  -3207.75  -2123.05      0.00      1
1    100681 5626.0     1.45e+09     77.37    326.65   1746.36  -8496.65      0.00      1
1    100682 5626.0     4.47e+09     68.65    288.75   6249.66  -5797.09      0.00      1
1    100683 5626.0     9.12e+10     66.42    234.06   2575.80  -3043.76      0.00      1
1    100684 5626.0     3.80e+10     66.34     65.22   6408.01  -3862.14      0.00      0
1    100685 5626.0     1.91e+09     83.24    311.58  -1975.52  -2583.30      0.00      1
1    100686 5626.0     1.78e+10     76.68    125.29   4793.29  -5274.48      0.00      1
1    100687 5626.0     6.03e+09     86.87    110.40  -4044.16  -8875.38      0.00      1
1    100688 5626.0     3.80e+09     72.97    106.55  -2456.25  -5930.23      0.00      1
1    100689 5626.0     5.37e+09     73.93    235.14   1600.60  -2372.43      0.00      1
1    100690 5626.0     1.12e+09     69.74     79.66  -3497.15  -1133.91      0.00      1
1    100691 5626.0     7.08e+10     68.64    352.60   2404.23  -7774.19      0.00      1
1    100692 5626.0     1.74e+10     78.24    255.82  -3715.72   3775.55      0.00      1
1    100693 5626.0     5.37e+10     71.41    319.61    250.36   3322.50      0.00      1
1    100694 5626.0     3.09e+09     84.72    304.29  -3203.44  -4535.29      0.00      1
1    100695 5626.0     3.89e+10     73.62    222.81   6035.64 -10536.87      0.00      0
1    100696 5626.0     7.24e+09     83.49    298.41   1195.64  -8394.13      0.00      1
1    100697 5626.0     4.47e+10     79.77    343.05    438.00   -831.70      0.00      1
1    100698 5626.0     8.13e+10     65.83    256.62  -4136.58    -82.92      0.00      1
1    100699 5626.0     2.88e+10     70.66    294.19  -1602.65  -5457.24      0.00      1
