1    104700 5626.0     5.50e+09     75.68     10.56   -115.60  -6090.01      0.00      1
1    104701 5626.0     2.51e+10     65.21    146.14   4164.40  -6884.12      0.00      0
1    104702 5626.0     2.29e+09     71.93    319.72  -1722.85  -2224.64      0.00      1
1    104703 5626.0     2.69e+09     82.78    188.51  -3633.30  -9956.93      0.00      1
1    104704 5626.0     4.90e+09     67.91    319.25    906.40   -327.14      0.00      1
1    104705 5626.0     1.29e+09     71.05    192.68   4715.09  -2050.05      0.00      1
1    104706 5626.0     2.04e+10     69.69     62.34   5696.89  -9230.95      0.00      0
1    104707 5626.0     9.77e+09     70.05    136.98  -1341.29   3006.48      0.00      1
1    104708 5626.0     1.91e+10     68.97    144.98  -1663.87  -1107.26      0.00      1
1    104709 5626.0     6.61e+10     80.57     12.51   5734.14  -6271.85      0.00      1
1    104710 5626.0     5.25e+09     78.87     51.03   2272.60  -8270.74      0.00      1
1    104711 5626.0     2.09e+10     67.20     40.79   4075.31   1930.65      0.00      1
1    104712 5626.0     3.98e+10     80.09    224.38   5270.96    180.40      0.00      1
1    104713 5626.0     1.05e+09     80.40     47.06    817.84  -1874.23      0.00      1
1    104714 5626.0     1.15e+10     84.05     15.19  -3420.66    958.83      0.00      1
1    104715 5626.0     6.31e+09     84.46    352.64   2110.50  -2165.58      0.00      1
1    104716 5626.0     6.31e+09     86.56    181.70   2284.88  -7039.09      0.00      1
1    104717 5626.0     1.07e+10     68.93     12.59   3934.85  -5632.37      0.00      1
1    104718 5626.0     2.88e+09     84.21     25.25   1831.27  -1800.81      0.00      1
1    104719 5626.0     7.76e+09     72.51    106.87  -1796.64   -381.20      0.00      1
1    104720 5626.0     3.80e+09     80.98    293.20   5229.97  -5309.38      0.00      1
1    104721 5626.0     7.94e+09     68.41    133.82   2565.06   2978.51      0.00      1
1    104722 5626.0     5.13e+09     70.00    353.66   4503.32  -8569.75      0.00      1
1    104723 5626.0     2.40e+10     75.36    283.82  -3475.28 -10146.92      0.00      1
1    104724 5626.0     2.19e+10     78.38    194.10   -534.16  -4788.43      0.00      1
1    104725 5626.0     1.35e+10     75.69    245.59  -2398.00   3525.00      0.00      1
1    104726 5626.0     1.95e+09     74.49    113.72   5456.44  -8515.08      0.00      1
1    104727 5626.0     7.24e+09     67.66    334.48  -1942.25  -8403.35      0.00      1
1    104728 5626.0     1.95e+10     81.91    289.49   1549.57  -2635.25      0.00      1
1    104729 5626.0     1.82e+09     78.45     50.32  -3525.44  -4693.55      0.00      1
1    104730 5626.0     6.92e+09     83.81     83.86  -3322.87   2783.25      0.00      1
1    104731 5626.0     2.14e+09     66.89    120.34   1478.01   1379.14      0.00      1
1    104732 5626.0     5.62e+09     76.22    325.15   -717.66  -4182.42      0.00      1
1    104733 5626.0     3.24e+09     75.73    243.75   1980.90   -196.37      0.00      1
1    104734 5626.0     2.34e+09     79.22    310.55   5720.17   2992.57      0.00      1
1    104735 5626.0     7.59e+10     79.82    173.25  -2882.84   -392.25      0.00      1
1    104736 5626.0     8.13e+10     71.61    329.81  -2951.53  -2635.38      0.00      0
1    104737 5626.0     4.57e+10     76.24    139.69   -370.35    737.14      0.00      1
1    104738 5626.0     1.17e+10     80.64    316.37   1001.47  -7175.28      0.00      1
1    104739 5626.0     1.45e+10     87.05     34.43  -1640.35  -9402.35      0.00      1
1    104740 5626.0     3.09e+09     82.99    254.32   4761.76  -6758.22      0.00      1
1    104741 5626.0     6.31e+10     80.64    243.10   5586.67 -10037.37      0.00      1
1    104742 5626.0     1.51e+10     86.40    239.59  -3685.57  -1325.60      0.00      1
1    104743 5626.0     5.37e+10     75.18     89.64   1111.93      9.90      0.00      1
1    104744 5626.0     1.95e+09     76.53     50.05   -255.45   2515.70      0.00      1
1    104745 5626.0     1.02e+10     79.99    309.13   4477.28    959.36      0.00      1
1    104746 5626.0     6.17e+10     67.79     65.78   -328.32  -3032.20      0.00      1
1    104747 5626.0     7.94e+09     76.95     30.49   1527.61   3873.20      0.00      1
1    104748 5626.0     2.14e+09     71.04     42.19   1686.37 -10627.72      0.00      1
1    104749 5626.0     1.58e+09     82.83    101.69   5962.04 -10723.21      0.00      1
1    104750 5626.0     3.55e+10     75.25    315.53  -1155.81  -4754.55      0.00      1
1    104751 5626.0     5.75e+09     71.86    321.90    503.03   3783.76      0.00      1
1    104752 5626.0     2.69e+10     81.01    123.91  -2411.06  -2925.63      0.00      1
1    104753 5626.0     6.61e+10     71.89    334.21   5780.39   3959.09      0.00      0
1    104754 5626.0     5.01e+10     66.52     46.88   3782.19  -1935.35      0.00      1
1    104755 5626.0     9.33e+09     86.96     57.51    918.30   -404.96      0.00      1
1    104756 5626.0     1.41e+09     65.35    151.76   1431.74    254.58      0.00      1
1    104757 5626.0     3.09e+10     83.65    134.89  -1686.79   4748.93      0.00      1
1    104758 5626.0     6.03e+09     82.17    165.47   3953.61   4344.61      0.00      1
1    104759 5626.0     6.92e+10     79.09    182.37   1428.58  -4382.10      0.00      1
1    104760 5626.0     9.33e+10     70.53    265.62   5351.83  -4837.59      0.00      1
1    104761 5626.0     6.92e+09     86.58    121.67   -409.64  -7321.10      0.00      1
1    104762 5626.0     7.24e+10     79.03    293.06   4169.97   4736.27      0.00      1
1    104763 5626.0     7.08e+10     80.05    190.35  -1791.92   4603.24      0.00      1
1    104764 5626.0     1.10e+10     86.52    311.13  -4034.32   -780.03      0.00      1
1    104765 5626.0     3.24e+09     84.83    232.04   2075.92    907.04      0.00      1
1    104766 5626.0     3.16e+09     80.07    131.09   5298.96   2571.30      0.00      1
1    104767 5626.0     3.89e+10     67.08    203.91   2674.08  -8715.10      0.00      1
1    104768 5626.0     9.33e+10     76.15     26.41   6217.92   2141.02      0.00      1
1    104769 5626.0     9.33e+10     68.49     39.80  -3766.66  -5493.49      0.00      0
1    104770 5626.0     1.26e+10     87.21    122.81  -1269.54  -8636.66      0.00      1
1    104771 5626.0     2.40e+09     69.67    241.20    -42.51  -6418.53      0.00      1
1    104772 5626.0     2.63e+10     69.35     85.55   5273.29  -2322.80      0.00      1
1    104773 5626.0     8.32e+09     73.59    303.96   2852.56   2690.21      0.00      0
1    104774 5626.0     1.70e+10     77.96     82.67   4049.40  -4009.85      0.00      1
1    104775 5626.0     2.95e+10     71.64    285.87   2311.66    656.86      0.00      1
1    104776 5626.0     4.37e+10     75.53     56.18  -2362.48    108.87      0.00      1
1    104777 5626.0     2.04e+10     66.24     50.09  -3382.32  -2352.35      0.00      1
1    104778 5626.0     1.78e+09     79.24    210.47   1848.19    832.09      0.00      1
1    104779 5626.0     1.32e+09     86.80    151.72  -1227.65   1543.16      0.00      0
1    104780 5626.0     6.17e+10     76.86     27.45  -2436.17  -7011.48      0.00      1
1    104781 5626.0     2.69e+10     85.27    350.71   2115.26  -5278.00      0.00      1
1    104782 5626.0     1.48e+10     84.21      3.46   1005.90  -5900.89      0.00      1
1    104783 5626.0     7.59e+09     85.84    232.24   4352.93   5052.16      0.00      1
1    104784 5626.0     8.51e+09     70.76     61.44  -4011.99   -381.98      0.00      1
1    104785 5626.0     5.89e+09     68.07     94.81   5683.57  -6773.42      0.00      0
1    104786 5626.0     2.29e+09     82.03     61.73   6293.86    639.64      0.00      1
1    104787 5626.0     8.13e+09     70.10     32.28   3435.67  -8412.08      0.00      1
1    104788 5626.0     3.09e+10     68.15    293.24   2327.23    704.04      0.00      1
1    104789 5626.0     2.45e+10     69.05    262.16   5779.89  -3616.72      0.00      1
1    104791 5626.0     2.14e+10     73.68    156.13   3903.23  -1536.55      0.00      1
1    104792 5626.0     9.77e+09     87.55     13.17    809.90    -18.03      0.00      1
1    104793 5626.0     3.24e+09     73.18     57.86   5490.34   -714.27      0.00      1
1    104794 5626.0     2.75e+10     74.39      3.69   4090.27  -8350.12      0.00      1
1    104795 5626.0     2.75e+09     68.28     77.91    915.53   1999.34      0.00      1
1    104796 5626.0     1.23e+10     68.41     23.79   3511.89   1439.10      0.00      1
1    104797 5626.0     3.24e+09     67.18    323.77   2903.31  -5069.48      0.00      1
1    104798 5626.0     1.23e+09     67.16    125.93  -2730.04   1651.81      0.00      1
1    104799 5626.0     6.03e+10     83.63     61.68  -3439.11  -1872.27      0.00      1
