1    100300 5626.0     3.09e+09     71.07    201.00  -1588.75   3339.12      0.00      1
1    100301 5626.0     1.32e+10     75.56     40.05   5800.11  -3920.47      0.00      1
1    100302 5626.0     3.09e+09     70.24     43.36    716.89   -665.57      0.00      1
1    100303 5626.0     7.08e+09     68.40     30.85  -1379.19  -2973.19      0.00      1
1    100304 5626.0     2.75e+09     67.04    338.60   1861.22  -4585.31      0.00      1
1    100305 5626.0     6.46e+09     83.98     65.66    477.66  -8053.94      0.00      1
1    100306 5626.0     1.32e+09     76.67    248.46   4548.33  -7137.27      0.00      1
1    100307 5626.0     8.51e+10     84.04    133.74   5850.18  -5204.88      0.00      1
1    100308 5626.0     8.71e+09     73.33    351.83   3236.64  -5239.28      0.00      1
1    100309 5626.0     4.57e+10     75.12     31.58    823.49    704.13      0.00      1
1    100310 5626.0     5.25e+09     67.30    224.50   4555.73  -3000.05      0.00      1
1    100311 5626.0     9.33e+09     72.95    287.55   3240.18   3809.24      0.00      0
1    100312 5626.0     1.00e+10     85.24    231.52  -1957.23   -829.40      0.00      1
1    100313 5626.0     3.55e+09     85.73     95.06   1401.70  -7191.91      0.00      1
1    100314 5626.0     2.19e+10     84.52     42.34   4904.92  -2454.99      0.00      1
1    100315 5626.0     6.46e+10     86.71    270.61   6384.03    773.48      0.00      1
1    100316 5626.0     4.17e+10     67.13    278.80  -3865.31 -10367.80      0.00      0
1    100317 5626.0     4.90e+09     72.36     52.69   4919.17    312.97      0.00      1
1    100318 5626.0     1.74e+09     74.71    342.68   1235.98  -2359.91      0.00      1
1    100319 5626.0     4.27e+10     82.85    165.58   4416.19  -6960.16      0.00      1
1    100320 5626.0     3.80e+09     75.96    326.94    -41.63  -9594.01      0.00      1
1    100321 5626.0     4.57e+09     85.13    192.00   2239.40  -7696.43      0.00      1
1    100322 5626.0     1.00e+09     81.56      8.23  -1128.39  -9070.22      0.00      1
1    100323 5626.0     2.04e+09     69.50    214.65  -3737.43  -7655.16      0.00      0
1    100324 5626.0     2.95e+09     74.46    323.74   1846.44  -9285.59      0.00      1
1    100325 5626.0     5.25e+09     74.23    165.01   2953.34   3723.27      0.00      1
1    100326 5626.0     5.75e+10     65.68     59.50  -3448.34  -7676.15      0.00      0
1    100327 5626.0     3.39e+10     73.97    355.87  -3608.97  -1274.64      0.00      1
1    100328 5626.0     1.05e+09     77.08    126.14   3238.00 -11084.80      0.00      1
1    100329 5626.0     7.94e+09     74.20    290.56   4886.83  -5286.40      0.00      1
1    100330 5626.0     8.91e+09     85.14    310.24   5053.37  -1303.86      0.00      1
1    100331 5626.0     1.58e+10     79.51    354.69   1159.37 -10049.55      0.00      1
1    100332 5626.0     3.31e+09     78.47    139.00  -1433.16   4009.20      0.00      1
1    100333 5626.0     1.55e+10     87.30    240.21    137.88  -8246.29      0.00      1
1    100334 5626.0     1.10e+09     67.47    166.57   2039.29  -7900.76      0.00      0
1    100335 5626.0     2.04e+09     74.30    177.39   5101.24   1824.84      0.00      1
1    100336 5626.0     2.51e+10     68.67      2.25  -2402.47   4128.94      0.00      1
1    100337 5626.0     7.76e+10     78.24    348.42  -4214.45  -2416.39      0.00      1
1    100338 5626.0     8.91e+10     70.07    154.18   5111.48   1255.47      0.00      1
1    100339 5626.0     6.76e+09     68.53     61.22   1350.39    833.89      0.00      1
1    100340 5626.0     3.63e+09     87.38    307.01  -1657.41  -6136.46      0.00      1
1    100341 5626.0     3.24e+09     87.72     40.00  -3045.30   3119.78      0.00      0
1    100342 5626.0     3.55e+10     67.75    287.83   -662.12  -1524.93      0.00      1
1    100343 5626.0     3.98e+09     71.63    354.10   4473.30  -6755.04      0.00      1
1    100344 5626.0     2.75e+10     74.60    331.20     -4.16  -7615.09      0.00      1
1    100345 5626.0     1.95e+09     68.76     52.86  -3559.36  -3649.97      0.00      1
1    100346 5626.0     1.74e+09     65.35    315.19  -2116.53  -4121.52      0.00      1
1    100347 5626.0     5.37e+10     65.06    317.32   5794.96  -1643.90      0.00      0
1    100348 5626.0     6.46e+09     73.34    143.07   5586.90  -7434.24      0.00      1
1    100349 5626.0     8.32e+09     65.65    179.67  -2389.87    687.41      0.00      1
1    100350 5626.0     2.04e+10     84.12    183.52  -3039.69  -7682.38      0.00      1
1    100351 5626.0     2.34e+10     69.63    115.41  -3846.22  -5154.60      0.00      1
1    100352 5626.0     1.74e+10     81.21    236.47    700.02   1837.70      0.00      1
1    100353 5626.0     1.17e+10     72.95     21.86   5416.65   -939.66      0.00      1
1    100354 5626.0     7.59e+09     84.72     19.38   -239.65   3352.31      0.00      1
1    100355 5626.0     7.94e+09     82.22    344.34   -612.17  -9638.77      0.00      1
1    100356 5626.0     4.90e+09     70.76     80.58   3448.93  -4696.10      0.00      1
1    100357 5626.0     1.74e+09     81.27     47.09   3306.97  -7216.16      0.00      1
1    100358 5626.0     1.48e+10     70.51    194.59  -3452.27  -5288.47      0.00      1
1    100359 5626.0     9.12e+09     66.18    358.73  -4091.93  -7963.98      0.00      0
1    100360 5626.0     8.91e+10     77.76    167.92   5318.38   3815.52      0.00      1
1    100361 5626.0     1.51e+09     72.13    344.47  -4271.39 -10366.77      0.00      1
1    100362 5626.0     2.00e+10     75.52     46.12   3991.06 -10162.02      0.00      1
1    100363 5626.0     7.76e+09     83.58    276.58  -4038.59  -6442.48      0.00      1
1    100364 5626.0     1.15e+10     78.72     64.04   -705.51  -1939.68      0.00      1
1    100365 5626.0     5.50e+09     68.14    217.19   4292.95   3875.00      0.00      0
1    100366 5626.0     6.31e+10     81.91    333.35   5782.12   2753.08      0.00      1
1    100367 5626.0     7.94e+10     76.94     83.04  -3899.97   -309.62      0.00      1
1    100368 5626.0     2.40e+09     72.05     47.18  -2643.27  -6103.06      0.00      1
1    100369 5626.0     6.76e+09     65.20    198.17  -2321.48  -5724.54      0.00      1
1    100370 5626.0     6.76e+09     66.72    160.32     28.72 -10578.76      0.00      1
1    100371 5626.0     4.27e+10     87.83    170.61  -4270.07  -5325.51      0.00      1
1    100372 5626.0     3.98e+10     86.73    200.10  -1425.60   -156.64      0.00      1
1    100373 5626.0     1.82e+09     86.24    311.04  -1977.95 -11141.69      0.00      0
1    100374 5626.0     4.07e+09     65.82     92.09   2636.49  -9175.59      0.00      1
1    100375 5626.0     8.91e+10     77.92    129.51  -2110.00   5078.54      0.00      1
1    100376 5626.0     3.16e+10     80.10     10.36  -1586.70  -2916.42      0.00      1
1    100377 5626.0     3.80e+09     79.54    238.82   -987.77   4522.85      0.00      1
1    100378 5626.0     2.45e+10     76.81    212.82    833.84  -3608.30      0.00      1
1    100379 5626.0     1.82e+09     66.40    309.71    -46.87  -4512.74      0.00      1
1    100380 5626.0     9.77e+10     75.36    165.57  -3566.93  -8017.25      0.00      1
1    100381 5626.0     2.19e+10     67.14    274.27   6238.99  -4195.56      0.00      1
1    100382 5626.0     2.40e+09     71.98    187.37  -1922.39  -3800.78      0.00      1
1    100383 5626.0     1.74e+10     78.51    340.02   1626.49   4071.16      0.00      1
1    100384 5626.0     6.76e+09     86.26    262.99   6199.49  -7959.68      0.00      1
1    100385 5626.0     5.75e+10     71.79    140.70   1786.45  -9872.28      0.00      0
1    100386 5626.0     4.07e+10     73.95    308.47   2880.63   4113.43      0.00      1
1    100387 5626.0     6.92e+09     77.27    260.92   3362.41   1902.67      0.00      1
1    100388 5626.0     1.74e+09     77.39    184.89    333.62  -8904.11      0.00      1
1    100389 5626.0     2.09e+10     80.63    198.43   6173.93  -3991.30      0.00      1
1    100390 5626.0     2.09e+10     73.28    259.85   -511.78   1565.74      0.00      1
1    100391 5626.0     4.57e+10     67.46    293.16  -2421.21    242.46      0.00      1
1    100392 5626.0     2.04e+09     68.52     27.18   1963.90  -6230.69      0.00      1
1    100393 5626.0     5.62e+09     77.46    191.52   4030.84 -10688.00      0.00      1
1    100394 5626.0     1.70e+10     82.39    315.22   2480.36 -11103.68      0.00      1
1    100395 5626.0     4.68e+09     83.62    214.46  -2878.25   5068.32      0.00      1
1    100396 5626.0     6.61e+09     75.55    341.61   3036.84   3623.27      0.00      1
1    100397 5626.0     7.76e+10     86.43    269.43   -299.20   2161.60      0.00      1
1    100398 5626.0     7.76e+10     79.82    186.46   4076.91  -8842.81      0.00      1
1    100399 5626.0     1.86e+09     79.81    332.97    681.21  -7861.07      0.00      1
