1      2800 14.0       7.08e+09     83.33    268.12  -4186.75  -1670.41      0.00      1
1      2801 14.0       2.09e+10     65.11     99.69   5000.46  -2650.80      0.00      1
1      2802 14.0       5.89e+09     82.92     29.13    627.42   -224.30      0.00      1
1      2803 14.0       1.58e+09     65.05    170.18   6492.33  -7978.64      0.00      0
1      2804 14.0       1.05e+09     80.08     28.77  -1470.15  -6794.23      0.00      1
1      2805 14.0       3.89e+09     86.86    224.69   4445.05  -4875.15      0.00      1
1      2806 14.0       1.78e+10     85.01    116.19  -3369.95  -4123.95      0.00      1
1      2807 14.0       2.04e+10     82.63    136.54   5171.68  -6584.13      0.00      1
1      2808 14.0       6.17e+09     69.69     80.42   6374.82   1207.24      0.00      1
1      2809 14.0       4.68e+09     85.41      2.30  -2457.45    767.13      0.00      1
1      2810 14.0       3.09e+09     65.03    318.63  -3032.42  -3947.58      0.00      1
1      2811 14.0       9.55e+09     82.90    327.67  -3012.19   2904.38      0.00      1
1      2812 14.0       4.37e+09     75.41    165.39  -4329.09  -2014.79      0.00      1
1      2813 14.0       1.05e+09     73.05    304.89  -2138.06  -9093.27      0.00      1
1      2814 14.0       1.29e+10     82.81    137.99   4119.01   2322.52      0.00      1
1      2815 14.0       2.09e+10     73.45    195.72   -644.61  -9194.73      0.00      1
1      2816 14.0       2.82e+10     86.71    353.71   1920.21   5081.45      0.00      1
1      2817 14.0       2.82e+10     72.04     82.01  -2478.75    243.81      0.00      1
1      2818 14.0       2.75e+10     83.27    297.25   6234.37  -6052.00      0.00      1
1      2819 14.0       5.62e+09     67.37     42.19  -1128.11  -6460.73      0.00      0
1      2820 14.0       2.00e+09     71.71    332.80   3862.82  -8346.28      0.00      1
1      2821 14.0       3.31e+10     86.76    214.35   5145.81  -4592.69      0.00      1
1      2822 14.0       1.82e+09     77.58    283.52  -1407.46  -2604.20      0.00      1
1      2823 14.0       1.05e+10     67.47    195.62   -557.62   3224.35      0.00      1
1      2824 14.0       4.90e+09     86.00    123.46   -393.34  -6282.59      0.00      1
1      2825 14.0       1.02e+09     75.89    304.65   2371.49  -1835.38      0.00      1
1      2826 14.0       1.32e+10     66.52     83.44   1892.10  -5118.56      0.00      0
1      2827 14.0       9.55e+09     69.87    143.13  -2036.25  -6431.30      0.00      1
1      2828 14.0       5.25e+09     78.06    205.69   4695.82  -8454.21      0.00      1
1      2829 14.0       1.17e+09     73.04    305.63  -2909.97  -8768.38      0.00      1
1      2830 14.0       8.91e+10     73.66    186.68  -1979.26    476.67      0.00      1
1      2831 14.0       1.07e+10     85.98    164.94   4759.48   1754.84      0.00      1
1      2832 14.0       5.89e+10     72.26    102.13  -3286.48  -6415.32      0.00      1
1      2833 14.0       1.29e+10     86.25    224.64  -1475.38   1888.18      0.00      1
1      2834 14.0       1.62e+10     74.65    211.46   5132.34  -1081.08      0.00      1
1      2835 14.0       1.74e+09     69.44    124.95   5091.26  -3060.27      0.00      1
1      2836 14.0       5.25e+09     80.70     51.51  -2697.64  -5714.98      0.00      1
1      2837 14.0       4.17e+10     76.16     43.22   5321.75 -10789.64      0.00      0
1      2838 14.0       1.74e+10     65.18    342.13  -1019.31   2694.85      0.00      1
1      2839 14.0       4.27e+10     78.61    350.74  -3609.35  -2023.11      0.00      1
1      2840 14.0       7.59e+09     81.77     39.42     54.90  -7072.77      0.00      1
1      2841 14.0       5.13e+10     68.62     71.81  -1348.33  -7364.18      0.00      1
1      2842 14.0       8.71e+10     79.11     13.25   4622.91   4357.81      0.00      1
1      2843 14.0       4.90e+10     69.28     64.76  -1223.52  -7805.03      0.00      0
1      2844 14.0       1.58e+10     72.35      1.31   -545.17  -4626.35      0.00      1
1      2845 14.0       1.38e+09     83.43     35.03  -4086.58  -4048.79      0.00      1
1      2846 14.0       9.55e+10     85.20     86.35  -3565.52  -7669.40      0.00      1
1      2847 14.0       4.47e+09     78.92     47.73  -3694.51  -1395.15      0.00      1
1      2848 14.0       6.17e+09     66.20    186.77  -4098.59    649.43      0.00      1
1      2849 14.0       3.98e+09     71.39    342.12   5181.62  -4206.05      0.00      1
1      2850 14.0       1.82e+10     85.77    243.80   3231.61    363.11      0.00      1
1      2851 14.0       2.40e+09     71.91    282.08   2407.86  -2181.46      0.00      1
1      2852 14.0       6.46e+09     66.14    346.75  -2336.62   1173.29      0.00      1
1      2853 14.0       8.91e+09     76.96    229.79   6238.09  -6076.95      0.00      1
1      2854 14.0       2.69e+09     83.30    296.59  -1152.74  -6643.71      0.00      1
1      2855 14.0       1.02e+09     73.28     73.94   5125.62    839.55      0.00      1
1      2856 14.0       2.88e+10     74.41    127.00   -473.69  -6407.67      0.00      1
1      2857 14.0       2.34e+10     72.01    195.77  -1089.66   1549.78      0.00      1
1      2858 14.0       4.79e+09     73.92    300.30   1624.19   2473.15      0.00      1
1      2859 14.0       5.50e+09     80.19    278.61   4633.56  -2175.55      0.00      1
1      2860 14.0       5.37e+10     72.94     17.63   4224.65   2582.42      0.00      1
1      2861 14.0       1.12e+09     85.12    249.60  -3534.26  -1882.60      0.00      1
1      2862 14.0       2.63e+09     85.37    281.68  -3061.45   3406.88      0.00      1
1      2863 14.0       1.86e+10     83.13    269.17  -2832.44 -11147.10      0.00      1
1      2864 14.0       6.46e+10     70.91    179.17   5493.21   1768.91      0.00      1
1      2865 14.0       7.08e+09     71.50    166.82   2020.12  -4402.90      0.00      1
1      2866 14.0       5.75e+10     69.79    133.90   5456.27 -10005.11      0.00      0
1      2867 14.0       3.39e+10     83.94    207.78  -3492.79  -2684.68      0.00      1
1      2868 14.0       1.70e+09     72.88    324.76   5270.20  -3274.41      0.00      1
1      2869 14.0       4.07e+09     70.81    137.66  -1482.94   3529.26      0.00      1
1      2870 14.0       3.80e+09     72.79    166.17    594.82  -4626.48      0.00      1
1      2871 14.0       1.74e+09     82.11     71.93   1720.45  -2144.14      0.00      1
1      2872 14.0       1.05e+09     70.94     67.07  -1649.07   1473.35      0.00      1
1      2873 14.0       9.77e+10     87.46    174.26  -2659.58  -7622.64      0.00      1
1      2874 14.0       3.63e+09     68.21    229.85   2164.93  -5036.56      0.00      1
1      2875 14.0       8.71e+09     76.20    266.80   2291.23  -8437.36      0.00      1
1      2876 14.0       3.39e+10     74.69    218.34   -593.60  -8598.68      0.00      1
1      2877 14.0       1.91e+09     71.38     85.36  -3237.79   2426.53      0.00      1
1      2878 14.0       3.80e+10     65.61    285.61   2062.39  -7926.48      0.00      0
1      2879 14.0       7.94e+09     77.75    110.99   4042.64  -9316.26      0.00      1
1      2881 14.0       1.07e+09     80.73     52.88   3337.20  -3877.04      0.00      1
1      2882 14.0       8.71e+10     85.95     90.85    978.21   -206.41      0.00      1
1      2883 14.0       9.12e+10     70.78    316.02   2429.70  -2845.53      0.00      1
1      2884 14.0       5.50e+10     70.80    154.18   3986.68   5034.96      0.00      0
1      2885 14.0       1.17e+09     86.53    232.32   5141.53  -1337.40      0.00      0
1      2886 14.0       2.19e+09     76.18    245.01  -1678.43  -9196.77      0.00      1
1      2887 14.0       6.31e+09     84.03    164.42   2694.52  -8185.67      0.00      1
1      2888 14.0       6.46e+09     70.40    237.53  -2955.56   -802.56      0.00      1
1      2889 14.0       1.38e+09     70.97    251.52  -3368.32  -1321.45      0.00      1
1      2890 14.0       5.62e+10     80.49    280.46   4377.98   4756.79      0.00      1
1      2891 14.0       2.69e+10     71.69     82.67  -1060.59  -8698.41      0.00      1
1      2892 14.0       5.62e+10     71.45     71.68   4536.32    917.55      0.00      1
1      2893 14.0       6.76e+10     69.64    167.70     51.32    453.77      0.00      1
1      2894 14.0       9.33e+10     78.84    113.45  -1879.01  -2567.75      0.00      1
1      2895 14.0       9.55e+10     73.76    225.05   3686.41   -978.41      0.00      1
1      2896 14.0       3.02e+09     84.72     67.84   3132.40  -2274.84      0.00      1
1      2897 14.0       4.47e+09     80.95     50.34   4495.01   2493.59      0.00      1
1      2898 14.0       2.24e+09     78.89    148.00  -3140.07  -6340.31      0.00      1
1      2899 14.0       1.29e+09     72.79    202.18  -1946.89  -3800.36      0.00      1
