1    103700 5626.0     1.86e+10     83.99    134.75   5358.73  -5283.00      0.00      1
1    103701 5626.0     3.63e+09     75.68    318.11   1865.66   1031.68      0.00      1
1    103702 5626.0     2.63e+09     75.16    326.73   6168.31  -8803.13      0.00      1
1    103703 5626.0     5.01e+09     66.63    303.85   3387.67  -6290.70      0.00      1
1    103704 5626.0     4.17e+10     75.49      6.61   2859.00    810.49      0.00      1
1    103705 5626.0     4.27e+10     67.39     24.99   4644.39   4137.54      0.00      0
1    103706 5626.0     3.16e+09     65.14    118.53  -2444.75   4873.28      0.00      1
1    103707 5626.0     1.12e+10     74.24    250.12   1264.79  -2325.86      0.00      1
1    103708 5626.0     1.05e+10     67.96    167.62   1360.45 -10032.73      0.00      1
1    103709 5626.0     2.14e+10     70.33    268.96   5594.10 -10679.44      0.00      0
1    103710 5626.0     3.63e+10     79.05    185.17   3890.91  -1699.49      0.00      1
1    103711 5626.0     4.90e+09     65.70    118.04  -1317.11  -2902.65      0.00      1
1    103712 5626.0     1.02e+09     85.87    264.34  -1250.23  -8060.67      0.00      0
1    103713 5626.0     6.76e+09     75.94    188.48   3259.01  -9229.64      0.00      1
1    103714 5626.0     1.74e+09     79.34    147.57   4872.70  -1751.23      0.00      1
1    103715 5626.0     1.00e+11     86.61    335.82  -1852.88  -7960.41      0.00      1
1    103716 5626.0     7.24e+10     71.98    279.70   5774.05 -10461.37      0.00      1
1    103717 5626.0     1.15e+09     68.78    190.19   4538.81   1167.51      0.00      1
1    103718 5626.0     7.94e+09     83.76    243.54    -25.40   5077.22      0.00      1
1    103720 5626.0     1.12e+09     71.45    323.07    629.71 -11074.07      0.00      1
1    103721 5626.0     5.13e+10     70.68    252.79  -1469.44  -4515.75      0.00      1
1    103722 5626.0     9.33e+09     73.75    233.98   3902.33  -1422.56      0.00      1
1    103723 5626.0     7.94e+09     82.00    146.78   2241.84    -10.96      0.00      1
1    103724 5626.0     1.38e+10     75.35    179.30  -1855.83   5006.77      0.00      1
1    103725 5626.0     1.62e+10     81.22    289.76  -4086.68  -1766.31      0.00      1
1    103726 5626.0     4.68e+10     76.12    245.05  -2638.06   -269.74      0.00      1
1    103727 5626.0     2.00e+09     73.97     15.03   5338.98   4135.35      0.00      1
1    103728 5626.0     7.76e+10     70.79    105.67  -2852.93   5047.42      0.00      1
1    103729 5626.0     1.29e+10     84.80     56.70   6248.29  -8654.10      0.00      1
1    103730 5626.0     1.05e+09     85.64    142.13  -4092.86  -6452.08      0.00      0
1    103731 5626.0     7.94e+09     71.81    177.30   -304.64  -5394.54      0.00      1
1    103732 5626.0     3.98e+10     71.80     67.62   5878.74  -4012.97      0.00      1
1    103733 5626.0     1.78e+09     69.81    160.51    836.81  -8332.52      0.00      1
1    103734 5626.0     7.41e+10     71.92      7.99  -3840.28   2509.71      0.00      1
1    103735 5626.0     2.04e+09     70.06    285.40   3302.20  -4394.29      0.00      1
1    103736 5626.0     4.27e+10     79.14     72.16   5308.07  -5480.98      0.00      1
1    103737 5626.0     8.71e+09     68.55     14.60   2580.34   5082.38      0.00      1
1    103738 5626.0     2.51e+09     74.86    281.92  -1671.29   2629.35      0.00      1
1    103739 5626.0     1.35e+10     82.94    224.85  -1070.97  -1297.05      0.00      1
1    103740 5626.0     2.69e+10     82.86     93.39   6409.93   5075.55      0.00      1
1    103741 5626.0     4.90e+10     70.54    262.31   5123.51  -7580.19      0.00      1
1    103742 5626.0     7.94e+10     86.71     65.42  -2101.66  -9787.71      0.00      1
1    103743 5626.0     6.76e+10     84.50     85.69   6247.36   -826.59      0.00      1
1    103744 5626.0     4.79e+09     83.79    221.28    300.06  -6966.49      0.00      1
1    103745 5626.0     2.34e+09     67.93    130.00  -3015.19   1494.44      0.00      1
1    103746 5626.0     1.86e+09     67.20    112.80   2883.94    -61.44      0.00      1
1    103747 5626.0     5.50e+10     65.95     65.45  -4055.15   4342.31      0.00      0
1    103748 5626.0     4.07e+10     69.37     40.63   2101.80   1297.45      0.00      1
1    103749 5626.0     1.66e+10     78.53    181.07   3907.19   -587.88      0.00      1
1    103750 5626.0     2.40e+09     78.81     35.37  -3274.09   3179.44      0.00      1
1    103751 5626.0     1.62e+10     75.39    270.94  -3147.61  -1024.86      0.00      1
1    103752 5626.0     4.17e+10     76.42      5.96   5931.01   5016.71      0.00      1
1    103753 5626.0     5.01e+10     82.98    134.20   5443.60   2111.15      0.00      1
1    103754 5626.0     1.82e+10     79.45    252.46   2764.00   1538.50      0.00      1
1    103755 5626.0     6.92e+10     72.32    164.62    -25.95   1255.47      0.00      1
1    103756 5626.0     2.63e+09     87.88    116.15   3513.39   1887.94      0.00      0
1    103757 5626.0     1.45e+10     85.91    134.57   1197.97   5027.87      0.00      1
1    103758 5626.0     7.41e+09     74.97     64.51  -4059.50   1665.91      0.00      1
1    103759 5626.0     8.91e+09     70.21    117.92   4752.12  -4047.50      0.00      0
1    103760 5626.0     3.89e+10     72.22     55.35   -252.78 -11283.44      0.00      1
1    103761 5626.0     8.71e+09     66.10     47.40   -110.91   5134.88      0.00      0
1    103762 5626.0     3.89e+09     68.54    112.03  -3962.91  -7133.47      0.00      1
1    103763 5626.0     3.39e+09     86.31    127.26  -3287.51  -6368.01      0.00      1
1    103764 5626.0     4.27e+10     68.44     19.56  -2866.95  -6955.89      0.00      1
1    103765 5626.0     1.17e+09     84.10    278.72  -1438.11   2999.47      0.00      1
1    103766 5626.0     5.50e+09     82.78    159.29   -134.54  -2470.29      0.00      1
1    103767 5626.0     2.45e+10     76.40    265.14  -3226.21  -3836.76      0.00      1
1    103768 5626.0     8.13e+09     84.74    287.44   4628.48   4451.59      0.00      1
1    103769 5626.0     3.16e+10     69.82    152.22   3293.75  -1904.39      0.00      1
1    103770 5626.0     1.32e+10     73.85    279.02  -3257.59 -10304.06      0.00      1
1    103771 5626.0     3.16e+10     72.75    339.19  -1744.39  -8812.72      0.00      1
1    103772 5626.0     6.76e+09     79.56     73.72  -4374.23   4708.40      0.00      1
1    103774 5626.0     2.57e+09     70.45    160.90  -1518.89  -1937.44      0.00      1
1    103775 5626.0     1.23e+10     87.73    295.96  -1985.11 -10340.06      0.00      1
1    103776 5626.0     5.89e+09     85.22     96.08   4756.65   1491.05      0.00      1
1    103777 5626.0     8.13e+10     80.68    149.78   4265.68 -10058.01      0.00      1
1    103778 5626.0     9.77e+09     87.26    320.00   -242.68   5076.80      0.00      1
1    103779 5626.0     8.71e+10     80.58    144.55   -335.05  -6583.43      0.00      1
1    103780 5626.0     2.57e+10     85.76    140.74  -2098.50 -10347.11      0.00      1
1    103781 5626.0     1.10e+09     77.21    256.46   3967.09  -3800.06      0.00      1
1    103782 5626.0     7.24e+09     85.79    308.42   5405.52  -7311.16      0.00      1
1    103783 5626.0     2.57e+10     65.55     72.95  -1346.33   3580.22      0.00      1
1    103784 5626.0     1.15e+09     70.59    130.83  -2021.21  -5350.13      0.00      1
1    103785 5626.0     3.16e+10     67.43     20.14   1449.82  -3445.40      0.00      1
1    103786 5626.0     1.62e+09     73.74     11.34   -377.54 -10304.36      0.00      1
1    103787 5626.0     1.95e+10     75.27     10.96  -1055.75  -8292.10      0.00      1
1    103788 5626.0     2.82e+10     78.43     66.64  -3847.21    390.87      0.00      1
1    103789 5626.0     2.88e+10     70.26     78.89  -3378.76  -9889.19      0.00      1
1    103790 5626.0     5.37e+10     80.10     68.12   4603.50  -6491.14      0.00      1
1    103791 5626.0     4.79e+09     75.30    328.89  -2945.44  -4044.94      0.00      1
1    103792 5626.0     4.79e+10     85.80    354.48   6211.67  -1615.80      0.00      1
1    103793 5626.0     3.24e+10     86.62      4.97  -1480.79 -10607.05      0.00      1
1    103794 5626.0     1.58e+09     80.09     96.64  -1373.34   3858.37      0.00      1
1    103795 5626.0     1.78e+10     75.67     78.90  -1058.60   -560.35      0.00      1
1    103796 5626.0     1.29e+09     66.50    357.13  -1980.66  -5553.64      0.00      1
1    103797 5626.0     5.25e+10     80.01     42.25   3268.96   -490.02      0.00      1
1    103798 5626.0     1.07e+10     87.83    275.25   2560.88  -4205.13      0.00      1
1    103799 5626.0     5.89e+10     66.75    104.19  -1699.49  -7977.26      0.00      0
