1      5900 14.0       5.01e+08     68.15    272.82   -454.91  -2336.76      0.00      1
1      5901 14.0       3.63e+08     75.69     45.41   1935.81  -3718.96      0.00      1
1      5902 14.0       6.17e+08     78.27    195.21  -3111.90    450.16      0.00      1
1      5903 14.0       6.31e+08     76.60    120.75   2918.64   3403.13      0.00      1
1      5904 14.0       3.55e+08     72.11    185.59   3643.74   2208.24      0.00      1
1      5905 14.0       3.09e+08     67.92     69.87  -3367.02  -5265.60      0.00      0
1      5906 14.0       9.12e+08     80.15    166.44   -428.31   4243.25      0.00      1
1      5907 14.0       4.27e+08     81.90     24.67  -1684.27   5050.30      0.00      1
1      5908 14.0       5.62e+08     67.21    294.07   3969.43  -8798.63      0.00      0
1      5909 14.0       1.62e+08     75.07    298.99   2778.91   1467.47      0.00      0
1      5910 14.0       2.24e+08     81.89     23.80  -2227.62  -3777.27      0.00      0
1      5911 14.0       6.76e+08     65.39    122.86   5361.81 -10588.42      0.00      0
1      5912 14.0       1.82e+08     66.71      0.99  -3763.40  -6141.74      0.00      0
1      5913 14.0       1.02e+08     82.12    100.24  -3877.46  -9426.08      0.00      0
1      5914 14.0       4.79e+08     65.58     76.21   -255.69    809.89      0.00      1
1      5915 14.0       4.47e+08     72.05    202.33   5416.13 -10687.24      0.00      0
1      5916 14.0       2.88e+08     76.37     41.33   1297.39  -4019.47      0.00      0
1      5917 14.0       2.19e+08     86.10    190.44   3414.45  -8558.26      0.00      0
1      5918 14.0       5.01e+08     74.53     26.41   2678.02   4167.01      0.00      1
1      5919 14.0       9.55e+08     70.42    141.85   3275.05   4109.63      0.00      1
1      5920 14.0       1.23e+08     72.52    319.63  -2853.36  -6167.61      0.00      0
1      5921 14.0       1.20e+08     76.38     28.23  -2695.57  -1133.70      0.00      0
1      5922 14.0       1.78e+08     83.84    202.53    961.73    878.01      0.00      0
1      5923 14.0       2.69e+08     66.26     38.42  -4242.42 -10456.18      0.00      0
1      5924 14.0       2.34e+08     70.95    236.97  -1427.76  -7022.40      0.00      0
1      5925 14.0       6.92e+08     78.12    156.99  -2497.89   -250.58      0.00      1
1      5926 14.0       5.62e+08     79.32    161.40   -688.52  -3958.81      0.00      1
1      5927 14.0       1.51e+08     85.86    126.97   5227.44 -10138.12      0.00      0
1      5928 14.0       1.41e+08     72.00    106.11  -2105.29  -6101.03      0.00      0
1      5929 14.0       3.63e+08     70.11     92.78   5543.94   2563.57      0.00      0
1      5930 14.0       3.98e+08     79.20    314.74   -975.72  -7495.84      0.00      1
1      5931 14.0       1.32e+08     83.70    269.56    298.65   1351.99      0.00      0
1      5932 14.0       5.62e+08     82.69    124.49   -160.50  -3460.62      0.00      1
1      5933 14.0       1.51e+08     81.19    142.30   4825.84   -739.57      0.00      0
1      5934 14.0       4.07e+08     79.11     33.61   1036.51  -6097.45      0.00      1
1      5935 14.0       4.17e+08     66.63    227.62  -3114.31  -6076.89      0.00      0
1      5936 14.0       6.92e+08     70.12    173.55   2725.59  -8010.53      0.00      1
1      5937 14.0       2.24e+08     78.00    288.89  -1516.61  -4123.48      0.00      1
1      5938 14.0       7.24e+08     71.42    148.26   5235.50   1700.47      0.00      1
1      5939 14.0       4.27e+08     82.86    328.72  -1555.58  -5920.75      0.00      0
1      5940 14.0       2.09e+08     84.13    232.76   -217.21   -666.21      0.00      0
1      5941 14.0       6.76e+08     69.92    225.22   3737.34   4321.98      0.00      0
1      5942 14.0       1.05e+08     80.90    339.19   6294.20  -9770.96      0.00      0
1      5943 14.0       5.01e+08     86.15    122.71    621.17  -8620.76      0.00      0
1      5944 14.0       2.57e+08     79.16     95.48   5621.87  -6376.29      0.00      1
1      5945 14.0       2.88e+08     83.04     84.14   3349.15  -1593.60      0.00      0
1      5946 14.0       6.92e+08     74.92    115.66   6430.21  -8609.81      0.00      1
1      5947 14.0       6.46e+08     78.03    253.87   3351.56    397.90      0.00      1
1      5948 14.0       6.31e+08     87.95     19.05   4211.49 -10564.33      0.00      0
1      5949 14.0       1.10e+08     66.76     95.14  -3964.14   1501.97      0.00      0
1      5950 14.0       1.91e+08     85.36    329.43      5.39   3232.82      0.00      0
1      5951 14.0       1.70e+08     71.52    259.28  -3096.09    279.66      0.00      0
1      5952 14.0       1.62e+08     70.77    352.78   1475.38   2774.97      0.00      0
1      5953 14.0       9.12e+08     69.73    338.18   5991.71  -9735.17      0.00      0
1      5954 14.0       2.19e+08     84.96     99.19  -3155.10  -7093.29      0.00      0
1      5955 14.0       1.20e+08     84.61    243.24   3482.58  -9135.22      0.00      0
1      5956 14.0       3.89e+08     84.02    142.84   2762.88     -1.73      0.00      0
1      5957 14.0       7.76e+08     79.70     79.97  -2922.12  -8889.44      0.00      1
1      5958 14.0       1.23e+08     80.17     53.90   -302.56  -4780.68      0.00      0
1      5959 14.0       4.47e+08     79.01    302.44   5259.40  -1302.55      0.00      1
1      5960 14.0       3.72e+08     80.52    308.89  -4398.08   1185.90      0.00      0
1      5961 14.0       1.41e+08     71.15    345.66  -3413.27  -4691.28      0.00      0
1      5962 14.0       8.51e+08     82.81     22.28   3171.53  -7435.91      0.00      1
1      5963 14.0       3.55e+08     68.76    127.04   1247.42   1890.11      0.00      1
1      5964 14.0       4.47e+08     70.77    217.70  -2205.12  -7186.99      0.00      1
1      5965 14.0       3.39e+08     71.67     20.21   3755.49  -8401.23      0.00      1
1      5966 14.0       3.16e+08     65.37    116.64   6265.30    916.97      0.00      0
1      5967 14.0       1.29e+08     74.19    288.15   5443.86   -360.59      0.00      0
1      5968 14.0       3.72e+08     77.40    197.23    618.17   3370.22      0.00      1
1      5969 14.0       5.89e+08     76.06    324.21  -1904.62  -2097.00      0.00      1
1      5970 14.0       1.95e+08     84.86    169.44    710.82   2411.99      0.00      0
1      5971 14.0       3.98e+08     75.77    270.55   3076.04   1202.55      0.00      1
1      5972 14.0       2.82e+08     73.00     93.32  -2593.76  -5805.86      0.00      1
1      5973 14.0       1.35e+08     80.66    125.15  -2988.35  -6941.94      0.00      0
1      5974 14.0       1.23e+08     72.84    301.88   4998.22  -7291.47      0.00      0
1      5975 14.0       1.41e+08     65.01    260.98   5940.75  -9373.96      0.00      0
1      5976 14.0       2.57e+08     74.91    348.13   5558.50 -10760.36      0.00      0
1      5977 14.0       1.62e+08     70.27    223.66   2047.99   -758.98      0.00      0
1      5978 14.0       1.82e+08     72.27     12.49   4994.54  -2110.74      0.00      0
1      5979 14.0       8.32e+08     79.20      5.93  -2829.21   -724.36      0.00      1
1      5980 14.0       1.66e+08     65.17    343.62  -3859.79   4775.09      0.00      0
1      5981 14.0       2.09e+08     75.47    116.68  -4056.73   3477.39      0.00      0
1      5982 14.0       3.98e+08     67.12    110.72   2310.56  -5991.56      0.00      0
1      5983 14.0       4.17e+08     71.77     51.18  -1032.77   1116.65      0.00      1
1      5984 14.0       3.63e+08     83.76    123.48   5541.90  -3787.80      0.00      0
1      5985 14.0       2.88e+08     80.38      1.14   1234.32   4231.63      0.00      1
1      5986 14.0       3.80e+08     81.07     90.23   1906.56   4915.46      0.00      1
1      5987 14.0       1.62e+08     71.09     34.86   6317.36  -9544.82      0.00      0
1      5988 14.0       2.63e+08     77.25    131.06   4047.92   3908.30      0.00      1
1      5989 14.0       7.41e+08     85.70    208.28  -3434.64   1900.90      0.00      0
1      5990 14.0       2.95e+08     80.68    357.87  -1364.26  -3186.97      0.00      1
1      5991 14.0       1.48e+08     84.19    112.65  -2612.41  -7233.42      0.00      0
1      5992 14.0       1.05e+08     66.37    238.19   3852.27   5108.47      0.00      0
1      5993 14.0       2.14e+08     70.85    342.33   4245.94   1722.73      0.00      1
1      5994 14.0       2.00e+08     84.04    123.19  -3191.41  -4044.16      0.00      0
1      5995 14.0       6.92e+08     73.10     40.35   3386.62  -9590.97      0.00      1
1      5996 14.0       3.39e+08     66.46    114.68   2107.42  -3414.34      0.00      0
1      5997 14.0       4.68e+08     84.26    138.74    885.98  -9465.12      0.00      0
1      5998 14.0       3.24e+08     85.21     36.73  -1457.41    -61.52      0.00      0
1      5999 14.0       6.17e+08     87.85     35.30    267.88  -6074.49      0.00      0
