1    103900 5626.0     4.37e+09     80.37    328.46    384.61  -2919.47      0.00      1
1    103901 5626.0     1.78e+09     67.00    111.93    255.16   -301.42      0.00      1
1    103902 5626.0     2.45e+09     65.03    187.77    222.78   1252.32      0.00      1
1    103903 5626.0     4.07e+10     69.10     97.47   -850.06   3544.11      0.00      1
1    103904 5626.0     3.31e+09     82.53    235.09  -3474.54   -455.73      0.00      1
1    103905 5626.0     7.76e+10     79.62    174.80   2449.95  -3444.65      0.00      1
1    103906 5626.0     4.79e+09     65.92     15.06  -2712.42  -2498.36      0.00      1
1    103907 5626.0     1.95e+10     70.36    232.48   4428.48 -10363.58      0.00      0
1    103908 5626.0     2.69e+09     84.19    173.56   3044.36 -10059.02      0.00      1
1    103909 5626.0     1.45e+09     76.19    183.54   4219.55   1180.40      0.00      1
1    103910 5626.0     8.51e+10     65.28     98.62    708.04  -7918.02      0.00      1
1    103911 5626.0     8.13e+10     70.98    329.07   2023.42   2211.02      0.00      1
1    103912 5626.0     8.13e+10     84.77     75.61   1387.06    770.85      0.00      1
1    103913 5626.0     1.91e+10     78.98    155.90   5596.37  -4114.25      0.00      1
1    103914 5626.0     1.62e+09     87.80    222.63  -4101.97  -1786.29      0.00      0
1    103915 5626.0     1.55e+09     83.98    239.55   6400.54  -9660.69      0.00      1
1    103916 5626.0     3.24e+10     74.57    254.92   4611.07  -4404.00      0.00      1
1    103917 5626.0     4.79e+10     69.83    152.84   4649.46   2925.25      0.00      1
1    103918 5626.0     6.46e+09     87.22      3.62  -3721.43  -6643.91      0.00      1
1    103919 5626.0     1.07e+10     69.28    156.05   2161.17  -6914.45      0.00      1
1    103920 5626.0     2.19e+10     79.29     64.42    -83.59   4493.89      0.00      1
1    103921 5626.0     5.75e+09     70.65    255.77  -1698.87   1351.97      0.00      1
1    103922 5626.0     1.91e+09     70.78    281.56   4034.12 -10027.15      0.00      1
1    103923 5626.0     1.07e+09     68.87    172.65  -2108.40  -5409.66      0.00      0
1    103924 5626.0     1.55e+10     79.02    191.25    515.44  -1687.49      0.00      1
1    103925 5626.0     5.62e+09     75.14    311.47   1411.87    260.26      0.00      1
1    103927 5626.0     3.89e+09     82.65    280.76   3024.05  -8269.03      0.00      1
1    103928 5626.0     1.15e+10     70.73    123.14   1316.84   1298.12      0.00      1
1    103929 5626.0     2.00e+09     68.30    255.92   2363.65 -10181.05      0.00      1
1    103930 5626.0     8.91e+09     81.00    207.48  -2417.65  -3687.81      0.00      1
1    103931 5626.0     1.20e+10     85.27    114.78   3786.92    -98.43      0.00      1
1    103932 5626.0     3.31e+10     67.83     69.54   6180.23  -8796.59      0.00      0
1    103933 5626.0     5.75e+09     70.04    210.49   4928.42  -1440.68      0.00      1
1    103934 5626.0     1.20e+09     86.86     95.34  -2609.56  -2158.36      0.00      0
1    103935 5626.0     3.72e+10     87.35     82.01   1516.59     12.12      0.00      1
1    103936 5626.0     3.31e+10     71.17     63.44    290.51  -7735.67      0.00      0
1    103937 5626.0     7.59e+09     69.83    149.36   6496.67   -806.03      0.00      1
1    103938 5626.0     7.08e+10     66.40     25.72   4565.93  -3974.86      0.00      1
1    103939 5626.0     1.00e+10     73.59    194.95  -1842.51   2339.49      0.00      1
1    103940 5626.0     4.57e+09     67.71     95.82   2831.99  -6406.63      0.00      1
1    103941 5626.0     8.91e+09     75.07    128.16  -4283.37 -10093.52      0.00      1
1    103942 5626.0     2.04e+10     75.66    291.58   5518.46    309.45      0.00      1
1    103943 5626.0     9.12e+09     67.33    326.05   4211.77   4384.45      0.00      0
1    103944 5626.0     1.74e+10     69.83    112.75  -1111.83  -8726.46      0.00      1
1    103945 5626.0     2.14e+10     86.96    115.20     27.85 -10675.93      0.00      1
1    103946 5626.0     7.59e+10     80.29    254.09   6400.00  -9383.92      0.00      1
1    103947 5626.0     4.27e+09     75.37    149.50  -2661.34  -8866.97      0.00      1
1    103948 5626.0     3.31e+10     67.78    154.46  -1834.91  -2237.45      0.00      1
1    103949 5626.0     1.29e+09     83.58     84.41  -1961.29  -3694.53      0.00      1
1    103950 5626.0     2.69e+10     68.21    182.44   3260.96  -6884.04      0.00      1
1    103951 5626.0     1.62e+09     80.82    141.30   5642.92   4348.90      0.00      1
1    103952 5626.0     1.10e+10     87.17    156.27   -282.84  -5484.08      0.00      1
1    103953 5626.0     4.17e+09     87.85     35.57   -844.71    822.25      0.00      1
1    103954 5626.0     2.45e+09     77.20    151.86   5152.00  -4132.16      0.00      1
1    103955 5626.0     2.63e+10     80.31     58.57   3102.22  -1233.20      0.00      1
1    103956 5626.0     2.34e+10     84.91    284.74  -3599.00  -9824.49      0.00      1
1    103957 5626.0     2.09e+10     84.83     77.53   5993.44   5084.43      0.00      1
1    103958 5626.0     2.40e+09     76.40    138.20   2164.36  -9140.79      0.00      1
1    103959 5626.0     3.09e+10     83.75    126.14  -1334.43  -4388.60      0.00      1
1    103960 5626.0     7.94e+10     80.94     11.07    182.62   1184.01      0.00      1
1    103961 5626.0     1.23e+09     87.06    344.62  -3042.71  -7911.34      0.00      0
1    103962 5626.0     1.26e+10     78.55    144.18   -750.81 -10057.39      0.00      1
1    103963 5626.0     1.48e+09     76.85     96.14   3549.15  -9302.90      0.00      1
1    103964 5626.0     2.69e+09     82.71    165.20  -2720.85   3345.71      0.00      1
1    103965 5626.0     1.74e+10     83.09    113.97   2857.61  -8596.00      0.00      1
1    103966 5626.0     3.09e+09     86.16    331.25  -1754.59  -1005.88      0.00      1
1    103967 5626.0     2.75e+09     77.08     52.03   2110.56   1743.26      0.00      1
1    103968 5626.0     3.63e+10     86.49      2.82  -1087.14  -1030.67      0.00      1
1    103969 5626.0     4.47e+10     70.57     84.23  -3876.02   -157.19      0.00      1
1    103970 5626.0     1.20e+10     77.50    279.04   4652.08  -8389.76      0.00      1
1    103971 5626.0     2.14e+09     76.65     17.78   3685.78   1262.76      0.00      1
1    103972 5626.0     9.77e+10     66.76    346.79   1901.37  -1946.87      0.00      1
1    103973 5626.0     5.89e+09     72.28    111.14  -4041.05  -9963.86      0.00      1
1    103974 5626.0     1.95e+10     85.29     55.15  -1478.57   3009.40      0.00      1
1    103975 5626.0     2.51e+10     76.07     25.17  -2785.40   4580.05      0.00      1
1    103976 5626.0     8.91e+09     86.06    121.62    508.12  -7002.16      0.00      1
1    103977 5626.0     1.38e+09     87.87    315.12    748.09  -9277.42      0.00      0
1    103978 5626.0     3.89e+09     66.88    179.95   4814.79  -2333.32      0.00      0
1    103979 5626.0     2.19e+09     86.78    307.56    655.29   1468.03      0.00      0
1    103980 5626.0     8.51e+10     74.65    314.46   3458.04  -8931.53      0.00      1
1    103981 5626.0     5.50e+10     82.73    119.85  -2069.61  -1113.89      0.00      1
1    103982 5626.0     3.39e+10     82.46    207.00   2880.92  -2702.61      0.00      1
1    103983 5626.0     3.47e+10     69.85    155.25   3031.68   4240.87      0.00      1
1    103984 5626.0     5.50e+10     79.22    233.54   -588.32  -1097.38      0.00      1
1    103985 5626.0     2.69e+10     85.40    222.24   5239.22 -10247.30      0.00      1
1    103986 5626.0     1.70e+09     82.01     31.26  -1271.26  -8851.39      0.00      1
1    103987 5626.0     1.58e+09     70.49    274.09   -140.06  -3694.57      0.00      1
1    103988 5626.0     1.00e+10     68.89    208.87  -1854.34   4543.45      0.00      1
1    103989 5626.0     6.31e+10     83.41    198.45  -3638.02   -314.56      0.00      1
1    103990 5626.0     1.78e+10     70.84    321.23   -274.20   2214.50      0.00      1
1    103991 5626.0     5.50e+09     82.75    305.21   -609.36  -6973.45      0.00      1
1    103992 5626.0     1.05e+09     85.81    216.64    511.52  -3162.51      0.00      0
1    103993 5626.0     4.57e+10     71.44    351.27   3977.33   5050.47      0.00      1
1    103994 5626.0     1.12e+10     66.29    141.88  -1762.58  -3596.46      0.00      1
1    103995 5626.0     1.07e+10     83.70      7.53    697.34  -2569.54      0.00      1
1    103996 5626.0     3.89e+09     87.09    290.35   1903.28     89.04      0.00      1
1    103997 5626.0     9.55e+09     87.03     20.24   3533.46   -448.07      0.00      1
1    103998 5626.0     4.90e+09     83.00     57.52    253.51  -6094.37      0.00      1
1    103999 5626.0     8.13e+09     86.31     33.44    363.46   3836.46      0.00      1
