1      1200 14.0       1.17e+10     81.54     75.00   6366.61   1542.22      0.00      1
1      1201 14.0       3.47e+10     73.47     79.56  -3005.34   2484.94      0.00      1
1      1202 14.0       4.79e+10     75.90    222.90  -4107.96 -11228.32      0.00      1
1      1203 14.0       7.94e+10     71.54    143.39   2546.58  -2755.97      0.00      1
1      1204 14.0       2.34e+09     68.87    111.72   2041.74  -7633.99      0.00      1
1      1205 14.0       4.68e+10     69.79     12.08    593.09  -6295.71      0.00      1
1      1206 14.0       7.76e+09     75.17    336.00    512.10 -11226.87      0.00      1
1      1207 14.0       1.45e+10     65.13     31.35  -4354.70  -7677.41      0.00      0
1      1208 14.0       6.76e+09     72.07    178.15   1089.53  -8681.80      0.00      1
1      1209 14.0       2.82e+09     73.88    238.19   1137.16  -1928.75      0.00      1
1      1210 14.0       5.89e+09     74.14    271.35    956.49  -1148.73      0.00      1
1      1211 14.0       7.59e+09     75.16    293.93  -1538.85   2827.16      0.00      1
1      1212 14.0       9.33e+09     70.27     27.01   -401.57    546.39      0.00      1
1      1213 14.0       1.51e+09     73.93    340.61   -381.81   2339.86      0.00      1
1      1214 14.0       3.39e+09     73.48    289.24   4960.20 -10093.48      0.00      1
1      1215 14.0       2.88e+09     66.78     17.91   6132.09  -1133.61      0.00      1
1      1216 14.0       1.48e+10     82.90    148.36  -1335.53  -8819.71      0.00      1
1      1217 14.0       6.61e+09     68.74    281.79    453.28  -1819.73      0.00      1
1      1218 14.0       1.95e+10     83.84     51.64  -2616.97  -6271.73      0.00      1
1      1219 14.0       2.82e+10     85.68    358.62   2005.22  -3901.80      0.00      1
1      1220 14.0       1.55e+09     75.60    247.02    601.51  -8354.08      0.00      1
1      1221 14.0       1.45e+09     87.57    354.10   3728.51  -1648.50      0.00      0
1      1222 14.0       7.59e+10     72.62    330.89  -1675.94  -1127.49      0.00      1
1      1223 14.0       5.89e+10     82.29     48.24  -3978.72   2640.15      0.00      1
1      1224 14.0       3.16e+10     82.08    342.11  -2754.45     36.28      0.00      1
1      1225 14.0       4.68e+09     74.50    139.68  -2196.15   2382.04      0.00      1
1      1226 14.0       1.20e+10     74.92    241.61   4091.90   1038.40      0.00      1
1      1227 14.0       6.31e+09     86.40    193.03  -2928.99   1580.88      0.00      1
1      1228 14.0       1.82e+09     78.18    261.76   5557.19   1495.99      0.00      1
1      1229 14.0       4.57e+09     66.44    177.83   2269.95  -1749.20      0.00      1
1      1230 14.0       8.91e+09     76.78    317.36   5743.71   4599.61      0.00      0
1      1231 14.0       1.91e+10     72.97    337.19    910.82    940.72      0.00      1
1      1232 14.0       2.09e+09     78.06     80.63   2218.95  -4883.45      0.00      1
1      1233 14.0       4.68e+09     67.86     78.09  -3183.86  -6485.44      0.00      1
1      1234 14.0       2.82e+09     72.30    337.57   1104.66   4717.54      0.00      1
1      1235 14.0       1.62e+09     74.89    243.05   4845.97   -726.52      0.00      1
1      1236 14.0       1.05e+09     73.16     24.18   4733.71   3037.62      0.00      1
1      1237 14.0       6.76e+10     75.85     58.12   2402.97  -9588.37      0.00      1
1      1238 14.0       5.62e+10     78.77     51.39  -4230.99 -10413.08      0.00      1
1      1239 14.0       3.24e+10     83.23     30.75   4865.06  -4658.28      0.00      1
1      1240 14.0       2.95e+10     67.99    177.21  -3042.30   3112.59      0.00      1
1      1241 14.0       3.55e+10     70.95    304.09   3411.03   5195.65      0.00      0
1      1242 14.0       1.58e+10     79.67     79.84   1694.97   1110.94      0.00      1
1      1243 14.0       1.00e+10     67.27    288.05   -790.00   3835.98      0.00      1
1      1244 14.0       1.74e+10     87.01     14.02    678.94  -1049.72      0.00      1
1      1245 14.0       3.98e+10     87.54    223.84   6292.68   4741.14      0.00      1
1      1246 14.0       1.23e+10     80.14    178.46  -1984.56   2655.81      0.00      1
1      1247 14.0       6.46e+09     73.00    219.37   1527.59   -484.04      0.00      1
1      1248 14.0       1.20e+09     73.07     61.55   2273.94   -563.89      0.00      1
1      1249 14.0       1.23e+09     86.84    342.90   -853.83  -9224.04      0.00      0
1      1250 14.0       3.02e+09     82.37     80.03   3726.58  -5393.47      0.00      1
1      1251 14.0       4.79e+09     85.43    152.80   2255.20  -3141.28      0.00      1
1      1252 14.0       2.57e+10     76.87     41.88  -2046.37   -654.43      0.00      1
1      1253 14.0       6.03e+10     77.72    146.98   5960.50  -5601.30      0.00      1
1      1254 14.0       7.08e+10     82.14    299.72   3501.33  -8028.86      0.00      1
1      1255 14.0       2.24e+10     71.09    265.85   5954.33   3126.48      0.00      1
1      1256 14.0       1.51e+09     75.18    341.19  -2527.53  -5045.51      0.00      1
1      1257 14.0       1.55e+10     79.28    159.70  -2943.54   4873.71      0.00      1
1      1258 14.0       1.10e+10     81.83    327.81    457.14  -1077.06      0.00      1
1      1259 14.0       8.71e+09     71.92    147.90  -2753.83  -2287.06      0.00      1
1      1260 14.0       7.24e+09     66.61    312.59  -2544.71 -10790.32      0.00      1
1      1261 14.0       3.16e+10     81.17    163.44  -2301.54    843.06      0.00      1
1      1262 14.0       2.04e+09     82.75     75.02  -2963.52  -2363.19      0.00      1
1      1263 14.0       6.61e+09     87.45    227.88   4015.62  -7168.80      0.00      1
1      1264 14.0       7.41e+10     78.10    198.06   2319.03 -10681.56      0.00      1
1      1265 14.0       1.45e+10     78.04    199.25   3310.82   1480.01      0.00      1
1      1266 14.0       1.07e+10     82.30    357.17   -709.36    851.95      0.00      1
1      1267 14.0       3.09e+09     86.09    238.19   2509.43   -488.56      0.00      1
1      1268 14.0       3.47e+10     77.58    111.22   5274.04 -10926.39      0.00      0
1      1269 14.0       1.58e+09     66.17    171.71  -2460.30   -380.55      0.00      1
1      1270 14.0       1.38e+10     73.31     45.84  -2794.03  -9729.73      0.00      1
1      1271 14.0       2.51e+10     74.60    338.45   3199.64  -4254.30      0.00      1
1      1272 14.0       4.37e+10     76.29    336.92  -1641.05 -10676.62      0.00      1
1      1273 14.0       9.55e+10     81.37    350.88   1611.60  -8487.27      0.00      1
1      1274 14.0       1.00e+09     73.24    115.68     82.03  -4682.43      0.00      1
1      1275 14.0       6.61e+09     74.38      5.31    661.39  -9775.61      0.00      1
1      1276 14.0       6.46e+09     82.12    301.52  -3074.94   -212.31      0.00      1
1      1277 14.0       1.10e+10     74.38    158.19   2075.90   2094.99      0.00      1
1      1278 14.0       1.15e+10     79.90    281.32  -2307.00  -1287.22      0.00      1
1      1279 14.0       6.03e+10     87.49    129.54    151.23  -1201.77      0.00      1
1      1280 14.0       2.63e+10     87.55    100.18    138.55  -2948.58      0.00      1
1      1281 14.0       4.27e+09     70.98    155.91  -1611.74   -137.17      0.00      1
1      1282 14.0       3.31e+09     76.42    198.32   1081.96  -7709.45      0.00      1
1      1283 14.0       3.02e+10     75.07    132.75  -1912.15  -1045.68      0.00      1
1      1284 14.0       8.91e+09     83.27    246.75   2624.56  -3324.47      0.00      1
1      1285 14.0       2.51e+09     81.69     74.04  -3251.60  -2458.26      0.00      1
1      1286 14.0       5.13e+09     66.42     12.73   5264.68   1975.82      0.00      1
1      1287 14.0       9.77e+10     67.09    135.39  -1603.94   1550.20      0.00      1
1      1288 14.0       1.00e+11     75.30    144.32   3844.19  -9486.59      0.00      1
1      1289 14.0       3.89e+09     69.88    323.26   3438.03   3546.40      0.00      1
1      1290 14.0       2.14e+10     81.02    171.74  -2608.09  -4032.07      0.00      1
1      1291 14.0       1.02e+09     74.95     69.44   2338.46   2066.91      0.00      1
1      1292 14.0       6.46e+09     78.49    290.52   5166.40  -7705.44      0.00      1
1      1293 14.0       1.02e+10     82.18    214.08  -1466.73 -11029.72      0.00      1
1      1294 14.0       7.41e+10     74.89     84.36   3188.19  -6391.14      0.00      1
1      1295 14.0       9.77e+09     67.31     78.21   1610.83   4997.59      0.00      0
1      1296 14.0       1.86e+09     81.73    116.87   1970.51   1495.60      0.00      1
1      1297 14.0       6.76e+10     83.16    133.50   2984.27   3272.38      0.00      1
1      1298 14.0       4.68e+09     75.26      7.54   3300.40  -3014.35      0.00      1
1      1299 14.0       2.19e+09     66.05     55.00   2199.19  -8326.24      0.00      0
