1      3100 14.0       8.71e+10     67.80     57.91   3832.78  -6166.58      0.00      0
1      3101 14.0       6.76e+09     70.88    297.84   3088.96   3470.39      0.00      0
1      3102 14.0       8.91e+09     70.97    323.87   2669.26 -10667.42      0.00      1
1      3103 14.0       6.76e+09     79.34    137.13   -247.70  -8396.05      0.00      1
1      3104 14.0       5.89e+09     83.42    312.12   2776.30  -6097.85      0.00      1
1      3105 14.0       3.63e+10     86.42    118.65  -1604.85   -332.01      0.00      1
1      3106 14.0       1.82e+09     77.45    319.27   2023.30 -10816.48      0.00      1
1      3107 14.0       1.45e+10     82.04     96.87  -3914.58   4731.96      0.00      1
1      3108 14.0       1.70e+10     66.46    226.58   6494.36  -6393.49      0.00      1
1      3109 14.0       5.37e+10     74.29    230.65  -3612.18  -7477.40      0.00      1
1      3110 14.0       9.12e+10     84.71     17.70   -743.36    127.23      0.00      1
1      3111 14.0       9.77e+10     73.56    266.61   4010.96  -8001.16      0.00      1
1      3112 14.0       6.61e+10     86.56     19.40   1408.89  -7585.69      0.00      1
1      3113 14.0       1.38e+09     81.17    154.67   3651.67  -3474.55      0.00      1
1      3114 14.0       2.88e+10     69.82     81.72  -3160.19   2852.55      0.00      1
1      3115 14.0       5.25e+10     82.89    128.08   4798.89   1204.27      0.00      1
1      3116 14.0       7.41e+10     77.38    253.34   3814.58  -4498.88      0.00      1
1      3117 14.0       6.92e+09     69.04    307.68   -175.09  -2372.17      0.00      1
1      3118 14.0       2.51e+09     78.12    119.39   5601.45  -6711.17      0.00      1
1      3119 14.0       3.31e+10     80.75     98.22    824.99  -6330.29      0.00      1
1      3120 14.0       3.09e+10     80.26    232.41   3873.88  -1482.06      0.00      1
1      3121 14.0       8.32e+09     73.43    250.06    671.73  -3508.50      0.00      1
1      3122 14.0       5.50e+09     65.36    334.90    277.98  -5333.70      0.00      1
1      3123 14.0       7.76e+10     69.40    342.34   5719.76   2252.38      0.00      1
1      3124 14.0       8.91e+10     68.63     97.61   4556.33   -640.84      0.00      1
1      3125 14.0       1.32e+10     79.39    103.07   3619.49  -3922.50      0.00      1
1      3126 14.0       1.07e+10     74.94    166.01   4916.80  -3398.40      0.00      1
1      3127 14.0       3.72e+10     73.82    169.35  -2037.82  -3824.63      0.00      1
1      3128 14.0       6.17e+09     79.75    352.46   1751.78  -8037.20      0.00      1
1      3129 14.0       1.82e+09     67.82    152.57     46.83   -841.03      0.00      1
1      3130 14.0       1.74e+09     81.83    260.04  -1028.14  -5666.73      0.00      1
1      3131 14.0       2.19e+10     71.85    257.77   2628.62  -2828.59      0.00      1
1      3132 14.0       6.03e+09     75.72    358.97  -1928.25  -6096.59      0.00      1
1      3133 14.0       3.39e+10     79.47     79.99   2758.27    633.04      0.00      1
1      3134 14.0       1.15e+09     66.94     52.88   -834.62   2414.78      0.00      1
1      3135 14.0       5.50e+09     75.81    170.77   -297.83    -56.99      0.00      1
1      3136 14.0       2.40e+10     72.71     78.30   4976.26  -5149.92      0.00      1
1      3137 14.0       1.15e+09     70.90    340.69  -2466.55   4512.47      0.00      1
1      3138 14.0       3.31e+10     82.07    151.28   -354.84    385.78      0.00      1
1      3139 14.0       4.37e+09     67.58     38.56  -1257.57   5177.65      0.00      1
1      3140 14.0       6.46e+10     79.60    183.72  -1453.23   5031.97      0.00      1
1      3141 14.0       4.37e+09     71.08    231.89   1605.54    297.10      0.00      1
1      3142 14.0       2.95e+09     80.01    185.49  -2016.44  -6391.32      0.00      1
1      3143 14.0       2.57e+10     86.08    310.95   5807.62  -3075.79      0.00      1
1      3144 14.0       3.89e+10     67.13    256.59   4453.35   1773.61      0.00      0
1      3145 14.0       2.09e+09     66.52    249.36   4037.38  -3195.28      0.00      0
1      3146 14.0       1.02e+09     76.76    109.31  -2146.46    387.49      0.00      1
1      3147 14.0       6.92e+09     78.71    142.68   -200.43  -7157.06      0.00      1
1      3148 14.0       5.01e+09     76.47     58.75  -4172.21  -5667.40      0.00      1
1      3149 14.0       4.79e+10     69.14     57.29    925.90   1261.31      0.00      1
1      3150 14.0       1.02e+10     83.43    346.57  -4222.11   4022.08      0.00      1
1      3151 14.0       9.33e+09     71.56    218.02   5059.59  -1134.29      0.00      0
1      3152 14.0       8.13e+10     69.16    209.60  -3301.81   2488.60      0.00      1
1      3153 14.0       2.51e+09     71.74    137.99  -4291.14 -10595.89      0.00      0
1      3154 14.0       2.63e+10     68.32    123.64   5898.53  -4463.79      0.00      1
1      3155 14.0       7.76e+09     66.84    286.19  -1420.17    875.71      0.00      1
1      3156 14.0       8.71e+10     66.08     14.05  -3463.23  -1615.00      0.00      1
1      3157 14.0       2.00e+09     67.90    347.20  -2267.12  -8294.79      0.00      1
1      3158 14.0       3.55e+09     67.92    315.79   3899.45   3295.67      0.00      1
1      3159 14.0       3.09e+10     70.11     35.99  -1726.47 -10170.76      0.00      0
1      3160 14.0       8.71e+10     77.43      0.49  -2312.52   3689.12      0.00      1
1      3161 14.0       4.68e+10     68.62    254.36   3163.94  -9384.84      0.00      0
1      3162 14.0       7.08e+10     72.48     35.56   5559.81  -2145.60      0.00      1
1      3163 14.0       1.95e+10     65.33     13.03  -1527.01  -8184.43      0.00      1
1      3164 14.0       9.77e+10     70.47    214.20   2053.22  -6401.16      0.00      1
1      3165 14.0       1.58e+10     65.97     85.25  -1519.08   2587.00      0.00      1
1      3166 14.0       2.95e+09     69.62     64.86   5282.69 -11049.25      0.00      0
1      3167 14.0       3.24e+09     86.83    166.74   -841.01  -8337.88      0.00      1
1      3168 14.0       2.04e+09     82.88    145.75  -2978.98   1879.79      0.00      1
1      3169 14.0       2.09e+09     77.22    266.72  -1857.86  -4423.40      0.00      1
1      3170 14.0       1.41e+09     85.22    105.55  -3885.30  -8215.65      0.00      1
1      3171 14.0       2.75e+10     65.81    340.94   -873.48   2800.31      0.00      1
1      3172 14.0       1.32e+09     85.97    289.74   3464.97   4363.42      0.00      1
1      3173 14.0       3.63e+10     71.54    348.67   2653.05  -8926.26      0.00      1
1      3174 14.0       8.71e+10     78.34    183.53   5657.81 -10509.05      0.00      1
1      3175 14.0       1.55e+10     81.70     38.79  -3230.89  -2691.55      0.00      1
1      3176 14.0       7.41e+09     84.09     78.48   2251.02  -8608.77      0.00      1
1      3177 14.0       2.88e+09     66.59    198.20   2537.53  -3192.93      0.00      1
1      3178 14.0       8.51e+10     66.10     69.10    237.13  -6312.36      0.00      1
1      3179 14.0       4.17e+10     70.59    125.97  -1188.86   -762.68      0.00      1
1      3180 14.0       2.95e+09     84.68    127.11   1406.91   1631.33      0.00      1
1      3181 14.0       8.71e+09     73.91     12.52    309.07   2638.71      0.00      1
1      3182 14.0       4.79e+10     75.05    285.05   -950.61  -7358.51      0.00      1
1      3183 14.0       1.12e+10     67.80    118.27   1273.69   -967.47      0.00      1
1      3184 14.0       6.17e+10     86.89    179.12  -2832.72   1903.00      0.00      1
1      3185 14.0       1.15e+09     70.99     86.99   6389.02  -1738.96      0.00      1
1      3186 14.0       8.51e+10     83.63    216.28  -1288.04  -9608.34      0.00      1
1      3187 14.0       3.31e+10     70.27    125.43  -3767.93  -6800.80      0.00      0
1      3188 14.0       2.14e+09     83.11    326.70  -3187.51   1495.03      0.00      1
1      3189 14.0       8.13e+10     85.21    209.92    -92.82  -8979.17      0.00      1
1      3190 14.0       1.12e+10     75.87    219.65  -2221.63  -3202.16      0.00      1
1      3191 14.0       3.89e+10     73.54     66.18   1921.34  -9058.17      0.00      1
1      3192 14.0       1.23e+09     77.37    112.67   2749.79  -4642.46      0.00      1
1      3193 14.0       1.38e+10     74.52     71.82   -187.14    341.46      0.00      1
1      3194 14.0       5.13e+09     78.78     84.68   3405.22  -6144.38      0.00      1
1      3195 14.0       7.76e+10     87.87    148.65  -2084.95   1371.75      0.00      1
1      3196 14.0       6.03e+10     68.28    201.25    780.32  -9720.06      0.00      1
1      3197 14.0       3.31e+09     71.05    322.62  -1905.86   2927.41      0.00      1
1      3198 14.0       3.80e+09     81.51    290.50   2648.78  -4774.99      0.00      1
1      3199 14.0       2.04e+09     73.95    209.98   -825.31   -553.10      0.00      1
