1    103600 5626.0     8.13e+10     80.01     50.13   4263.01  -4780.13      0.00      1
1    103601 5626.0     1.32e+10     86.12    295.53   2596.90    669.46      0.00      1
1    103602 5626.0     5.25e+10     78.65     85.03  -3181.24  -7605.38      0.00      1
1    103603 5626.0     5.62e+10     77.04    120.29    268.88 -10014.13      0.00      1
1    103604 5626.0     3.80e+10     71.24    319.99   -105.99  -2728.63      0.00      1
1    103605 5626.0     6.17e+09     77.15    239.74    284.63  -5141.08      0.00      1
1    103606 5626.0     1.20e+10     86.53    116.10   2891.40   1273.00      0.00      1
1    103607 5626.0     6.17e+09     69.51    355.06    793.80  -9516.26      0.00      1
1    103608 5626.0     3.02e+09     83.25    215.45    171.67   3018.41      0.00      1
1    103609 5626.0     3.31e+10     66.24    219.91    814.48  -7399.59      0.00      1
1    103610 5626.0     2.69e+09     66.41    137.93   3887.57  -4094.68      0.00      1
1    103611 5626.0     2.75e+09     80.97     55.66  -3443.87   3975.90      0.00      1
1    103612 5626.0     2.09e+10     82.21    336.32  -4358.06 -10171.52      0.00      1
1    103613 5626.0     2.40e+09     81.53    114.85   1160.85  -8904.10      0.00      1
1    103614 5626.0     2.95e+10     65.12     62.53   4435.76   -353.76      0.00      1
1    103615 5626.0     1.82e+09     65.85    306.29  -4144.93  -1605.86      0.00      0
1    103616 5626.0     2.75e+09     65.64    328.91  -3414.11 -10621.43      0.00      1
1    103617 5626.0     8.71e+10     65.53    341.13   2325.57     62.42      0.00      1
1    103618 5626.0     9.33e+10     76.11    256.88   2914.26  -1363.03      0.00      1
1    103619 5626.0     4.27e+10     67.23     65.16  -4181.67  -5770.37      0.00      0
1    103620 5626.0     7.59e+10     86.75    251.17   2403.76   4925.41      0.00      1
1    103621 5626.0     6.76e+09     69.72    135.46   6354.63   -860.99      0.00      1
1    103622 5626.0     3.55e+10     69.27     63.08  -2465.50  -8632.86      0.00      0
1    103623 5626.0     3.39e+10     79.99    356.31   3313.25  -9973.77      0.00      1
1    103624 5626.0     3.55e+10     77.95    265.61   5588.65   -220.21      0.00      1
1    103625 5626.0     1.07e+10     71.16     65.95   -652.50    550.55      0.00      1
1    103626 5626.0     1.17e+10     76.08    308.05    222.97  -2770.48      0.00      1
1    103627 5626.0     2.14e+10     83.22    352.17  -2638.26  -6530.88      0.00      1
1    103628 5626.0     1.91e+09     67.66     31.23   4273.98   5135.17      0.00      0
1    103629 5626.0     2.24e+10     84.30    314.13   6109.04  -9709.75      0.00      1
1    103630 5626.0     1.00e+09     69.11     11.49   4255.54  -8671.65      0.00      0
1    103631 5626.0     1.20e+09     87.06    312.27  -2306.36  -7417.76      0.00      0
1    103632 5626.0     2.24e+10     87.52    262.96   2676.92  -2551.64      0.00      1
1    103633 5626.0     1.23e+09     65.82     18.01  -1090.10  -3150.12      0.00      0
1    103635 5626.0     3.72e+10     76.04     91.47   3957.14  -9897.16      0.00      1
1    103636 5626.0     1.35e+10     68.77    219.64   -737.63  -7591.48      0.00      1
1    103637 5626.0     9.77e+10     66.74    148.62   3830.48   -656.15      0.00      1
1    103638 5626.0     2.24e+10     87.63    129.06   1129.58  -6568.94      0.00      1
1    103639 5626.0     9.77e+09     83.49    207.29    531.95  -6940.49      0.00      1
1    103640 5626.0     1.74e+10     79.95    122.31   3628.09  -5913.72      0.00      1
1    103641 5626.0     3.55e+09     77.57    257.99  -4143.18   -634.73      0.00      1
1    103642 5626.0     3.80e+10     76.20    254.72  -1462.83  -5107.36      0.00      1
1    103643 5626.0     3.98e+10     71.79    354.05  -2398.72  -1733.36      0.00      1
1    103644 5626.0     1.48e+09     76.41    100.58   4420.38 -10670.32      0.00      1
1    103645 5626.0     1.20e+09     71.77      7.14   4680.58   -982.22      0.00      1
1    103646 5626.0     5.13e+09     76.54     32.36  -1680.29  -3190.92      0.00      1
1    103647 5626.0     3.80e+09     70.68    107.31  -3050.36    669.26      0.00      1
1    103648 5626.0     1.70e+10     76.22    128.28  -2194.38  -2279.24      0.00      1
1    103649 5626.0     5.62e+10     86.41     12.63   5288.91   2846.68      0.00      1
1    103650 5626.0     2.14e+10     66.64    139.58    243.23  -9870.34      0.00      0
1    103651 5626.0     1.51e+10     81.13     16.28    908.56  -5771.89      0.00      1
1    103652 5626.0     3.80e+10     83.74    168.50   1687.57  -6669.69      0.00      1
1    103653 5626.0     1.95e+10     76.14    308.97   1454.58  -9145.86      0.00      1
1    103654 5626.0     1.32e+09     67.85    174.71  -3649.53   4956.06      0.00      0
1    103655 5626.0     3.39e+09     72.97     57.47  -1711.78   1320.35      0.00      1
1    103656 5626.0     6.31e+09     81.44    215.00   2606.47   2998.73      0.00      1
1    103657 5626.0     2.57e+09     72.18    291.68    -50.19  -3270.03      0.00      1
1    103658 5626.0     1.48e+10     81.43    117.52  -1622.58   4220.04      0.00      1
1    103659 5626.0     3.72e+09     83.00    153.99   2301.01  -9300.21      0.00      1
1    103660 5626.0     4.57e+09     85.88     61.26   2939.39  -8615.56      0.00      1
1    103661 5626.0     6.03e+10     85.31    277.20   5535.01   1029.61      0.00      1
1    103662 5626.0     1.26e+10     86.28    257.14  -2678.15    289.59      0.00      1
1    103663 5626.0     5.13e+09     68.15    234.92   4834.89  -1465.64      0.00      1
1    103664 5626.0     1.62e+10     69.16    169.90    567.69 -11108.60      0.00      1
1    103665 5626.0     8.71e+09     73.67    311.08   2393.96  -7030.07      0.00      1
1    103666 5626.0     9.55e+10     70.09    291.56   -540.61   2368.61      0.00      1
1    103667 5626.0     3.63e+09     65.24    188.64    968.34  -9387.50      0.00      0
1    103668 5626.0     2.88e+10     83.60    180.76   4438.27   4378.00      0.00      1
1    103669 5626.0     6.92e+10     74.26      6.52   2766.20  -4600.03      0.00      1
1    103670 5626.0     1.17e+09     65.09    106.95   2841.07   4713.99      0.00      1
1    103671 5626.0     3.39e+09     76.35     10.46   -274.25  -8870.08      0.00      1
1    103672 5626.0     2.69e+10     79.15    346.98  -2393.50  -7124.43      0.00      1
1    103673 5626.0     1.70e+10     85.78     58.19   3951.63 -10430.59      0.00      1
1    103674 5626.0     2.75e+09     71.75    217.31  -4347.63  -5644.43      0.00      1
1    103675 5626.0     2.51e+10     85.01    346.63   -667.18   1989.16      0.00      1
1    103676 5626.0     7.76e+09     70.52    250.33   -123.68     -7.78      0.00      1
1    103677 5626.0     9.33e+10     87.64    219.40   5487.88   3382.16      0.00      1
1    103678 5626.0     1.41e+09     84.31    342.57   3194.45  -8906.26      0.00      1
1    103679 5626.0     4.17e+09     76.48     30.23   -435.33  -1501.75      0.00      1
1    103680 5626.0     2.45e+10     84.98     95.82    -66.02  -8263.35      0.00      1
1    103681 5626.0     1.91e+09     86.78    156.19  -2996.75  -4424.73      0.00      0
1    103682 5626.0     1.02e+09     83.64    187.45   -325.24  -6422.94      0.00      1
1    103683 5626.0     2.88e+09     72.06    245.84   5283.31  -4577.41      0.00      1
1    103684 5626.0     4.57e+09     74.22    279.71    646.12  -5965.35      0.00      1
1    103685 5626.0     4.07e+10     70.49    314.95   4441.07   4471.36      0.00      0
1    103686 5626.0     9.33e+09     74.32    115.77   4949.02  -9785.32      0.00      1
1    103687 5626.0     4.07e+10     86.00    251.43  -1155.86  -3161.48      0.00      1
1    103688 5626.0     1.26e+09     73.46    136.44   4077.05   2931.07      0.00      1
1    103689 5626.0     1.45e+10     87.30    180.08    697.04  -4444.06      0.00      1
1    103690 5626.0     7.59e+09     72.75    180.24   2723.60  -4277.17      0.00      1
1    103691 5626.0     1.23e+09     69.21     22.48   2777.34  -5742.91      0.00      1
1    103692 5626.0     5.13e+10     75.52    275.67    954.22   2661.12      0.00      1
1    103693 5626.0     5.62e+09     69.32    138.08    278.65  -6757.30      0.00      1
1    103694 5626.0     3.89e+10     85.15    184.60   -530.88 -10238.67      0.00      1
1    103695 5626.0     4.07e+10     81.41    163.13   -983.99   5180.74      0.00      1
1    103696 5626.0     5.25e+09     80.54    276.07   2005.87  -4178.40      0.00      1
1    103697 5626.0     8.91e+09     68.63    153.11   -714.36  -5487.73      0.00      1
1    103698 5626.0     9.77e+10     72.79    108.40    611.01   4453.16      0.00      1
1    103699 5626.0     2.95e+10     68.23    273.47    200.57  -8087.25      0.00      1
