1      4800 14.0       1.58e+09     83.05    181.03  -1134.22  -3628.24      0.00      1
1      4801 14.0       3.63e+09     69.86    299.77   4030.64 -10146.38      0.00      0
1      4802 14.0       8.91e+10     80.20     26.27   6121.16  -1687.75      0.00      1
1      4803 14.0       1.02e+10     67.17    289.81  -3647.11  -8083.34      0.00      0
1      4804 14.0       8.32e+09     70.38     80.86  -3148.46   1866.87      0.00      1
1      4805 14.0       1.35e+09     66.67    123.89   5613.43 -10155.79      0.00      0
1      4806 14.0       3.39e+10     67.20    348.71   6238.36   1361.25      0.00      1
1      4807 14.0       9.55e+09     74.33     42.04   1715.28   2580.79      0.00      1
1      4808 14.0       5.50e+10     74.49    187.16   1200.59  -9002.78      0.00      1
1      4809 14.0       8.32e+10     72.20     11.86    647.56  -7812.71      0.00      1
1      4810 14.0       4.47e+09     72.89    136.30   3939.90   2681.93      0.00      1
1      4811 14.0       1.29e+09     85.74     40.24   5555.98   2737.98      0.00      0
1      4812 14.0       3.39e+10     77.49    308.32  -1883.57  -3067.47      0.00      1
1      4813 14.0       1.51e+09     68.99    118.89  -4017.92     71.37      0.00      0
1      4814 14.0       2.34e+09     83.67    120.46   4443.21   -232.32      0.00      1
1      4815 14.0       5.01e+10     87.45     65.55   4093.28   2831.33      0.00      1
1      4816 14.0       1.70e+09     77.25     14.15   2551.41  -7085.07      0.00      1
1      4817 14.0       2.63e+10     65.22      9.79  -3054.13   5032.88      0.00      0
1      4818 14.0       1.48e+10     84.32     24.51    351.48 -10410.66      0.00      1
1      4819 14.0       1.74e+09     78.44    349.80   3673.61    369.88      0.00      1
1      4820 14.0       4.79e+10     80.77    321.60   5522.71   -962.85      0.00      1
1      4821 14.0       5.01e+09     68.26    299.20   2338.66 -10271.53      0.00      1
1      4822 14.0       1.00e+11     79.74    269.06    784.77  -6519.67      0.00      1
1      4823 14.0       9.33e+09     86.04    143.15  -3389.64   -435.94      0.00      1
1      4824 14.0       4.57e+09     65.10    335.92   -765.38  -1819.63      0.00      1
1      4825 14.0       2.24e+09     67.24     93.91   4724.23    865.21      0.00      1
1      4826 14.0       1.26e+09     86.33    228.68   3612.01  -4316.63      0.00      0
1      4827 14.0       2.09e+09     81.80    183.67  -2783.60  -5721.65      0.00      1
1      4828 14.0       4.57e+09     82.08    211.98  -2228.74  -5609.98      0.00      1
1      4829 14.0       4.37e+09     85.98    154.29  -3122.37   1263.32      0.00      1
1      4830 14.0       6.17e+09     82.54     48.25   2289.27  -1929.77      0.00      1
1      4831 14.0       3.24e+10     82.82    120.81    465.61  -1892.10      0.00      1
1      4832 14.0       2.09e+10     76.12     66.79  -2582.30  -6179.27      0.00      1
1      4833 14.0       7.08e+09     83.89    295.20   4364.84   4564.08      0.00      1
1      4834 14.0       4.90e+10     87.80    171.21    531.25  -4056.04      0.00      1
1      4835 14.0       3.39e+10     85.90    265.31   -989.07 -11152.51      0.00      1
1      4836 14.0       3.72e+09     86.43     96.90    303.57  -6293.12      0.00      1
1      4837 14.0       2.75e+09     65.92    162.79    140.98  -5737.06      0.00      1
1      4838 14.0       6.46e+09     79.20    113.37  -2555.21  -7074.77      0.00      1
1      4839 14.0       6.76e+09     65.90     87.66  -2503.58   -280.79      0.00      1
1      4840 14.0       2.45e+09     65.21    239.03  -4042.32   -347.18      0.00      0
1      4841 14.0       3.02e+10     68.43    270.68  -2779.54  -9468.53      0.00      1
1      4842 14.0       1.02e+10     73.06    249.07  -1315.77  -4451.55      0.00      1
1      4843 14.0       5.25e+09     79.31    182.50  -2075.03   3192.68      0.00      1
1      4844 14.0       1.82e+09     87.86    347.05  -1821.77  -3331.96      0.00      0
1      4845 14.0       9.55e+10     70.95     64.65   6260.27   4422.09      0.00      1
1      4846 14.0       8.71e+10     66.94    208.91    273.65   3798.26      0.00      1
1      4847 14.0       1.35e+09     73.10    342.59   2973.16   2414.61      0.00      1
1      4848 14.0       2.63e+09     68.98    310.65   4913.15    -16.23      0.00      1
1      4849 14.0       3.63e+10     68.42     79.46   5470.52   1784.36      0.00      0
1      4850 14.0       3.55e+10     81.94     88.75    574.03   4481.47      0.00      1
1      4851 14.0       2.24e+09     80.51    145.54  -2700.08  -4494.04      0.00      1
1      4852 14.0       1.95e+09     80.43     11.30   -139.40  -6006.85      0.00      1
1      4853 14.0       5.89e+10     85.96     27.62   1383.41  -2889.95      0.00      1
1      4854 14.0       2.45e+10     70.61     75.98  -3053.40  -1391.79      0.00      1
1      4855 14.0       6.46e+09     75.89    316.14   5626.58  -7297.81      0.00      1
1      4856 14.0       2.40e+10     82.54    136.93   4189.47  -7896.04      0.00      1
1      4857 14.0       2.82e+09     83.57    297.01   -218.84  -4979.03      0.00      1
1      4858 14.0       2.09e+10     81.87    244.53   5130.25   4151.39      0.00      1
1      4859 14.0       6.61e+10     72.62    286.58   -873.17  -3978.56      0.00      1
1      4860 14.0       2.14e+09     70.45     53.46  -2099.82    669.41      0.00      1
1      4861 14.0       7.24e+10     69.10     27.86   5670.68   -369.90      0.00      1
1      4862 14.0       7.08e+09     84.04    236.47   2290.47    493.08      0.00      1
1      4863 14.0       1.38e+09     72.00     10.89  -1929.01  -3286.25      0.00      1
1      4864 14.0       1.32e+09     80.26    131.11   5494.22   1563.62      0.00      1
1      4865 14.0       2.09e+10     81.90    106.55   1504.36 -10871.90      0.00      1
1      4866 14.0       4.37e+10     85.64      5.88   -138.18    -65.45      0.00      1
1      4867 14.0       3.02e+10     81.98     80.89    346.97  -4584.34      0.00      1
1      4868 14.0       1.70e+09     81.19     84.14  -2302.37   1139.49      0.00      1
1      4869 14.0       8.13e+10     80.53    117.80   -846.61   2288.49      0.00      1
