1       900 14.0       1.07e+09     75.33    316.85  -1844.09  -9332.10      0.00      1
1       901 14.0       1.45e+10     74.06    126.16   2885.41   1642.21      0.00      1
1       902 14.0       1.58e+10     72.41    309.88   1156.02   2945.80      0.00      1
1       903 14.0       1.10e+10     69.34    234.88  -2996.96   4034.01      0.00      1
1       904 14.0       2.14e+09     86.86    133.67   6485.32 -11033.01      0.00      1
1       905 14.0       6.03e+10     68.93    204.25  -2096.17  -5501.04      0.00      1
1       906 14.0       7.94e+09     66.65    138.03   5601.54  -2013.14      0.00      0
1       907 14.0       1.23e+09     86.55    287.02   6078.38  -5199.05      0.00      0
1       908 14.0       1.05e+10     87.98     91.88  -3918.87   -674.76      0.00      1
1       909 14.0       1.15e+09     85.27    343.20  -1156.88      8.69      0.00      1
1       910 14.0       1.38e+10     73.75    346.14   2099.85  -6654.32      0.00      1
1       911 14.0       6.92e+09     77.72     75.37   4267.76  -6119.64      0.00      1
1       912 14.0       5.89e+09     84.99    139.66   -503.45  -3188.18      0.00      1
1       913 14.0       1.12e+09     68.87    137.07   1772.18  -2288.64      0.00      1
1       914 14.0       3.02e+09     76.96    342.10  -1488.61  -6245.37      0.00      1
1       915 14.0       8.32e+09     78.15    292.78   1407.63   -237.79      0.00      1
1       916 14.0       3.80e+10     67.66    343.05  -3478.25     29.09      0.00      1
1       917 14.0       6.61e+10     73.88    314.79   3338.34   2088.43      0.00      1
1       918 14.0       1.32e+10     81.77    117.09  -3873.43   1657.41      0.00      1
1       919 14.0       8.51e+09     72.37    116.89   -504.07  -9109.73      0.00      1
1       920 14.0       3.80e+09     67.80    338.33  -1502.66  -6468.11      0.00      1
1       921 14.0       3.55e+10     84.87    308.16   1074.27  -4570.95      0.00      1
1       922 14.0       1.32e+09     67.99    155.20  -3153.33 -10216.97      0.00      1
1       923 14.0       8.32e+10     68.87    169.35   3002.04   1080.53      0.00      1
1       924 14.0       7.08e+09     69.11     68.86  -1144.89  -8079.37      0.00      0
1       925 14.0       5.37e+10     87.53     54.72    449.14   4541.54      0.00      1
1       926 14.0       4.17e+09     85.73     11.51  -1140.93  -3388.40      0.00      1
1       927 14.0       3.39e+10     87.10    282.35   5676.46  -1745.77      0.00      1
1       928 14.0       2.24e+10     77.83      0.98  -2970.66  -2895.91      0.00      1
1       929 14.0       3.16e+10     76.61    183.12   1752.26  -4823.24      0.00      1
1       930 14.0       1.26e+09     78.47     95.25   -186.48   1252.28      0.00      1
1       931 14.0       3.89e+10     67.56    312.23  -2421.35  -6515.64      0.00      1
1       932 14.0       2.82e+09     68.13    104.22   3230.67  -8900.09      0.00      1
1       933 14.0       9.77e+09     69.44    129.99   1530.77  -5904.04      0.00      0
1       934 14.0       4.27e+09     79.39    359.25  -3402.66  -6064.85      0.00      1
1       935 14.0       7.76e+10     79.10    341.40  -4098.98    163.81      0.00      1
1       936 14.0       2.69e+09     67.14     60.52    210.34    987.97      0.00      1
1       937 14.0       5.13e+09     73.65    144.79  -1090.00   3526.55      0.00      1
1       938 14.0       2.24e+10     79.75     95.27   3860.27  -3459.47      0.00      1
1       939 14.0       6.46e+10     68.89    123.53  -2611.87 -11169.64      0.00      0
1       940 14.0       6.46e+09     87.66    140.62   5713.69  -7168.36      0.00      1
1       941 14.0       1.10e+09     73.71    141.18   -785.35   2768.50      0.00      1
1       942 14.0       5.89e+09     86.13    182.53   5215.20   4736.29      0.00      1
1       943 14.0       1.32e+09     71.40    217.93   4670.46  -1021.26      0.00      1
1       944 14.0       4.17e+09     72.89    222.07   3815.51   4056.32      0.00      0
1       945 14.0       2.29e+10     72.18    213.35   5559.67    229.14      0.00      0
1       946 14.0       9.33e+09     83.46    249.53   1598.01  -9075.30      0.00      1
1       947 14.0       1.02e+09     83.94    158.89   6271.60    334.76      0.00      1
1       948 14.0       1.32e+09     71.17    199.79  -4217.70   1695.91      0.00      1
1       949 14.0       1.95e+09     83.60     53.31  -1093.13   4974.16      0.00      1
1       950 14.0       3.47e+10     85.54    227.05   1201.66  -3285.21      0.00      1
1       951 14.0       3.98e+09     68.63    254.25   1401.27   3971.66      0.00      1
1       952 14.0       2.57e+09     66.53     98.13    -17.55  -8916.53      0.00      1
1       953 14.0       3.89e+10     78.78    115.69   3886.90  -6940.61      0.00      1
1       954 14.0       2.09e+10     76.72    226.41  -2043.95  -2113.08      0.00      1
1       956 14.0       1.32e+09     75.56    188.94  -1658.67  -5161.25      0.00      1
1       957 14.0       9.12e+09     77.65    293.77  -3444.38  -2179.16      0.00      1
1       958 14.0       2.00e+09     84.00     82.73    453.38  -7104.99      0.00      1
1       959 14.0       6.46e+09     76.99    240.58   2773.58   2796.55      0.00      1
1       960 14.0       5.50e+09     72.98    229.82  -4250.34  -7976.54      0.00      1
1       961 14.0       5.50e+10     87.17    168.78   2609.21  -5390.21      0.00      1
1       962 14.0       5.25e+10     71.63    304.13   4699.20  -1086.32      0.00      1
1       963 14.0       4.07e+10     87.82    210.54   2990.45   1032.21      0.00      1
1       964 14.0       1.91e+09     78.58     15.30   5808.16  -6137.36      0.00      1
1       965 14.0       2.88e+09     73.19    259.16   3133.65  -3060.24      0.00      1
1       966 14.0       1.58e+09     66.73    334.54  -3217.36  -7832.45      0.00      0
1       967 14.0       2.82e+09     69.07    319.47   -307.24  -7506.95      0.00      1
1       968 14.0       8.71e+10     77.98    323.66  -2622.49   1745.24      0.00      1
1       969 14.0       6.46e+09     70.55    305.85  -1168.94  -1461.32      0.00      1
1       970 14.0       1.38e+10     74.84    155.88  -3032.39   5114.84      0.00      1
1       971 14.0       1.95e+10     67.71    236.97  -2104.82  -4208.38      0.00      1
1       972 14.0       1.05e+09     70.62     91.38   -891.91    177.99      0.00      1
1       973 14.0       9.12e+10     78.35    310.90   2173.99   2117.16      0.00      1
1       974 14.0       3.89e+10     81.83    117.31   6143.65   2274.54      0.00      1
1       975 14.0       1.70e+09     77.37    200.14   1239.30  -5850.18      0.00      1
1       976 14.0       2.34e+09     83.92     92.09    -94.63  -7536.35      0.00      1
1       977 14.0       1.86e+09     65.98     75.35  -2050.03    447.46      0.00      1
1       978 14.0       3.89e+09     72.89    144.53    187.22    -64.95      0.00      1
1       979 14.0       3.72e+09     81.96    263.16  -1909.02  -6656.64      0.00      1
1       980 14.0       6.46e+09     70.31    311.93  -4179.45  -7374.76      0.00      0
1       981 14.0       2.82e+09     85.21    274.90   -448.59  -1637.17      0.00      1
1       982 14.0       3.72e+10     75.91    295.25  -1717.21  -7272.73      0.00      1
1       983 14.0       4.57e+09     65.99    249.46  -1793.94  -6487.98      0.00      1
1       984 14.0       1.95e+10     76.34    352.70  -4223.44  -7011.62      0.00      1
1       985 14.0       4.47e+09     71.35    343.53    261.84 -10216.07      0.00      1
1       986 14.0       9.77e+09     71.98    177.04  -2290.75  -7131.90      0.00      1
1       987 14.0       2.57e+09     78.58    119.25   -587.84   3976.54      0.00      1
1       988 14.0       2.09e+10     69.97    268.70   -935.64 -11124.14      0.00      1
1       989 14.0       4.07e+10     85.18    216.55   1402.18 -10416.86      0.00      1
1       990 14.0       2.19e+10     78.90    125.91   -461.85   -756.95      0.00      1
1       991 14.0       7.41e+09     83.71     97.25   2676.18  -5083.93      0.00      1
1       992 14.0       6.61e+09     70.47    358.80   2993.03  -2758.14      0.00      1
1       993 14.0       1.23e+09     79.65     33.39  -2695.12    121.40      0.00      1
1       994 14.0       9.77e+09     79.65    352.47   2313.39  -5540.02      0.00      1
1       995 14.0       9.12e+09     67.01    317.38    293.79  -7548.67      0.00      0
1       996 14.0       7.08e+10     70.91    183.39  -4111.96  -9533.39      0.00      1
1       997 14.0       9.33e+10     87.62     57.02    836.86  -6196.97      0.00      1
1       998 14.0       5.50e+09     80.26    208.61    372.46  -8046.82      0.00      1
1       999 14.0       1.02e+10     81.74    238.54  -1480.72   3980.60      0.00      1
