1    104300 5626.0     9.12e+09     85.90    234.00   2801.14  -3374.44      0.00      1
1    104301 5626.0     7.08e+09     79.11    100.71   -965.95  -4860.38      0.00      1
1    104302 5626.0     3.16e+10     79.36    213.47  -1739.08  -1323.53      0.00      1
1    104303 5626.0     1.35e+10     68.52    161.93    215.23  -7341.07      0.00      0
1    104304 5626.0     2.19e+10     80.79    245.32  -3406.14   1607.41      0.00      1
1    104305 5626.0     1.07e+10     82.52    339.73   1890.68  -7145.08      0.00      1
1    104306 5626.0     2.95e+10     75.68    178.72   3794.80      8.77      0.00      1
1    104307 5626.0     1.45e+09     65.39    325.47  -2214.81   2412.76      0.00      1
1    104308 5626.0     2.19e+09     86.34      9.78  -1153.93  -8048.44      0.00      1
1    104309 5626.0     2.34e+09     81.89    105.99   5838.17    443.18      0.00      1
1    104310 5626.0     4.27e+09     75.47     10.67  -2384.41   -764.87      0.00      1
1    104311 5626.0     4.37e+09     75.63    132.58   4719.81   2685.22      0.00      1
1    104312 5626.0     3.24e+10     87.44    177.64  -3782.96  -7166.18      0.00      1
1    104313 5626.0     4.90e+10     85.39    176.34    980.83   1068.30      0.00      1
1    104314 5626.0     2.69e+09     80.48    207.89  -2267.27  -1677.03      0.00      1
1    104315 5626.0     5.75e+10     68.45    350.04    860.83  -3925.72      0.00      1
1    104316 5626.0     1.55e+10     68.12    202.99   -209.53  -1727.89      0.00      1
1    104317 5626.0     8.91e+09     87.26    354.87   1530.91  -6712.79      0.00      1
1    104318 5626.0     1.58e+10     82.82     41.09   4645.68  -6182.91      0.00      1
1    104319 5626.0     4.90e+10     86.43      8.60   1040.11  -8498.36      0.00      1
1    104320 5626.0     5.01e+09     72.16    305.45   1414.01   2579.12      0.00      1
1    104321 5626.0     2.29e+10     73.50    166.77   5360.67   4313.96      0.00      1
1    104322 5626.0     1.29e+10     68.93      8.85   1262.82  -6489.15      0.00      1
1    104323 5626.0     5.75e+09     67.01    112.34   4179.03  -3280.75      0.00      1
1    104324 5626.0     1.07e+09     80.51    125.29   -125.13  -6382.04      0.00      1
1    104325 5626.0     6.46e+10     73.73    235.79   4655.62  -1856.75      0.00      1
1    104326 5626.0     2.34e+10     81.33     74.07   6263.73  -1257.50      0.00      1
1    104327 5626.0     5.13e+09     85.92    195.34   3322.70   2522.64      0.00      1
1    104328 5626.0     1.78e+09     78.16    291.07   6153.95  -2397.77      0.00      1
1    104329 5626.0     8.71e+09     79.10     45.52  -4372.76  -7404.26      0.00      1
1    104330 5626.0     6.03e+09     80.61    134.23     81.50   2707.93      0.00      1
1    104331 5626.0     9.77e+10     73.09    100.92   3218.97  -4742.34      0.00      1
1    104332 5626.0     1.91e+10     83.01    296.15  -1671.22    678.14      0.00      1
1    104333 5626.0     5.62e+09     67.67    324.91   1613.77   4579.12      0.00      1
1    104334 5626.0     1.29e+09     65.57    151.14  -2122.25   1747.24      0.00      1
1    104335 5626.0     1.12e+09     65.31     64.07   5284.46  -6450.19      0.00      0
1    104336 5626.0     2.14e+10     87.65      2.00  -1125.88  -2521.84      0.00      1
1    104337 5626.0     1.95e+10     86.01    287.96   5489.34 -10008.39      0.00      1
1    104339 5626.0     7.41e+10     69.48     66.42    854.39  -2426.27      0.00      1
1    104340 5626.0     1.70e+10     68.86    169.65  -2291.42   -353.62      0.00      1
1    104341 5626.0     2.75e+09     79.50    133.54  -1974.81   -769.78      0.00      1
1    104342 5626.0     7.59e+09     82.94     98.56  -2388.88   2094.56      0.00      1
1    104343 5626.0     1.78e+10     82.56    297.77   2009.16  -5017.76      0.00      1
1    104344 5626.0     1.55e+09     82.25    197.56   -855.81    721.82      0.00      1
1    104345 5626.0     1.02e+10     72.87     87.66   3603.99    574.16      0.00      1
1    104346 5626.0     2.75e+09     81.06    333.36    624.74  -3191.42      0.00      1
1    104347 5626.0     1.78e+09     73.19     91.70  -2397.57    377.89      0.00      1
1    104348 5626.0     1.35e+10     70.38    208.41   3297.03   1646.77      0.00      1
1    104349 5626.0     1.74e+10     71.71    128.17   6217.90  -3198.25      0.00      0
1    104350 5626.0     1.32e+09     78.14    107.40    527.60  -8767.26      0.00      1
1    104351 5626.0     9.55e+09     70.33    343.86   -350.81   -887.13      0.00      1
1    104352 5626.0     3.24e+09     75.13    332.23   4170.89  -8434.30      0.00      1
1    104353 5626.0     2.82e+10     73.53    134.95  -2726.61   2236.62      0.00      1
1    104354 5626.0     3.89e+09     72.11    333.18  -2239.95  -3335.93      0.00      1
1    104355 5626.0     4.68e+10     82.11    313.30  -3106.38  -5627.23      0.00      1
1    104356 5626.0     3.02e+10     70.87    143.57   1329.67   2522.41      0.00      1
1    104357 5626.0     1.66e+10     75.01    109.38   5769.12  -1944.47      0.00      1
1    104358 5626.0     5.75e+09     83.41    178.62  -3384.45  -6194.05      0.00      1
1    104359 5626.0     5.75e+09     79.88    130.76   5503.39   4576.90      0.00      1
1    104360 5626.0     1.41e+09     82.22    158.96   2682.58  -5521.20      0.00      1
1    104361 5626.0     5.50e+10     72.23    268.01  -1254.37   4283.69      0.00      1
1    104362 5626.0     1.66e+10     70.78    265.84  -1465.15  -2132.29      0.00      1
1    104363 5626.0     1.29e+09     80.42    294.02  -3596.37  -4028.97      0.00      1
1    104364 5626.0     4.57e+10     72.72    351.37  -2961.66  -2772.78      0.00      1
1    104365 5626.0     5.13e+10     66.89     28.54   -404.42  -6948.32      0.00      1
1    104366 5626.0     7.08e+10     79.89    321.30  -1267.05  -8972.89      0.00      1
1    104367 5626.0     5.13e+09     75.10     74.89  -3239.02  -2494.56      0.00      1
1    104368 5626.0     1.91e+10     85.83    332.76  -2445.29  -2524.88      0.00      1
1    104369 5626.0     8.71e+10     70.87     35.57     -3.36   1514.37      0.00      1
1    104370 5626.0     1.66e+09     70.56     89.12   3088.99   -815.01      0.00      1
1    104371 5626.0     2.75e+10     78.79    346.22   2387.40   2453.19      0.00      1
1    104372 5626.0     1.20e+10     68.76    311.11   4694.25  -4824.31      0.00      1
1    104373 5626.0     2.57e+10     83.45    284.77   2896.16  -4723.20      0.00      1
1    104374 5626.0     1.70e+09     78.69    349.13  -2731.62   3961.15      0.00      1
1    104375 5626.0     1.23e+09     75.41    174.13   6347.61  -3257.48      0.00      1
1    104376 5626.0     6.92e+09     73.87    350.53    577.42   1750.62      0.00      1
1    104377 5626.0     7.59e+09     65.04    354.68   1790.29  -7370.30      0.00      1
1    104378 5626.0     2.40e+09     77.86     22.38  -2406.99   3929.14      0.00      1
1    104379 5626.0     1.48e+10     67.33    175.97  -4385.31 -11089.92      0.00      0
1    104380 5626.0     2.69e+10     78.18    180.08   3244.59   3041.39      0.00      1
1    104381 5626.0     1.41e+09     70.21    211.01    636.22  -2295.47      0.00      1
1    104382 5626.0     3.31e+10     78.71    300.97  -2996.94   3005.34      0.00      1
1    104383 5626.0     1.00e+10     70.00     16.75  -3687.71  -5310.44      0.00      1
1    104384 5626.0     2.88e+10     73.48     72.62  -2536.94   4564.81      0.00      1
1    104385 5626.0     5.01e+09     66.00    348.35   -678.34   2023.69      0.00      1
1    104386 5626.0     9.77e+09     80.40     44.64   3120.43   4832.85      0.00      1
1    104387 5626.0     2.82e+09     79.81     36.54   3909.20  -1427.41      0.00      1
1    104388 5626.0     6.76e+10     82.30     19.75  -3543.95  -2751.76      0.00      1
1    104389 5626.0     3.55e+09     66.77    247.74  -3546.92  -9822.82      0.00      0
1    104390 5626.0     8.91e+09     65.81     20.49  -2387.73  -8748.13      0.00      1
1    104391 5626.0     1.41e+10     75.37    284.70  -2273.28  -6487.36      0.00      1
1    104392 5626.0     3.31e+09     71.32    320.90   2771.75   3855.22      0.00      1
1    104393 5626.0     1.23e+10     73.15      9.08   -387.03  -9897.78      0.00      1
1    104394 5626.0     3.80e+09     75.35    252.22   5614.08  -6493.29      0.00      1
1    104395 5626.0     1.86e+09     87.43    277.14   1970.18  -2073.57      0.00      0
1    104396 5626.0     4.07e+09     76.46    195.03   5883.24  -7600.00      0.00      1
1    104397 5626.0     9.33e+09     73.14      0.79   -764.86   -464.74      0.00      1
1    104398 5626.0     6.03e+10     75.79    174.75   4687.71  -2457.86      0.00      1
1    104399 5626.0     2.00e+10     71.37    345.85   1391.19   1927.14      0.00      1
