1       800 14.0       2.24e+10     77.97    139.77   1257.71  -4053.86      0.00      1
1       801 14.0       2.95e+10     87.66    334.25   5414.68  -2888.41      0.00      1
1       802 14.0       2.09e+10     70.88    214.53   1052.39  -5144.71      0.00      0
1       803 14.0       8.32e+10     66.91     91.38   2807.18     64.89      0.00      1
1       804 14.0       7.24e+10     86.75      6.36   3106.95   4346.73      0.00      1
1       805 14.0       6.76e+09     76.08    184.67  -1097.48  -8617.98      0.00      1
1       806 14.0       3.31e+10     84.37     14.38   4225.53  -8404.93      0.00      1
1       807 14.0       3.39e+09     68.60    213.37  -4024.75   3182.96      0.00      1
1       808 14.0       4.68e+09     67.66     28.99  -3617.36 -10017.43      0.00      0
1       809 14.0       7.24e+09     71.22     15.24  -3831.15  -9079.84      0.00      1
1       810 14.0       1.66e+10     80.14     69.30   3883.03    481.19      0.00      1
1       811 14.0       3.80e+10     82.32     33.12    141.84    484.36      0.00      1
1       812 14.0       2.34e+09     73.49    321.07  -3280.93  -7929.71      0.00      1
1       813 14.0       2.04e+10     80.63    206.14   5774.32  -7896.82      0.00      1
1       814 14.0       1.74e+09     76.74    222.40  -1908.65   3512.00      0.00      1
1       815 14.0       2.24e+10     72.27    232.75   6093.20   4390.75      0.00      0
1       816 14.0       3.16e+09     70.63    169.61   1339.04   -498.60      0.00      1
1       817 14.0       1.07e+10     84.21     28.86  -1468.35  -1179.22      0.00      1
1       818 14.0       2.63e+10     80.10    222.30   5382.61  -9984.66      0.00      1
1       819 14.0       1.07e+10     68.39    108.69   3796.11   2171.68      0.00      1
1       820 14.0       7.08e+10     83.44    257.17   1180.02  -2398.09      0.00      1
1       821 14.0       8.32e+10     76.66     88.25  -1892.04   -372.90      0.00      1
1       822 14.0       7.08e+10     80.36    304.69  -1776.93  -7820.10      0.00      1
1       823 14.0       4.17e+10     85.57    256.57  -1399.82   1037.82      0.00      1
1       824 14.0       1.05e+09     66.50     75.57   -446.91   -845.20      0.00      1
1       825 14.0       3.39e+09     78.86      7.21    632.46   2364.82      0.00      1
1       826 14.0       6.03e+09     80.76    135.23  -2229.20  -9173.35      0.00      1
1       827 14.0       2.69e+09     82.11    153.15   6237.27  -1962.64      0.00      1
1       828 14.0       2.09e+09     72.37    142.66   2344.28   3687.40      0.00      1
1       829 14.0       5.89e+09     78.79    249.30    -54.30  -6832.98      0.00      1
1       830 14.0       2.95e+09     72.89    335.53   1143.99  -8206.29      0.00      1
1       831 14.0       7.24e+09     72.00     25.52  -2012.42  -8519.07      0.00      1
1       832 14.0       3.63e+10     84.74    301.52  -4077.96  -3990.69      0.00      1
1       833 14.0       5.62e+10     66.65     28.20   3091.04   2863.24      0.00      1
1       834 14.0       2.95e+09     65.96    194.47   3827.11  -7946.31      0.00      0
1       836 14.0       3.55e+10     83.68    100.06   1725.30  -2706.95      0.00      1
1       837 14.0       1.05e+10     69.77      7.55   -754.04   2933.54      0.00      1
1       838 14.0       6.17e+10     67.43    281.69  -2175.24  -7596.92      0.00      0
1       839 14.0       2.45e+10     77.36    155.47    -19.26  -4948.36      0.00      1
1       840 14.0       8.51e+09     83.22    225.56   -881.24  -6931.92      0.00      1
1       841 14.0       1.41e+09     85.49    288.04   5119.62    -60.71      0.00      1
1       842 14.0       8.51e+09     78.71     62.28   -218.49  -2418.27      0.00      1
1       843 14.0       1.91e+10     75.31    191.31  -3912.07  -2762.37      0.00      1
1       844 14.0       3.80e+09     68.52     41.96   4152.08    538.07      0.00      1
1       845 14.0       2.09e+10     87.24    278.40   -814.33   2043.22      0.00      1
1       846 14.0       9.77e+10     82.05    319.23   2048.23 -11230.31      0.00      1
1       847 14.0       2.51e+10     65.30    317.75  -3809.74 -10881.80      0.00      0
1       848 14.0       7.94e+10     69.61    143.59   -332.38  -3429.90      0.00      1
1       849 14.0       1.07e+10     72.21     90.73    350.80   3839.72      0.00      1
1       850 14.0       6.03e+09     81.22     59.19   5961.53   2503.03      0.00      1
1       851 14.0       6.31e+10     72.22    267.09   -870.52  -5892.35      0.00      1
1       852 14.0       1.55e+10     76.70    277.09   4052.95  -2236.19      0.00      1
1       853 14.0       1.32e+09     67.07    158.18   -507.71  -2550.80      0.00      1
1       854 14.0       4.57e+10     72.02    184.89  -1760.16  -3685.22      0.00      1
1       855 14.0       4.17e+09     78.14    244.10  -2179.35   5066.39      0.00      1
1       856 14.0       1.86e+10     87.99    184.65   3266.80  -6182.10      0.00      1
1       857 14.0       2.09e+10     79.22    290.30   2888.46  -8805.82      0.00      1
1       858 14.0       3.80e+09     80.59    337.10  -2790.13  -1805.20      0.00      1
1       859 14.0       4.57e+09     66.25    216.24  -3109.49    540.13      0.00      1
1       860 14.0       7.94e+10     78.00    129.92   5244.90  -1190.58      0.00      1
1       861 14.0       1.12e+10     65.24    160.65   -874.69  -7482.78      0.00      1
1       862 14.0       1.78e+10     87.53    173.06   6305.20   2525.96      0.00      1
1       863 14.0       3.24e+10     71.18    354.90   4030.07  -4949.52      0.00      1
1       864 14.0       2.34e+09     82.26    110.75   3472.59  -5822.08      0.00      1
1       865 14.0       9.12e+09     86.73     97.31   3378.04   -343.75      0.00      1
1       866 14.0       1.45e+09     77.01    299.85   1008.82   4809.47      0.00      1
1       867 14.0       1.38e+10     86.58    234.59   4605.27  -4980.27      0.00      1
1       868 14.0       7.94e+09     84.18    353.59   4842.98 -11150.73      0.00      1
1       869 14.0       9.12e+10     80.21     63.83   6011.24  -1693.64      0.00      1
1       870 14.0       3.80e+09     74.10    205.24   2001.70   4823.50      0.00      1
1       871 14.0       1.55e+09     78.09    175.55   2946.33 -10424.99      0.00      1
1       872 14.0       2.04e+10     81.58    151.84   -900.53   1066.35      0.00      1
1       873 14.0       3.02e+09     77.30    196.60   1197.88   2302.05      0.00      1
1       874 14.0       2.51e+09     75.38    352.21   6231.52  -8018.40      0.00      1
1       875 14.0       8.51e+10     78.38    153.03   -879.82  -9550.59      0.00      1
1       876 14.0       9.33e+09     84.67    353.48   2449.36  -1650.51      0.00      1
1       877 14.0       1.07e+09     85.88     69.38   6246.72  -4826.64      0.00      1
1       878 14.0       5.62e+10     82.20    217.10  -3581.66  -7004.56      0.00      1
1       879 14.0       1.91e+09     85.60    355.61  -2993.75  -5885.91      0.00      1
1       880 14.0       2.75e+10     81.38     76.31   6192.42  -1210.65      0.00      1
1       881 14.0       6.76e+10     66.49    278.94  -2515.39  -7268.03      0.00      0
1       882 14.0       5.89e+09     81.44    209.73   -187.73  -7023.65      0.00      1
1       883 14.0       8.71e+10     83.87    173.30   4932.74  -9167.23      0.00      1
1       884 14.0       2.69e+10     80.73    324.95    -98.70   3657.57      0.00      1
1       885 14.0       1.95e+09     65.87    165.78  -2188.86  -2724.65      0.00      0
1       886 14.0       2.00e+09     79.60    290.84   5428.76  -5511.00      0.00      1
1       887 14.0       2.29e+09     73.49    262.46   5449.52  -4251.19      0.00      1
1       888 14.0       1.55e+09     72.73    264.28   2080.70  -2445.19      0.00      1
1       889 14.0       1.00e+09     78.46    177.16   1485.81   -388.67      0.00      1
1       890 14.0       1.62e+09     84.84     47.19  -1210.01  -2491.74      0.00      1
1       891 14.0       1.12e+09     73.86    328.72   -355.34 -10318.80      0.00      1
1       892 14.0       1.70e+10     82.52    331.67   2371.04 -10697.84      0.00      1
1       893 14.0       3.72e+09     87.37     52.29  -2743.69   2660.01      0.00      1
1       894 14.0       9.12e+09     69.86    282.94   1730.71   4210.77      0.00      1
1       896 14.0       7.76e+10     73.04     97.86   1095.34  -7776.08      0.00      1
1       897 14.0       6.61e+10     73.33    145.83   5239.55  -8698.62      0.00      1
1       898 14.0       1.82e+09     80.14    110.86  -1256.21  -3153.15      0.00      1
1       899 14.0       6.92e+09     70.66    277.17   6158.74   -862.02      0.00      1
