1    102300 5626.0     3.16e+10     73.98    188.63  -2613.66   -718.88      0.00      1
1    102301 5626.0     1.91e+09     82.22    124.58   3255.51  -9565.30      0.00      1
1    102302 5626.0     5.25e+10     73.57    329.96   2746.56  -9859.14      0.00      1
1    102303 5626.0     1.10e+10     71.49    323.22  -2786.85  -3345.24      0.00      1
1    102304 5626.0     2.57e+09     76.93    278.74  -1773.96  -3711.31      0.00      1
1    102305 5626.0     1.70e+10     78.52    130.20   5003.10    465.73      0.00      1
1    102306 5626.0     9.55e+09     79.58     85.45  -3435.50   1346.72      0.00      1
1    102307 5626.0     1.12e+09     85.62    133.15   1770.57  -7982.01      0.00      0
1    102308 5626.0     1.38e+10     67.26    162.26    158.93   1463.66      0.00      1
1    102309 5626.0     3.47e+09     81.79     24.38  -1333.63   3332.18      0.00      1
1    102310 5626.0     5.62e+10     83.20     97.20   1055.91  -1695.42      0.00      1
1    102311 5626.0     1.02e+09     78.58    180.33    826.16  -2426.44      0.00      1
1    102312 5626.0     8.32e+09     76.94    283.01  -3254.61 -10474.92      0.00      1
1    102313 5626.0     3.89e+10     70.31     82.19  -1171.73   1025.06      0.00      1
1    102314 5626.0     1.45e+10     84.56    161.86   3729.95  -3357.42      0.00      1
1    102315 5626.0     5.37e+10     83.00    146.86    245.81   -223.42      0.00      1
1    102316 5626.0     1.12e+10     73.90    161.82   6113.71  -4834.81      0.00      1
1    102317 5626.0     3.16e+10     83.86    217.39  -1656.95  -1694.84      0.00      1
1    102318 5626.0     2.51e+09     70.07    245.01  -3295.18  -3697.41      0.00      1
1    102319 5626.0     7.08e+09     84.42    339.21   5806.00   4064.20      0.00      1
1    102320 5626.0     2.75e+10     78.61    311.12  -3831.19  -1379.81      0.00      1
1    102321 5626.0     9.33e+09     77.67     71.24   -418.44    203.65      0.00      1
1    102322 5626.0     2.95e+09     76.51    169.78   -135.38  -3164.88      0.00      1
1    102323 5626.0     5.25e+10     83.30     54.99  -2581.65   2465.49      0.00      1
1    102324 5626.0     5.89e+09     76.13     38.44   5734.26  -3365.33      0.00      1
1    102325 5626.0     1.78e+10     81.52     51.05  -3366.52   3598.80      0.00      1
1    102326 5626.0     8.32e+09     85.27    104.32  -4386.31  -6976.80      0.00      1
1    102327 5626.0     9.55e+10     80.39     92.63  -3276.42  -3608.53      0.00      1
1    102328 5626.0     1.32e+10     71.71    326.93  -2345.57   4913.67      0.00      1
1    102329 5626.0     3.80e+09     83.54    175.21  -2387.43  -2289.83      0.00      1
1    102330 5626.0     4.57e+09     66.45     54.31  -2096.50  -5709.00      0.00      0
1    102331 5626.0     2.00e+10     73.85    166.24   -560.41   2335.39      0.00      1
1    102332 5626.0     1.38e+09     66.22    325.94  -1826.89  -1346.38      0.00      1
1    102333 5626.0     4.47e+09     85.92     65.36   4646.94   -831.85      0.00      1
1    102334 5626.0     3.72e+10     69.60     56.83    502.13  -5080.51      0.00      0
1    102335 5626.0     2.75e+10     74.95      9.98   -756.78    876.74      0.00      1
1    102336 5626.0     2.19e+10     65.86     25.19   3462.37  -7387.19      0.00      0
1    102337 5626.0     7.94e+09     83.72    296.22   4161.98    701.76      0.00      1
1    102338 5626.0     1.35e+10     71.83    132.62   5341.16    492.18      0.00      1
1    102339 5626.0     2.45e+10     68.26    357.79     54.23     48.56      0.00      1
1    102340 5626.0     2.24e+10     76.45    165.95  -1315.20   1950.71      0.00      1
1    102341 5626.0     4.07e+09     73.94    327.14   5905.73   2838.85      0.00      1
1    102342 5626.0     4.79e+09     79.20    167.39   5495.96  -9112.06      0.00      1
1    102343 5626.0     1.74e+09     65.98     86.77   4216.57  -1421.78      0.00      0
1    102344 5626.0     1.66e+10     80.59    273.36   5186.35   4549.33      0.00      1
1    102345 5626.0     7.94e+10     78.14     77.82     54.19  -7069.13      0.00      1
1    102346 5626.0     2.51e+10     68.89    277.16   2979.12  -9468.34      0.00      0
1    102347 5626.0     1.82e+09     85.28    115.09    712.70  -9199.67      0.00      1
1    102348 5626.0     3.80e+10     66.55    264.61   -641.65   -854.61      0.00      1
1    102349 5626.0     2.14e+10     71.23    318.03  -4127.66  -9944.66      0.00      0
1    102350 5626.0     2.63e+09     65.10    353.89    747.58   1002.76      0.00      1
1    102351 5626.0     7.24e+10     70.94     93.14   6243.19   -145.72      0.00      1
1    102352 5626.0     2.09e+10     71.87    257.40   5852.78   2368.23      0.00      0
1    102353 5626.0     1.58e+09     79.37    120.82   5160.70   4184.14      0.00      1
1    102354 5626.0     5.37e+09     67.05    328.45  -1730.48  -1576.48      0.00      1
1    102355 5626.0     6.17e+09     83.31     35.12   -643.91   5046.72      0.00      1
1    102356 5626.0     4.37e+10     67.33    254.21   2212.97  -7107.13      0.00      0
1    102357 5626.0     2.63e+09     67.54    303.52   3916.32 -10188.89      0.00      0
1    102358 5626.0     1.74e+09     83.24     47.31   -172.72  -1407.08      0.00      1
1    102359 5626.0     5.13e+10     77.56     70.55   3426.43   1892.94      0.00      1
1    102360 5626.0     2.95e+10     81.47     41.56  -3238.30  -6403.36      0.00      1
1    102361 5626.0     3.39e+10     87.55    189.14   5579.52   -942.47      0.00      1
1    102362 5626.0     5.01e+09     73.75    237.52  -1161.25   -721.97      0.00      1
1    102363 5626.0     3.09e+09     76.87     92.06   5467.94  -6590.20      0.00      1
1    102364 5626.0     2.14e+09     85.05    215.71  -1658.29  -3900.52      0.00      1
1    102365 5626.0     1.95e+09     86.56     96.56  -4227.62   4733.07      0.00      1
1    102366 5626.0     7.76e+09     87.05    299.83  -2686.32  -9981.85      0.00      1
1    102367 5626.0     4.47e+09     83.11    248.23    965.62    489.66      0.00      1
1    102368 5626.0     3.16e+09     68.12    293.17    301.20  -2949.13      0.00      1
1    102369 5626.0     3.63e+09     66.07     39.35  -3640.55  -1616.71      0.00      1
1    102370 5626.0     6.03e+10     77.29     50.74     47.26  -3002.18      0.00      1
1    102371 5626.0     4.37e+09     71.94    282.54    988.84  -7635.73      0.00      1
1    102372 5626.0     5.37e+10     74.51    330.64   4038.91  -8498.03      0.00      1
1    102373 5626.0     5.62e+09     68.91     91.24   4610.66  -7134.44      0.00      1
1    102374 5626.0     2.88e+09     65.88    291.20    250.26 -10096.91      0.00      1
1    102375 5626.0     1.17e+09     71.13    225.37   2896.74  -4834.76      0.00      1
1    102376 5626.0     8.91e+10     77.69      1.14   1898.35 -10051.03      0.00      1
1    102377 5626.0     1.15e+10     77.26    254.99   2174.35  -4874.94      0.00      1
1    102378 5626.0     7.41e+09     84.01      1.00   1621.05  -4199.88      0.00      1
1    102379 5626.0     2.69e+10     80.77     81.57   -150.47  -9078.84      0.00      1
1    102380 5626.0     2.40e+10     78.83     64.64  -1374.69    501.43      0.00      1
1    102381 5626.0     1.41e+10     84.25    129.47   4722.28   -282.59      0.00      1
1    102382 5626.0     2.95e+10     67.57    223.48   -889.35  -2893.03      0.00      1
1    102383 5626.0     1.17e+09     67.02    251.61   -290.33  -8261.15      0.00      1
1    102384 5626.0     6.17e+09     72.18    254.88   3293.85   3886.27      0.00      1
1    102385 5626.0     1.07e+09     84.53    214.85   3722.08  -2501.96      0.00      1
1    102386 5626.0     3.47e+09     71.20    198.19   4589.36    -65.27      0.00      1
1    102387 5626.0     4.68e+10     83.62      0.16   2043.53  -1338.43      0.00      1
1    102388 5626.0     8.13e+09     83.99    299.77   -321.24  -4479.04      0.00      1
1    102389 5626.0     1.86e+10     69.15     40.50   1762.79   1155.77      0.00      1
1    102390 5626.0     9.33e+10     75.56    110.73  -2932.91  -7693.11      0.00      1
1    102391 5626.0     6.46e+10     78.90    101.06   4278.08   2161.82      0.00      1
1    102392 5626.0     1.55e+10     87.25     32.65  -2674.85   3806.45      0.00      1
1    102393 5626.0     8.32e+10     86.87     82.16   2721.84  -2662.19      0.00      1
1    102394 5626.0     7.94e+09     67.97     59.07   3827.64  -1265.07      0.00      1
1    102395 5626.0     1.51e+10     72.77     84.33   4179.45   3739.91      0.00      1
1    102396 5626.0     8.71e+09     86.03    177.82  -2776.96  -5996.83      0.00      1
1    102397 5626.0     4.79e+10     69.75    272.03   1555.95  -2735.63      0.00      1
1    102398 5626.0     1.82e+09     87.11    342.04  -1165.71   3578.93      0.00      0
1    102399 5626.0     4.90e+09     76.47     70.18   4922.06  -9196.67      0.00      1
