1    105300 5626.0     1.15e+08     83.11    279.83  -2054.77  -9794.78      0.00      0
1    105301 5626.0     1.51e+08     65.08    318.72  -1466.02  -4378.53      0.00      0
1    105302 5626.0     1.07e+08     66.66    274.12   3336.48   1337.51      0.00      0
1    105303 5626.0     2.95e+08     85.44    240.36   3285.28  -6243.78      0.00      0
1    105304 5626.0     2.19e+08     80.92    123.05  -4364.15  -5138.92      0.00      0
1    105306 5626.0     4.17e+08     71.51     93.01  -3149.05  -8227.34      0.00      1
1    105307 5626.0     4.37e+08     85.24    126.30   4412.75  -4529.95      0.00      0
1    105308 5626.0     2.04e+08     71.10     60.54  -2716.69  -8764.90      0.00      0
1    105309 5626.0     5.37e+08     74.28    208.72  -1775.05  -7976.84      0.00      1
1    105310 5626.0     2.29e+08     76.64    342.92   5901.58  -9249.93      0.00      0
1    105311 5626.0     6.46e+08     81.17    136.65    481.95  -8094.53      0.00      1
1    105312 5626.0     1.29e+08     83.09    282.02   6279.65  -6919.45      0.00      0
1    105313 5626.0     3.98e+08     84.23     62.99  -1066.81   2665.49      0.00      0
1    105314 5626.0     1.91e+08     65.96     40.77   5490.07  -5864.34      0.00      0
1    105315 5626.0     8.51e+08     84.12    169.45  -2643.05    634.76      0.00      1
1    105316 5626.0     9.55e+08     85.33    135.64   1380.93  -4989.65      0.00      0
1    105317 5626.0     2.29e+08     85.53    313.37   5799.16  -8863.07      0.00      0
1    105318 5626.0     4.79e+08     84.82    264.79  -3729.07   3993.94      0.00      0
1    105319 5626.0     1.70e+08     76.84    210.18   2636.21    774.07      0.00      0
1    105320 5626.0     1.20e+08     75.70    204.05   2495.70   4063.97      0.00      0
1    105321 5626.0     4.37e+08     79.18    250.56   -172.05   -422.80      0.00      1
1    105322 5626.0     6.31e+08     87.59     92.55   1686.60  -1379.31      0.00      0
1    105323 5626.0     9.77e+08     77.94      2.30   1863.97  -7478.88      0.00      1
1    105324 5626.0     3.16e+08     70.05    240.90   -984.42   1783.88      0.00      1
1    105325 5626.0     6.61e+08     79.24     24.85  -2443.47  -9712.07      0.00      1
1    105326 5626.0     4.47e+08     68.79     42.94   2684.76  -5995.05      0.00      0
1    105327 5626.0     1.62e+08     69.47    110.77  -3714.68  -6544.17      0.00      0
1    105328 5626.0     7.08e+08     82.08    142.29   4535.58  -7106.08      0.00      1
1    105329 5626.0     2.00e+08     67.27    107.33  -3406.41   1256.33      0.00      0
1    105330 5626.0     9.55e+08     85.51     47.11  -3565.61  -3485.01      0.00      0
1    105331 5626.0     1.02e+08     73.32    321.33   -433.62 -10694.66      0.00      0
1    105332 5626.0     1.35e+08     73.16     88.55  -3864.08  -3759.86      0.00      0
1    105333 5626.0     6.17e+08     67.03    322.59  -1827.81  -9509.69      0.00      1
1    105334 5626.0     1.23e+08     66.13     57.03   2949.76  -2633.02      0.00      0
1    105335 5626.0     4.17e+08     86.36    311.97   2543.96   5103.20      0.00      0
1    105336 5626.0     5.75e+08     69.10    349.53  -2115.11   4719.58      0.00      1
1    105337 5626.0     7.08e+08     84.39     59.22  -2431.85  -1692.77      0.00      0
1    105338 5626.0     4.17e+08     79.76     21.92   1212.16  -4847.40      0.00      1
1    105339 5626.0     1.17e+08     74.88      8.63   1664.80    883.45      0.00      0
1    105340 5626.0     7.24e+08     66.61    341.91   2854.03  -7557.15      0.00      0
1    105341 5626.0     3.24e+08     86.01    108.67   5633.22   4787.52      0.00      0
1    105342 5626.0     2.19e+08     66.03    200.31   5174.61    956.02      0.00      0
1    105343 5626.0     1.15e+08     76.25    176.22    702.38   5111.28      0.00      0
1    105344 5626.0     6.92e+08     86.67    256.92  -3119.07   2453.20      0.00      0
1    105345 5626.0     5.01e+08     87.39    230.49   5746.86  -7180.89      0.00      0
1    105346 5626.0     9.33e+08     71.55     97.82   4109.51   3733.12      0.00      1
1    105347 5626.0     8.51e+08     87.29    215.93    164.44  -4628.23      0.00      0
1    105348 5626.0     1.05e+08     82.34    134.43   1862.04  -9224.26      0.00      0
1    105349 5626.0     4.90e+08     80.00    310.67   3506.42   1990.00      0.00      1
1    105350 5626.0     1.55e+08     75.00    138.29   1468.88    392.13      0.00      0
1    105351 5626.0     1.02e+08     73.79     96.09  -3186.30   -949.50      0.00      0
1    105352 5626.0     5.89e+08     66.23     87.07  -2302.74  -9538.49      0.00      0
1    105353 5626.0     2.57e+08     71.55    182.34  -4207.24 -10069.07      0.00      0
1    105354 5626.0     4.07e+08     67.83    318.89    707.06 -10307.11      0.00      0
1    105355 5626.0     5.25e+08     65.33     29.07  -2956.34   4365.19      0.00      0
1    105356 5626.0     1.26e+08     77.02    339.01   3662.45  -6476.39      0.00      0
1    105357 5626.0     8.13e+08     71.28     58.74   4384.01   3163.58      0.00      1
1    105358 5626.0     3.02e+08     66.95    103.21  -2952.36  -6358.91      0.00      0
1    105359 5626.0     2.24e+08     79.86    180.44   2534.34   -545.35      0.00      0
1    105360 5626.0     6.92e+08     68.55     12.85   -210.48   3838.01      0.00      1
1    105361 5626.0     4.17e+08     68.44    108.44  -2866.88   1589.88      0.00      0
1    105362 5626.0     5.89e+08     85.01    134.79   3500.92   -663.42      0.00      0
1    105363 5626.0     6.76e+08     84.72     98.38   6354.91  -5348.36      0.00      0
1    105364 5626.0     1.15e+08     78.28    147.22   3502.53  -2407.28      0.00      0
1    105365 5626.0     5.62e+08     74.21     18.27   4002.01  -4706.41      0.00      1
1    105366 5626.0     1.02e+08     84.05    279.00   -163.61   5096.91      0.00      0
1    105367 5626.0     1.26e+08     74.57    156.16   3188.43  -4395.15      0.00      0
1    105368 5626.0     7.59e+08     80.19    244.42  -3721.86  -2028.38      0.00      1
1    105369 5626.0     5.13e+08     70.02      7.47  -1063.65  -4596.24      0.00      1
1    105370 5626.0     3.80e+08     73.88    204.83   2475.24  -4723.62      0.00      1
1    105371 5626.0     6.92e+08     78.02    184.40  -2177.49  -3489.28      0.00      1
1    105372 5626.0     5.89e+08     75.47     87.42   1055.75  -5169.16      0.00      1
1    105373 5626.0     5.13e+08     68.53    345.85  -4038.56   1985.77      0.00      0
1    105374 5626.0     6.92e+08     75.02     42.95   5236.96    -22.64      0.00      1
1    105375 5626.0     1.86e+08     77.69    256.79    738.32  -4040.12      0.00      0
1    105376 5626.0     5.62e+08     68.20    325.47   5497.13    114.68      0.00      0
1    105377 5626.0     1.02e+08     74.44    248.72  -2479.90 -10926.54      0.00      0
1    105378 5626.0     2.69e+08     85.69    102.93   5166.38 -10683.50      0.00      0
1    105379 5626.0     3.55e+08     75.09    154.77   4476.01   2739.46      0.00      1
1    105380 5626.0     8.13e+08     71.33    118.76   -766.95 -10930.64      0.00      1
1    105381 5626.0     6.17e+08     69.05    103.49    419.71  -7037.73      0.00      1
1    105382 5626.0     9.12e+08     71.26    168.12   1518.89  -9658.51      0.00      1
1    105383 5626.0     8.51e+08     66.57     46.28  -3891.48  -3703.07      0.00      0
1    105384 5626.0     1.95e+08     77.47    147.70  -1055.15  -5840.55      0.00      0
1    105385 5626.0     2.45e+08     85.64     22.91  -3490.49  -9048.06      0.00      0
1    105386 5626.0     4.37e+08     70.45    235.94   5315.35   -425.28      0.00      1
1    105387 5626.0     3.09e+08     87.06    264.81   2919.19   1523.95      0.00      0
1    105388 5626.0     2.19e+08     77.20    179.48   6425.96  -9346.98      0.00      0
1    105389 5626.0     8.71e+08     65.24    334.30  -1852.66 -11104.18      0.00      0
1    105390 5626.0     1.29e+08     78.01    202.41   -436.85  -7484.14      0.00      0
1    105391 5626.0     1.45e+08     75.90    269.23   5498.73  -4283.69      0.00      0
1    105392 5626.0     1.45e+08     81.65     27.77   1965.05   4278.08      0.00      0
1    105393 5626.0     2.09e+08     65.34    315.58  -2467.45  -9644.23      0.00      0
1    105394 5626.0     3.24e+08     66.66    166.52   3394.29   -929.53      0.00      0
1    105395 5626.0     6.03e+08     83.05    338.76   1761.49 -10588.26      0.00      1
1    105396 5626.0     1.58e+08     71.00    297.00   6105.77  -2321.26      0.00      0
1    105397 5626.0     7.08e+08     76.42    187.27   3487.61  -8850.56      0.00      1
1    105398 5626.0     7.59e+08     87.94     46.67   4340.17  -7558.18      0.00      0
1    105399 5626.0     1.51e+08     80.10    340.34  -1159.84  -4153.19      0.00      0
