1      1100 14.0       8.13e+10     81.41     81.47   5201.90   5011.36      0.00      1
1      1101 14.0       1.58e+10     77.11    177.83  -1288.77  -6621.78      0.00      1
1      1102 14.0       1.38e+09     73.50    114.32  -3628.15  -4589.74      0.00      1
1      1103 14.0       3.09e+10     72.86    169.91  -1498.87   4668.96      0.00      1
1      1104 14.0       2.69e+10     65.04    332.25    -69.80  -9366.62      0.00      0
1      1105 14.0       7.59e+10     66.49    266.65   -104.01  -4000.84      0.00      0
1      1106 14.0       9.77e+09     81.44    305.87  -2921.87   3007.25      0.00      1
1      1107 14.0       1.32e+09     66.66    150.03  -1989.45  -9954.55      0.00      0
1      1108 14.0       9.12e+09     70.04     14.50   2861.94    146.14      0.00      1
1      1109 14.0       1.91e+09     83.38     18.33  -3416.21  -4354.92      0.00      1
1      1110 14.0       2.29e+09     82.38    349.20   -575.87   2438.73      0.00      1
1      1111 14.0       1.62e+10     84.82    241.85   4502.02  -1296.10      0.00      1
1      1112 14.0       3.55e+09     80.14    316.24    336.00  -1868.17      0.00      1
1      1113 14.0       2.14e+10     68.98    201.69    415.34   4749.47      0.00      0
1      1114 14.0       9.33e+10     79.86    240.52  -2532.28  -5318.03      0.00      1
1      1115 14.0       1.20e+10     80.46     31.86   -545.75   1698.56      0.00      1
1      1116 14.0       3.09e+10     80.06    151.34   5168.66   2962.66      0.00      1
1      1117 14.0       4.79e+10     77.45    303.74   4890.64  -4449.28      0.00      1
1      1118 14.0       3.47e+09     78.06    223.68   6045.15   2669.60      0.00      1
1      1119 14.0       6.92e+10     85.96    231.93   5379.97  -9780.26      0.00      1
1      1120 14.0       1.66e+09     73.60      8.06  -1575.43  -5199.22      0.00      1
1      1121 14.0       2.14e+09     83.62     31.81   4579.73   -999.06      0.00      1
1      1122 14.0       1.51e+09     85.90    197.64   4267.71  -4712.53      0.00      1
1      1123 14.0       1.32e+10     78.50    299.83  -1214.65  -8989.33      0.00      1
1      1124 14.0       2.69e+09     76.66     26.85   1914.78   4032.91      0.00      1
1      1125 14.0       9.33e+09     87.56     77.01  -1333.99   1710.18      0.00      1
1      1126 14.0       2.57e+09     65.60    343.41   3199.07  -2923.29      0.00      1
1      1127 14.0       3.80e+09     79.19    116.77   5136.00  -1698.71      0.00      1
1      1128 14.0       3.72e+09     74.44    273.24  -4109.60  -6347.44      0.00      1
1      1129 14.0       3.02e+10     67.58     59.42  -3904.07  -2031.24      0.00      1
1      1130 14.0       4.27e+10     76.18    342.51   -735.20   3620.82      0.00      1
1      1131 14.0       9.12e+09     68.53    109.07   1295.08   2723.62      0.00      1
1      1132 14.0       1.70e+09     87.21    241.79   1567.78   1941.88      0.00      0
1      1133 14.0       5.50e+09     67.03    121.78   6285.38 -10023.78      0.00      0
1      1134 14.0       1.74e+09     87.29    108.63    954.84  -9677.28      0.00      0
1      1135 14.0       1.62e+10     82.51    195.95  -3280.33 -10273.82      0.00      1
1      1136 14.0       3.24e+10     67.45    204.13   5675.15  -2358.35      0.00      0
1      1137 14.0       3.55e+10     75.05    130.63   1437.91 -10847.78      0.00      1
1      1138 14.0       2.09e+09     81.24    326.37  -1843.56  -6850.10      0.00      1
1      1139 14.0       3.31e+09     85.22    305.37   4496.01  -9727.48      0.00      1
1      1140 14.0       7.76e+09     72.35    164.49    469.61   -289.47      0.00      1
1      1141 14.0       7.76e+09     67.85     73.58  -1234.68    -50.04      0.00      1
1      1142 14.0       1.82e+09     69.73     26.63   4676.71  -6216.46      0.00      1
1      1143 14.0       5.25e+10     87.38    100.82   -510.90   1592.49      0.00      1
1      1144 14.0       1.35e+10     65.37     94.07   2442.55  -9778.41      0.00      0
1      1145 14.0       3.16e+10     67.73     16.61  -1634.82   1001.02      0.00      1
1      1146 14.0       1.07e+09     67.38    324.47   -419.61  -1327.00      0.00      1
1      1147 14.0       4.90e+10     68.94    136.00   4152.01  -9923.59      0.00      0
1      1148 14.0       6.92e+09     69.28     10.67  -3217.25  -3875.68      0.00      1
1      1149 14.0       3.31e+10     70.89    215.69    935.30  -9726.05      0.00      1
1      1150 14.0       1.91e+09     69.76    128.47   3529.45  -1021.93      0.00      1
1      1151 14.0       1.91e+10     68.66    286.14   3684.21  -6188.55      0.00      1
1      1152 14.0       4.07e+10     68.86    156.36  -3578.94   5077.88      0.00      0
1      1153 14.0       1.48e+09     71.46     45.35   4820.53  -7523.23      0.00      1
1      1154 14.0       2.75e+10     74.61    131.12   3307.78   -167.13      0.00      1
1      1155 14.0       4.17e+09     70.73    323.66  -3997.53   -488.67      0.00      1
1      1156 14.0       7.94e+10     86.37    107.33   5425.54   4498.25      0.00      1
1      1157 14.0       1.32e+09     73.97     88.81   3865.91  -3160.21      0.00      1
1      1158 14.0       3.24e+10     86.49    334.93   6313.74  -3961.77      0.00      1
1      1159 14.0       1.66e+09     78.10    262.21   2476.17  -9840.34      0.00      1
1      1160 14.0       1.48e+10     71.32    263.92   1699.73  -4223.45      0.00      1
1      1161 14.0       1.91e+09     69.22    313.97  -3678.74  -2302.83      0.00      0
1      1162 14.0       5.37e+10     84.08    302.69  -2076.40   4677.88      0.00      1
1      1163 14.0       1.51e+10     75.21    306.47   4016.46  -5474.69      0.00      1
1      1164 14.0       2.29e+10     70.40    184.45   1030.48   2977.15      0.00      1
1      1165 14.0       1.70e+10     79.47    300.55  -3018.54  -5589.21      0.00      1
1      1166 14.0       2.40e+10     66.78    309.94   5520.00   -808.39      0.00      0
1      1167 14.0       1.95e+09     66.60    203.96   1446.99  -2584.38      0.00      1
1      1168 14.0       2.82e+09     78.72    273.57   2367.74  -9258.10      0.00      1
1      1169 14.0       1.35e+09     83.33    301.11  -4274.64   4590.18      0.00      1
1      1170 14.0       2.88e+10     67.16    282.43   4835.60   -427.04      0.00      0
1      1171 14.0       5.89e+09     69.89    252.94  -1687.63  -3035.85      0.00      1
1      1172 14.0       1.91e+10     80.44      9.21  -1282.68  -3392.34      0.00      1
1      1173 14.0       8.32e+09     75.13    188.56  -3838.65  -8898.34      0.00      1
1      1174 14.0       6.61e+09     67.53     55.98   -213.86   4150.45      0.00      1
1      1175 14.0       3.89e+09     73.28    200.88  -1909.83  -2159.60      0.00      1
1      1176 14.0       4.07e+09     86.18    209.93   5747.74    457.81      0.00      1
1      1177 14.0       6.31e+09     79.34    160.61   3312.49   2701.74      0.00      1
1      1178 14.0       1.95e+09     83.45     20.90   5908.57 -10989.51      0.00      1
1      1179 14.0       2.88e+09     71.44     90.73   3777.27   -672.94      0.00      1
1      1180 14.0       3.31e+09     70.80    189.79  -3278.56   2116.64      0.00      1
1      1181 14.0       1.12e+09     87.58    227.13  -4168.90   5040.47      0.00      0
1      1182 14.0       1.32e+10     82.89     31.63   6172.02  -9715.19      0.00      1
1      1183 14.0       1.91e+10     87.07     58.90  -2440.66  -6920.69      0.00      1
1      1184 14.0       3.31e+10     69.44    325.08    118.43  -2903.77      0.00      1
1      1185 14.0       1.32e+09     79.29     28.83  -2190.80    894.92      0.00      1
1      1186 14.0       6.31e+10     79.91    330.14   -326.35  -7554.56      0.00      1
1      1187 14.0       2.57e+09     82.83    162.09   5552.11  -2360.98      0.00      1
1      1188 14.0       3.31e+10     82.00    281.89    873.68  -6327.40      0.00      1
1      1189 14.0       6.92e+09     77.77    258.66   6487.75   3043.47      0.00      1
1      1190 14.0       9.33e+09     71.00    192.37   5109.38   3096.05      0.00      1
1      1191 14.0       1.55e+10     80.83    234.65    108.57  -6451.33      0.00      1
1      1192 14.0       4.57e+09     87.42    111.05  -1229.24   4353.97      0.00      1
1      1193 14.0       2.69e+10     71.40    305.45    640.25 -11146.01      0.00      1
1      1194 14.0       1.66e+10     87.91    329.11  -2286.68  -2958.51      0.00      1
1      1195 14.0       4.79e+09     78.20     54.73  -4146.93  -2483.79      0.00      1
1      1196 14.0       1.82e+10     78.62    291.73   2712.65  -9866.17      0.00      1
1      1197 14.0       1.12e+09     82.51    346.34  -1179.20      8.26      0.00      1
1      1198 14.0       1.00e+10     69.65    197.04  -1107.16   2711.99      0.00      1
1      1199 14.0       5.50e+10     68.69    273.79   3202.21   5055.53      0.00      0
