1      6300 14.0       4.90e+08     76.60    239.33  -3940.99  -3903.93      0.00      1
1      6301 14.0       3.02e+08     70.85    272.75   4747.24  -8542.71      0.00      0
1      6302 14.0       2.88e+08     80.28    279.24    347.85  -3980.55      0.00      1
1      6303 14.0       9.55e+08     87.45    241.28    885.89    337.27      0.00      0
1      6304 14.0       7.94e+08     79.34    248.17   4627.48  -7594.47      0.00      1
1      6305 14.0       1.10e+08     86.21    118.21   1833.88   3337.67      0.00      0
1      6306 14.0       2.95e+08     66.56    244.02    424.29   4315.73      0.00      0
1      6307 14.0       1.05e+08     75.38    335.32   5305.80  -5474.93      0.00      0
1      6308 14.0       1.17e+08     79.53    326.39   4762.98  -8488.98      0.00      0
1      6309 14.0       1.15e+08     82.47    328.25  -2026.02  -9984.44      0.00      0
1      6310 14.0       5.25e+08     86.85     58.93   2738.26   2798.19      0.00      0
1      6311 14.0       8.71e+08     74.87     92.23   -998.30  -6716.28      0.00      1
1      6312 14.0       1.82e+08     84.36    233.41   5642.17  -4073.42      0.00      0
1      6313 14.0       6.76e+08     86.68    350.82   4255.55   2987.13      0.00      0
1      6314 14.0       1.95e+08     80.31    254.82   4157.14   4883.04      0.00      0
1      6315 14.0       2.34e+08     77.36    310.56  -2491.16  -8020.38      0.00      0
1      6316 14.0       5.50e+08     77.13    244.93  -2658.57  -2028.43      0.00      1
1      6317 14.0       1.32e+08     73.76     20.68  -2149.93  -3115.58      0.00      0
1      6318 14.0       1.74e+08     72.67     55.08    505.82  -2691.29      0.00      0
1      6319 14.0       1.02e+08     66.80    261.70  -2934.22   3315.92      0.00      0
1      6320 14.0       3.72e+08     70.98    244.25  -1140.57  -6951.93      0.00      1
1      6321 14.0       2.57e+08     83.12    356.50  -2937.71  -8255.84      0.00      0
1      6322 14.0       8.13e+08     84.84    272.04  -1537.08  -9197.64      0.00      1
1      6323 14.0       1.35e+08     67.48     33.95  -4163.81   1327.52      0.00      0
1      6324 14.0       3.31e+08     84.50    137.82   1174.47  -3951.82      0.00      0
1      6325 14.0       4.68e+08     76.13     13.06  -3072.96  -2571.20      0.00      1
1      6326 14.0       6.46e+08     81.33    203.86   1166.56  -5063.95      0.00      1
1      6327 14.0       6.76e+08     65.31     34.42  -2404.54  -3956.60      0.00      0
1      6328 14.0       2.14e+08     73.43     84.89  -1577.34  -6401.71      0.00      1
1      6329 14.0       8.91e+08     70.28     96.32   2821.24    877.42      0.00      1
1      6330 14.0       4.47e+08     78.33     83.41    -40.97  -5082.80      0.00      1
1      6331 14.0       1.91e+08     82.78    169.52   5984.41   1995.00      0.00      0
1      6332 14.0       1.07e+08     71.03    292.26   2774.01  -3647.56      0.00      0
1      6333 14.0       5.13e+08     72.66     93.91  -2864.65   3191.48      0.00      1
1      6334 14.0       1.82e+08     71.55    115.97    765.61  -8526.49      0.00      0
1      6335 14.0       1.62e+08     70.57     41.66  -1099.38  -7575.05      0.00      0
1      6336 14.0       1.62e+08     84.56    230.25  -1767.63  -6887.55      0.00      0
1      6337 14.0       6.61e+08     68.39     38.30  -3031.20  -3411.22      0.00      0
1      6338 14.0       1.26e+08     82.55     12.96   4976.95   2950.46      0.00      0
1      6339 14.0       2.29e+08     86.47    220.26   4843.06  -7260.72      0.00      0
1      6340 14.0       3.39e+08     87.79    303.38   -367.04   5184.78      0.00      0
1      6341 14.0       1.58e+08     72.84    264.24  -2372.04  -9584.77      0.00      0
1      6342 14.0       1.41e+08     74.15    273.46  -2664.31  -5419.40      0.00      0
1      6343 14.0       4.79e+08     79.01    321.03   1457.23  -9256.89      0.00      1
1      6344 14.0       3.09e+08     70.49     38.09    -98.57 -10897.80      0.00      0
1      6345 14.0       3.98e+08     80.05     17.31   4924.20   4988.84      0.00      1
1      6346 14.0       1.26e+08     80.27    274.83  -3271.78   2023.30      0.00      0
1      6347 14.0       2.95e+08     68.65    329.79  -4047.71   5130.29      0.00      0
1      6348 14.0       2.04e+08     83.91    279.07   6404.08   -119.23      0.00      0
1      6349 14.0       1.66e+08     65.57    128.74  -3850.08  -5808.01      0.00      0
1      6350 14.0       1.35e+08     71.00    160.48   5948.94  -1455.62      0.00      0
1      6351 14.0       3.98e+08     71.28    295.65  -1666.35  -7430.09      0.00      1
1      6352 14.0       2.69e+08     72.72    212.19   5846.35  -7272.16      0.00      1
1      6353 14.0       4.27e+08     75.34    175.80   2037.11   2637.71      0.00      1
1      6354 14.0       4.47e+08     75.60    237.46   1824.14   2196.74      0.00      1
1      6355 14.0       8.91e+08     65.91    210.12   4312.88  -3258.73      0.00      0
1      6356 14.0       2.69e+08     71.73     64.49   5510.79 -10107.94      0.00      0
1      6357 14.0       2.88e+08     73.86    141.18   1400.57  -2210.43      0.00      1
1      6358 14.0       9.55e+08     82.06    200.66  -3187.08  -3972.79      0.00      1
1      6359 14.0       1.38e+08     68.04    307.78   2992.09  -9572.22      0.00      0
1      6360 14.0       2.63e+08     81.58    347.96   3506.10  -7251.01      0.00      0
1      6361 14.0       2.51e+08     87.89    168.90   3290.71   3676.42      0.00      0
1      6362 14.0       1.29e+08     76.65     87.06   1243.81  -6521.83      0.00      0
1      6363 14.0       1.82e+08     72.14    189.87   1895.18   -519.19      0.00      0
1      6364 14.0       5.13e+08     86.27    268.74  -2521.34  -4386.25      0.00      0
1      6365 14.0       5.62e+08     83.02    210.81   2275.77   1286.70      0.00      1
1      6366 14.0       7.08e+08     86.44     41.12  -3251.25   -840.44      0.00      0
1      6367 14.0       3.24e+08     83.78      4.49     34.89   2284.78      0.00      0
1      6368 14.0       4.07e+08     73.79    322.28   2252.47  -1612.66      0.00      1
1      6369 14.0       1.32e+08     81.73    156.19   5400.09   2981.89      0.00      0
1      6370 14.0       2.29e+08     85.20    171.12  -3424.36  -7441.40      0.00      0
1      6371 14.0       6.03e+08     68.02     75.77   5828.51   -522.25      0.00      0
1      6372 14.0       1.17e+08     76.85    158.39   2880.11  -4102.19      0.00      0
1      6373 14.0       1.00e+08     74.62    107.50   1996.78  -5250.38      0.00      0
1      6374 14.0       2.14e+08     80.50     20.79  -2782.79  -3229.15      0.00      0
1      6375 14.0       1.38e+08     81.95    127.26    968.28   2317.54      0.00      0
1      6376 14.0       3.02e+08     87.00    208.66   2039.91  -4324.56      0.00      0
1      6377 14.0       1.23e+08     81.66     14.65   1159.69   2636.20      0.00      0
1      6378 14.0       8.32e+08     73.31    119.86   -493.08    655.71      0.00      1
1      6379 14.0       7.41e+08     72.30    262.31   1324.89   3595.70      0.00      1
1      6380 14.0       1.05e+08     67.47    248.57  -1455.68   -257.16      0.00      0
1      6381 14.0       2.57e+08     81.49    189.23   -902.25   2681.29      0.00      0
1      6382 14.0       2.29e+08     85.44    223.19  -1183.48  -1043.54      0.00      0
1      6383 14.0       3.16e+08     67.36    277.49   -859.47 -11291.11      0.00      0
1      6384 14.0       2.04e+08     79.90    130.15   3224.59    257.25      0.00      0
1      6385 14.0       1.26e+08     82.02     76.10   3782.39  -5067.96      0.00      0
1      6386 14.0       6.61e+08     78.93    157.95   2654.91   2558.33      0.00      1
1      6387 14.0       2.19e+08     69.57     93.49  -3942.28  -1733.60      0.00      0
1      6388 14.0       1.10e+08     71.10    168.81  -3800.71  -9697.54      0.00      0
1      6389 14.0       7.41e+08     71.29    308.82   6103.55   3564.57      0.00      0
1      6390 14.0       2.63e+08     85.62     94.17   3447.54   3070.41      0.00      0
1      6391 14.0       2.51e+08     78.42    341.35  -1548.13   -127.93      0.00      1
1      6392 14.0       2.40e+08     83.05    211.32   6166.84  -2363.30      0.00      0
1      6393 14.0       4.79e+08     76.45    264.45    972.15 -10814.65      0.00      1
1      6394 14.0       3.02e+08     85.70    264.13  -2192.31   3629.75      0.00      0
1      6395 14.0       3.47e+08     65.97     27.31   1026.26   2427.89      0.00      1
1      6396 14.0       5.89e+08     78.71     93.34  -2933.75   2312.87      0.00      1
1      6397 14.0       4.68e+08     84.85      8.92    537.76  -9250.58      0.00      0
1      6398 14.0       5.89e+08     87.80    339.08    427.91  -9686.11      0.00      0
1      6399 14.0       8.91e+08     68.24    217.42  -2329.41    867.39      0.00      1
