1      4500 14.0       8.71e+09     84.35    214.01   -283.21    677.64      0.00      1
1      4501 14.0       9.12e+10     75.91    199.33   1601.51  -5954.45      0.00      1
1      4502 14.0       4.27e+09     65.25     29.11   1190.81   1203.60      0.00      1
1      4503 14.0       5.25e+10     87.55    174.80   6396.88  -7467.16      0.00      1
1      4504 14.0       1.70e+10     87.28    116.30    400.25 -10334.40      0.00      1
1      4505 14.0       5.89e+10     82.98    245.93    -60.45  -3496.16      0.00      1
1      4506 14.0       7.59e+09     74.83    242.44    151.46  -6303.41      0.00      1
1      4507 14.0       3.31e+10     72.43    343.86  -2213.77  -1168.87      0.00      1
1      4508 14.0       1.55e+09     72.59     84.13  -3244.73   2995.61      0.00      1
1      4509 14.0       8.91e+09     87.37    158.18   6243.75  -2969.72      0.00      1
1      4510 14.0       5.25e+10     83.19    223.42  -1839.45 -10841.53      0.00      1
1      4511 14.0       6.46e+09     77.67     72.98  -4230.17 -11235.67      0.00      1
1      4512 14.0       3.31e+10     72.39    240.00   4601.25  -6171.87      0.00      1
1      4513 14.0       1.29e+09     76.97    131.11  -2576.50  -4059.11      0.00      1
1      4514 14.0       5.62e+09     86.73    225.98   5718.69  -3194.29      0.00      1
1      4515 14.0       7.76e+10     84.60    259.99   5703.85  -4085.96      0.00      1
1      4516 14.0       2.09e+10     84.94    256.78   3934.35  -7629.27      0.00      1
1      4517 14.0       9.12e+09     71.16    328.51   3700.01   4239.04      0.00      0
1      4518 14.0       7.59e+10     67.83    232.78   -642.95   2091.67      0.00      1
1      4519 14.0       1.55e+10     80.06    352.07   2442.06  -6844.02      0.00      1
1      4520 14.0       1.00e+10     74.25    288.29   -672.80  -5024.31      0.00      1
1      4521 14.0       4.17e+09     71.49    357.22   2616.06  -2545.21      0.00      1
1      4522 14.0       9.77e+09     77.00    317.84   1824.56  -8812.25      0.00      1
1      4523 14.0       1.15e+09     75.68    142.88   5907.93   4309.29      0.00      0
1      4524 14.0       1.78e+09     74.56     35.38   4548.98   3944.87      0.00      1
1      4525 14.0       2.40e+09     86.49     31.64  -4270.55  -6806.23      0.00      1
1      4526 14.0       2.69e+09     73.25    287.24   5793.25  -9068.89      0.00      1
1      4527 14.0       9.77e+10     75.44    167.43   3968.41  -3858.98      0.00      1
1      4528 14.0       2.69e+09     81.19    138.01   4767.34    161.03      0.00      1
1      4529 14.0       1.55e+09     66.66    119.86   -727.43  -6117.53      0.00      1
1      4530 14.0       1.74e+09     82.98    217.11    750.89  -3850.55      0.00      1
1      4531 14.0       1.55e+10     87.12    235.03   5582.90  -9300.94      0.00      1
1      4532 14.0       4.68e+09     82.56    207.20   3076.33 -10544.69      0.00      1
1      4533 14.0       2.04e+10     83.38     62.79    247.53  -1347.78      0.00      1
1      4534 14.0       1.45e+10     81.36     61.11  -1450.53  -3337.59      0.00      1
1      4535 14.0       9.55e+10     86.48    242.86   -383.50 -10432.67      0.00      1
1      4536 14.0       1.66e+09     69.96     11.10  -1545.53  -2929.57      0.00      1
1      4537 14.0       1.35e+10     81.55    130.87   2614.58  -7915.64      0.00      1
1      4538 14.0       7.76e+10     74.73    272.24   5349.75     53.79      0.00      1
1      4539 14.0       8.71e+09     71.70    297.03   3875.95  -7597.25      0.00      1
1      4540 14.0       1.35e+10     74.57    209.73  -3381.46  -6494.50      0.00      1
1      4541 14.0       7.08e+10     81.74    138.47  -1065.35  -7511.59      0.00      1
1      4542 14.0       6.03e+09     85.20    359.11  -2656.69   3950.72      0.00      1
1      4543 14.0       5.50e+10     84.17     52.35   4918.43 -10084.46      0.00      1
1      4544 14.0       3.55e+10     84.29    291.16   1663.13  -4990.65      0.00      1
1      4545 14.0       6.03e+10     77.84    253.09    525.13   1897.54      0.00      1
1      4546 14.0       1.78e+10     74.94     52.98   6223.95    251.04      0.00      1
1      4547 14.0       3.55e+10     66.24     39.40  -3884.59  -5927.97      0.00      0
1      4548 14.0       1.23e+10     87.93    163.87     84.70  -3844.82      0.00      1
1      4549 14.0       7.41e+09     75.39    346.16   2868.38 -10196.48      0.00      1
1      4550 14.0       7.24e+09     82.34    290.64  -1634.78   5199.91      0.00      1
1      4551 14.0       6.17e+10     82.38    349.30  -4217.50  -6782.00      0.00      1
1      4552 14.0       5.62e+09     84.28    287.59   5677.37  -2282.80      0.00      1
1      4553 14.0       1.29e+09     70.11    258.01   -750.53 -10560.41      0.00      1
1      4554 14.0       2.04e+09     79.96    207.73   1935.07  -2156.72      0.00      1
1      4555 14.0       1.17e+10     78.96     60.43   -236.23   1943.96      0.00      1
1      4556 14.0       1.41e+09     74.32    216.93   -208.20    328.21      0.00      1
1      4557 14.0       6.17e+09     67.81    303.20  -3181.81   1024.07      0.00      1
1      4558 14.0       2.57e+09     85.51     48.19   1985.30  -7828.56      0.00      1
1      4559 14.0       6.03e+09     72.06    242.59  -3416.00 -11120.51      0.00      1
1      4560 14.0       2.04e+10     87.21    186.10   -314.46  -6867.63      0.00      1
1      4561 14.0       1.70e+10     71.12     26.00    914.87   -914.74      0.00      1
1      4562 14.0       3.24e+10     76.83     98.61   3163.02   -493.32      0.00      1
1      4563 14.0       3.72e+10     72.97    289.73  -4304.63   5159.13      0.00      0
1      4564 14.0       7.08e+10     72.99     53.16   1144.69  -2971.73      0.00      1
1      4565 14.0       9.55e+10     83.84    321.23  -1064.48 -10732.81      0.00      1
1      4566 14.0       8.32e+10     75.44     26.69  -1695.76  -1206.74      0.00      1
1      4567 14.0       3.02e+09     68.80    287.27   -784.50  -1623.31      0.00      1
1      4568 14.0       1.55e+10     65.53    111.51  -3190.18   1284.41      0.00      1
1      4569 14.0       4.37e+10     78.59     14.01   5434.27   -964.31      0.00      1
1      4570 14.0       3.89e+09     75.78    179.67  -3962.10    481.53      0.00      1
1      4571 14.0       5.89e+10     65.74    293.47    408.74  -2872.83      0.00      1
1      4572 14.0       1.58e+09     80.23     36.40   -413.32   4359.40      0.00      1
1      4573 14.0       1.95e+09     70.36    274.09   1504.05  -8954.71      0.00      1
1      4574 14.0       7.24e+09     85.84    257.60   2532.92  -4792.24      0.00      1
1      4575 14.0       2.75e+10     79.26    269.93    450.60  -3661.07      0.00      1
1      4576 14.0       8.13e+09     65.21    147.55   4070.29  -8603.67      0.00      0
1      4577 14.0       2.19e+09     70.50     32.74   4270.47  -1624.33      0.00      1
1      4578 14.0       1.74e+09     71.58     59.59  -1400.39      0.58      0.00      1
1      4579 14.0       4.27e+10     82.26    145.86   -180.16  -5191.92      0.00      1
1      4580 14.0       1.38e+10     74.09     49.46   -557.03   5112.56      0.00      1
1      4581 14.0       1.86e+10     84.61    184.53   -800.64   4349.35      0.00      1
1      4582 14.0       1.26e+10     65.88    149.60  -4071.60 -10047.64      0.00      0
1      4583 14.0       7.59e+09     82.17    163.35  -3085.99   4150.05      0.00      1
1      4584 14.0       3.16e+09     82.99     55.90  -1996.83  -2362.19      0.00      1
1      4585 14.0       3.16e+09     75.24    158.16   5028.90  -3675.60      0.00      1
1      4586 14.0       1.82e+10     81.96    315.22   2494.90  -5413.19      0.00      1
1      4587 14.0       7.76e+10     70.68    112.61   5537.45  -6003.33      0.00      1
1      4588 14.0       1.02e+10     86.08    264.51   5029.88 -10995.98      0.00      1
1      4589 14.0       1.32e+10     81.08    231.51   3832.46   1743.57      0.00      1
1      4590 14.0       1.62e+10     69.61     67.53   6344.00    464.40      0.00      0
1      4591 14.0       2.24e+10     76.07    308.92   4886.90    196.25      0.00      1
1      4592 14.0       8.13e+09     67.95     88.74   -886.91  -6589.09      0.00      1
1      4593 14.0       1.41e+10     78.48     21.33   2341.59   -598.65      0.00      1
1      4594 14.0       3.55e+10     69.30    262.71  -2122.21   2402.81      0.00      1
1      4595 14.0       1.10e+10     84.49    157.26  -4027.71   1361.77      0.00      1
1      4596 14.0       4.90e+10     72.59    253.68   2724.70  -7338.21      0.00      1
1      4597 14.0       4.68e+09     83.60     38.67  -1958.51   5029.13      0.00      1
1      4598 14.0       7.94e+09     82.57    238.52   3866.72    377.67      0.00      1
1      4599 14.0       4.37e+09     83.94     67.04  -3068.74   3207.78      0.00      1
