1      6900 14.0       6.03e+08     65.34    316.29   2745.03  -5975.38      0.00      0
1      6901 14.0       3.55e+08     67.58     83.31  -2348.91 -10032.38      0.00      0
1      6902 14.0       1.58e+08     86.63    270.61  -2883.39  -3176.36      0.00      0
1      6903 14.0       4.27e+08     69.78     81.12   4035.95    276.21      0.00      0
1      6904 14.0       9.33e+08     75.90    245.94   5028.11    142.08      0.00      1
1      6905 14.0       2.14e+08     68.00    166.02   3347.90  -9447.87      0.00      0
1      6906 14.0       6.03e+08     76.61     90.98   5790.56   1768.45      0.00      1
1      6907 14.0       6.31e+08     70.87     85.74   2428.87  -2850.16      0.00      1
1      6908 14.0       5.25e+08     75.20    272.24   2626.44  -4495.23      0.00      1
1      6909 14.0       2.34e+08     84.10    333.31   2458.43  -8188.70      0.00      0
1      6910 14.0       4.90e+08     65.27     54.36   2805.84  -2421.91      0.00      0
1      6911 14.0       1.82e+08     68.55    176.44   3435.30    -54.19      0.00      0
1      6912 14.0       2.69e+08     77.81     60.57  -4155.83  -7223.62      0.00      0
1      6913 14.0       1.17e+08     75.13    114.11  -2592.54  -4568.46      0.00      0
1      6914 14.0       6.61e+08     68.68     93.51    956.38   -619.06      0.00      1
1      6915 14.0       6.03e+08     81.45    289.01   2146.44   5006.14      0.00      1
1      6916 14.0       5.37e+08     71.65    294.80    767.26  -1670.97      0.00      1
1      6917 14.0       3.47e+08     69.37    143.72   2725.65  -2280.82      0.00      0
1      6918 14.0       1.95e+08     65.28    211.83  -3915.55 -10323.53      0.00      0
1      6919 14.0       7.41e+08     73.55    166.64   6318.23  -5463.84      0.00      1
1      6920 14.0       7.59e+08     71.58    190.98  -3649.95  -1141.66      0.00      1
1      6921 14.0       7.59e+08     81.13    103.83   3956.52  -1633.82      0.00      1
1      6922 14.0       3.63e+08     85.05     37.50  -3360.34   4415.03      0.00      0
1      6923 14.0       5.89e+08     67.74     35.94   4380.31  -4291.45      0.00      1
1      6924 14.0       5.62e+08     72.09    170.00    577.15  -1897.74      0.00      1
1      6925 14.0       6.92e+08     82.00     78.53  -2286.41  -9501.60      0.00      1
1      6926 14.0       3.24e+08     85.29    340.93   -727.41 -11267.88      0.00      0
1      6927 14.0       6.46e+08     73.59    220.01   1926.95   -459.53      0.00      1
1      6928 14.0       1.70e+08     87.14    170.23  -4260.19   4163.68      0.00      0
1      6929 14.0       3.72e+08     86.11    207.40   -656.31 -10757.98      0.00      0
1      6930 14.0       3.98e+08     71.45    325.32    474.70   2873.04      0.00      1
1      6931 14.0       2.14e+08     76.13     95.93   5334.01  -8748.34      0.00      0
1      6932 14.0       2.63e+08     71.20     42.71   5103.44  -3315.22      0.00      0
1      6933 14.0       1.62e+08     72.58    197.25  -3515.08  -9132.27      0.00      0
1      6934 14.0       3.89e+08     71.44     11.71   3212.32  -9501.67      0.00      1
1      6935 14.0       4.17e+08     65.25    340.48   3450.81  -7503.65      0.00      0
1      6936 14.0       4.90e+08     84.24     98.84    708.28  -3787.99      0.00      1
1      6937 14.0       1.17e+08     65.00     18.37   4828.17    465.80      0.00      0
1      6938 14.0       2.00e+08     70.29    122.43  -3138.53   2780.54      0.00      0
1      6939 14.0       7.59e+08     65.39     80.96  -4076.06   1893.76      0.00      0
1      6940 14.0       2.63e+08     81.27    132.31  -3411.25   4971.64      0.00      0
1      6941 14.0       6.61e+08     79.00    117.90  -1223.24  -1233.87      0.00      1
1      6942 14.0       2.00e+08     78.34     11.57   5792.83 -11116.40      0.00      0
1      6943 14.0       5.37e+08     74.51    148.40   4673.60  -8831.26      0.00      1
1      6944 14.0       8.91e+08     80.58    126.08   2551.08   4518.40      0.00      1
1      6945 14.0       2.40e+08     82.89    184.31   2241.29  -9781.22      0.00      0
1      6946 14.0       3.89e+08     66.58    130.29   5147.62  -4284.24      0.00      0
1      6947 14.0       5.75e+08     78.05    324.57  -4210.60   2973.69      0.00      1
1      6948 14.0       1.86e+08     74.66    116.69   1758.76 -10743.98      0.00      0
1      6949 14.0       4.27e+08     65.60    195.94   3426.01  -6912.59      0.00      0
1      6950 14.0       1.70e+08     71.42    249.47    207.06   3106.00      0.00      0
1      6951 14.0       1.82e+08     78.21    184.58  -1115.53  -7484.61      0.00      0
1      6952 14.0       8.32e+08     69.27    210.31  -2711.85   4850.17      0.00      1
1      6953 14.0       1.95e+08     68.94     60.55   1169.32   -217.03      0.00      0
1      6954 14.0       4.79e+08     87.23    133.20   1799.02   3667.34      0.00      0
1      6955 14.0       9.33e+08     84.39    313.51   3589.81  -8244.99      0.00      1
1      6956 14.0       4.90e+08     85.30    271.13  -2901.43  -2264.60      0.00      0
1      6957 14.0       2.00e+08     83.69    205.83   6387.59   -737.35      0.00      0
1      6958 14.0       1.78e+08     70.87     38.65   -487.08   1688.69      0.00      0
1      6959 14.0       5.89e+08     76.20    240.82    589.02    433.71      0.00      1
1      6960 14.0       6.31e+08     68.85    152.45   4307.45  -1179.11      0.00      0
1      6961 14.0       3.09e+08     65.59    137.17  -2561.48   4535.42      0.00      0
1      6962 14.0       4.27e+08     71.37    263.50  -4056.58    771.38      0.00      1
1      6963 14.0       7.08e+08     85.96    331.27  -3827.57  -3455.00      0.00      0
1      6964 14.0       6.03e+08     85.52    239.37  -3846.77   3939.57      0.00      0
1      6965 14.0       2.00e+08     71.86     83.13  -2633.91   5199.57      0.00      1
1      6966 14.0       3.39e+08     82.69     59.05   4887.21   2135.67      0.00      0
1      6967 14.0       2.75e+08     74.71    239.90   2698.56   4036.55      0.00      1
1      6968 14.0       8.13e+08     85.52     60.26  -1280.45  -2806.07      0.00      1
1      6969 14.0       1.66e+08     65.66     95.07   -817.91  -9311.92      0.00      0
1      6970 14.0       4.17e+08     77.04    114.38  -2153.24   1605.03      0.00      1
1      6971 14.0       4.17e+08     86.50    323.59  -3960.39 -10792.83      0.00      0
1      6972 14.0       1.07e+08     76.02     52.63   4030.90  -7971.09      0.00      0
1      6973 14.0       2.14e+08     76.89      1.70   -997.10   3543.61      0.00      0
1      6974 14.0       2.45e+08     80.85      6.75   3855.42 -10419.75      0.00      0
1      6975 14.0       3.24e+08     70.09     99.19    991.01  -1674.28      0.00      1
1      6976 14.0       2.19e+08     84.82    245.69   1129.56   5188.36      0.00      0
1      6977 14.0       2.04e+08     85.72    329.32    274.45  -7094.28      0.00      0
1      6978 14.0       5.25e+08     77.94    340.93  -3064.66  -7076.62      0.00      1
1      6979 14.0       3.16e+08     75.92     97.50  -2767.35 -10961.76      0.00      1
1      6980 14.0       2.40e+08     67.26    269.49  -3297.12    812.00      0.00      0
1      6981 14.0       3.72e+08     77.95    279.87   4018.76   4581.43      0.00      1
1      6982 14.0       6.03e+08     70.72     61.21   -184.51  -9724.12      0.00      1
1      6983 14.0       2.75e+08     69.49     13.13   3323.34    187.41      0.00      1
1      6984 14.0       3.02e+08     67.52    270.97  -3254.91  -3481.69      0.00      0
1      6985 14.0       7.41e+08     80.53      3.24  -1545.73  -5120.78      0.00      1
1      6986 14.0       2.34e+08     68.07    229.92   3615.37 -10550.13      0.00      0
1      6987 14.0       4.07e+08     74.95    316.73   5130.43   1153.84      0.00      1
1      6988 14.0       3.39e+08     83.14    268.93    -46.33   3715.65      0.00      0
1      6989 14.0       1.00e+08     74.77    104.76  -1409.82  -2175.45      0.00      0
1      6990 14.0       4.47e+08     87.11    171.50  -1234.39  -2895.04      0.00      0
1      6991 14.0       9.12e+08     67.99    134.96  -2881.59  -2084.00      0.00      0
1      6992 14.0       2.14e+08     72.79    179.31   -940.13    733.17      0.00      1
1      6993 14.0       2.04e+08     70.04    189.28   3689.82   3966.91      0.00      0
1      6994 14.0       1.70e+08     82.05     49.05  -3710.73  -2530.69      0.00      0
1      6995 14.0       1.26e+08     87.45     40.82  -1988.21  -9659.31      0.00      0
1      6996 14.0       4.27e+08     66.76    119.25  -1208.83  -3643.68      0.00      0
1      6997 14.0       6.92e+08     77.67    131.78  -4135.50 -11122.37      0.00      0
1      6998 14.0       5.50e+08     72.47    114.38   3542.59  -4895.90      0.00      1
1      6999 14.0       8.51e+08     69.72    213.52   3440.93   1831.69      0.00      1
