1      3800 14.0       1.70e+09     65.29    215.99  -3681.15    170.71      0.00      0
1      3801 14.0       1.17e+10     76.77    129.85   5534.15   4701.57      0.00      0
1      3802 14.0       2.19e+10     74.77    144.22  -2306.44  -1450.03      0.00      1
1      3803 14.0       3.63e+10     71.88    252.27    -77.93   1350.11      0.00      1
1      3804 14.0       3.09e+09     67.58      4.97   5683.74   1010.73      0.00      0
1      3805 14.0       1.66e+10     71.55    116.62   1419.62  -9924.89      0.00      0
1      3806 14.0       8.13e+10     76.90    340.25   2964.10  -1029.55      0.00      1
1      3807 14.0       2.82e+10     73.63    173.14    786.38   2899.02      0.00      1
1      3808 14.0       8.32e+09     66.38    287.41    453.88  -5033.16      0.00      1
1      3809 14.0       3.09e+10     76.62    123.71   5643.85 -10212.94      0.00      1
1      3810 14.0       1.17e+10     78.95    137.40  -3763.52   2173.98      0.00      1
1      3811 14.0       9.77e+10     72.06     66.75   5909.15  -4297.90      0.00      0
1      3812 14.0       2.00e+10     68.83      0.71  -3767.22   -301.80      0.00      1
1      3813 14.0       1.86e+09     85.57      3.89   2516.86  -5454.23      0.00      1
1      3814 14.0       5.37e+10     82.67     84.80     82.62   -293.22      0.00      1
1      3815 14.0       5.62e+10     78.02    184.08   6055.01   3301.98      0.00      1
1      3816 14.0       3.98e+09     69.27    155.09   1308.50   4553.20      0.00      1
1      3817 14.0       1.45e+09     70.19    157.57   1986.64  -2486.79      0.00      1
1      3818 14.0       1.17e+10     68.84    230.45  -1072.03  -1959.69      0.00      1
1      3819 14.0       2.88e+09     67.14    253.03   2827.25  -5101.17      0.00      1
1      3820 14.0       7.59e+10     82.55    159.50    566.77  -6280.67      0.00      1
1      3821 14.0       2.82e+09     85.95      4.79   4620.13  -7326.70      0.00      1
1      3822 14.0       9.33e+09     66.66     57.80   -342.16   2446.66      0.00      1
1      3823 14.0       1.02e+10     87.53    144.62  -1921.37    937.46      0.00      1
1      3824 14.0       5.13e+09     71.23    359.58   5461.86  -5807.02      0.00      1
1      3825 14.0       4.79e+10     70.41    306.42   3573.37    -24.42      0.00      1
1      3826 14.0       1.35e+10     66.90    277.05  -3619.55  -1745.74      0.00      0
1      3827 14.0       7.24e+10     79.65     58.73   2426.66   4975.85      0.00      1
1      3828 14.0       5.37e+09     74.39    225.30   -442.35  -3409.96      0.00      1
1      3829 14.0       6.46e+09     84.92    332.66  -1227.34  -9359.43      0.00      1
1      3830 14.0       2.09e+09     70.86     12.44  -3584.98   3168.46      0.00      1
1      3831 14.0       2.51e+09     71.53    321.29  -3360.28  -1162.70      0.00      1
1      3832 14.0       4.27e+10     80.11      4.88   3279.76     28.31      0.00      1
1      3833 14.0       1.82e+10     79.03    336.93  -3882.33  -2443.39      0.00      1
1      3834 14.0       1.20e+09     80.69    158.69   4966.17  -3183.22      0.00      1
1      3835 14.0       1.26e+09     82.91    332.93  -3584.61  -9781.84      0.00      1
1      3836 14.0       5.25e+10     79.03    149.72   1313.44  -9880.19      0.00      1
1      3837 14.0       1.48e+09     69.73     25.65   4177.63   -355.50      0.00      1
1      3838 14.0       4.79e+09     68.58    113.83   4396.08   1436.69      0.00      1
1      3839 14.0       1.62e+10     76.57    235.62   3093.07  -7009.96      0.00      1
1      3840 14.0       2.88e+09     65.49    227.64   1212.25   4694.10      0.00      1
1      3841 14.0       2.40e+09     69.33     44.14   -305.64   3507.70      0.00      1
1      3842 14.0       6.31e+09     71.56    102.05   3079.96   3038.09      0.00      1
1      3843 14.0       6.03e+10     85.53    200.33   6415.72   5065.02      0.00      1
1      3844 14.0       1.12e+10     69.55     84.86   -751.73  -4068.18      0.00      1
1      3845 14.0       1.26e+10     70.94    142.40  -2606.49   3529.78      0.00      1
1      3846 14.0       4.90e+10     83.34    337.72    725.31  -3999.11      0.00      1
1      3847 14.0       1.95e+10     87.91     54.31    835.34  -9158.24      0.00      1
1      3848 14.0       1.86e+10     85.10     65.95   4851.54   2329.00      0.00      1
1      3849 14.0       9.77e+09     69.62     46.61  -3467.66   -325.23      0.00      1
1      3850 14.0       2.57e+10     81.56    316.64  -2127.92  -5638.55      0.00      1
1      3851 14.0       2.00e+10     74.65     10.66   2920.72   4472.62      0.00      1
1      3852 14.0       1.58e+09     79.72    260.47   5774.46  -1123.12      0.00      1
1      3853 14.0       1.48e+10     71.92    169.62  -2944.31   -886.99      0.00      1
1      3854 14.0       2.82e+10     78.91     15.24   5062.20   1748.94      0.00      1
1      3855 14.0       4.27e+10     84.69    247.87   1550.69  -8428.92      0.00      1
1      3856 14.0       1.38e+09     75.77    358.97   5792.26 -11142.31      0.00      0
1      3857 14.0       2.34e+10     68.14    233.80    841.69  -5558.43      0.00      1
1      3858 14.0       4.27e+09     78.93    307.80  -1588.59  -3419.51      0.00      1
1      3859 14.0       2.24e+09     77.51     13.50   1900.88   1096.74      0.00      1
1      3860 14.0       3.63e+10     73.42    112.89   6492.21  -6934.34      0.00      0
1      3861 14.0       6.17e+10     73.87     42.06  -2298.58  -6670.09      0.00      1
1      3862 14.0       8.51e+09     85.19    285.09   3555.65  -7689.98      0.00      1
1      3863 14.0       1.58e+09     65.64    273.56  -1607.13   3082.11      0.00      1
1      3864 14.0       6.17e+09     74.07    153.36    883.87    798.57      0.00      1
1      3865 14.0       1.58e+09     73.23     64.43    265.19  -2922.54      0.00      1
1      3866 14.0       8.51e+09     68.17    329.51   5934.77  -8494.79      0.00      0
1      3867 14.0       8.13e+09     66.70     44.00   -297.89    -47.44      0.00      1
1      3868 14.0       1.29e+09     78.86    208.21   1041.79  -4865.50      0.00      1
1      3869 14.0       2.09e+10     75.39    135.27  -4295.66  -3038.14      0.00      1
1      3870 14.0       9.12e+10     67.18    133.92   4221.87 -10603.75      0.00      0
1      3871 14.0       2.51e+10     75.15    147.63   1303.59  -4336.57      0.00      1
1      3872 14.0       9.12e+10     84.57    261.34    198.08  -6210.48      0.00      1
1      3873 14.0       5.01e+09     79.68    107.29   4455.63 -10397.95      0.00      1
1      3874 14.0       3.39e+10     65.84    316.11  -3952.92  -4897.46      0.00      0
1      3875 14.0       8.13e+09     87.47    297.23  -3660.35  -3861.31      0.00      1
1      3876 14.0       1.38e+09     76.91      0.18  -1692.92   3318.44      0.00      1
1      3877 14.0       1.55e+10     77.38     53.44   4960.90   1436.80      0.00      1
1      3878 14.0       1.70e+10     65.99    160.51  -2182.49   1006.99      0.00      1
1      3879 14.0       6.46e+10     77.18    175.29  -1918.87   3488.33      0.00      1
1      3880 14.0       1.29e+10     87.38    266.64   5935.80  -9623.75      0.00      1
1      3881 14.0       6.46e+10     75.61    110.70  -2426.35    704.09      0.00      1
1      3882 14.0       4.07e+10     80.68    257.06   1101.05  -3782.28      0.00      1
1      3883 14.0       1.00e+10     75.28    341.17    364.10  -4412.08      0.00      1
1      3884 14.0       5.50e+10     85.34    287.13   1664.70   3863.40      0.00      1
1      3885 14.0       2.75e+09     67.47    169.63   1745.62  -8658.97      0.00      0
1      3886 14.0       1.78e+09     71.80    284.09  -4059.26  -2023.05      0.00      1
1      3887 14.0       3.09e+09     87.37    286.28   6016.89   3630.46      0.00      1
1      3888 14.0       3.55e+10     75.71    248.45  -3163.86   5024.95      0.00      0
1      3889 14.0       6.61e+09     74.90    237.22   4773.66   -185.01      0.00      1
1      3890 14.0       3.89e+10     87.69     23.74   6189.54   1059.25      0.00      1
1      3891 14.0       4.37e+09     73.18     83.12  -1033.97   3368.66      0.00      1
1      3892 14.0       4.47e+10     69.07    325.93  -1636.19   -260.56      0.00      1
1      3893 14.0       2.09e+09     76.06    239.79   1098.59   1832.91      0.00      1
1      3894 14.0       7.59e+09     71.71     84.79   1702.20  -4180.85      0.00      1
1      3895 14.0       2.75e+10     70.56     25.64  -1160.99  -1071.45      0.00      1
1      3896 14.0       7.08e+10     85.79     47.36   4542.08  -1356.52      0.00      1
1      3897 14.0       2.24e+10     84.64    105.80   5877.50   2431.75      0.00      1
1      3898 14.0       1.74e+09     86.80    295.64   1802.06  -2489.57      0.00      0
1      3899 14.0       6.92e+10     84.43    285.95  -3809.11  -9830.58      0.00      1
