1      2700 14.0       6.03e+10     69.01    355.49     -9.82   1303.10      0.00      1
1      2701 14.0       1.29e+10     81.49    275.63   1460.34  -2170.12      0.00      1
1      2702 14.0       1.29e+10     77.28    291.48   2486.20  -4687.39      0.00      1
1      2703 14.0       7.08e+09     80.60    241.97    -63.49 -10650.57      0.00      1
1      2704 14.0       2.09e+09     67.96    259.98   3762.97  -8865.69      0.00      1
1      2705 14.0       1.17e+10     69.82    296.78  -1691.24  -9203.22      0.00      0
1      2706 14.0       3.55e+09     84.18     93.29    570.23  -3541.17      0.00      1
1      2707 14.0       8.32e+10     70.84     11.25    208.34   -435.60      0.00      1
1      2708 14.0       1.23e+09     73.73    244.31   5892.28  -3348.24      0.00      1
1      2709 14.0       1.29e+09     83.77    125.98   -941.84  -6787.28      0.00      1
1      2710 14.0       1.51e+10     69.51    182.67  -3052.65  -4480.36      0.00      1
1      2711 14.0       3.09e+10     81.67    327.19   5948.95    801.79      0.00      1
1      2712 14.0       2.34e+10     80.92    183.82   2249.00  -9736.89      0.00      1
1      2713 14.0       1.07e+09     72.50     89.89  -1155.33 -10761.95      0.00      1
1      2714 14.0       4.79e+10     72.22     88.15  -1683.20   3591.11      0.00      1
1      2715 14.0       6.46e+09     77.50    186.33   1425.52     26.43      0.00      1
1      2716 14.0       6.17e+09     71.60    213.01   2156.02   -382.71      0.00      1
1      2717 14.0       8.32e+10     67.07    309.98   -526.99  -7013.62      0.00      0
1      2718 14.0       2.14e+09     76.81    265.64   3393.40  -2420.75      0.00      1
1      2719 14.0       9.12e+09     78.28    159.50   5534.21  -3711.24      0.00      1
1      2720 14.0       7.76e+10     71.81    172.10  -2944.94  -7896.99      0.00      1
1      2721 14.0       2.63e+10     65.63     30.22  -1513.01   4344.36      0.00      1
1      2722 14.0       1.29e+10     74.55    148.72    801.21  -1101.77      0.00      1
1      2723 14.0       6.46e+09     65.84     31.76   3725.69  -1304.71      0.00      1
1      2724 14.0       4.79e+10     86.49    242.28   2130.16   3955.14      0.00      1
1      2725 14.0       6.92e+09     79.68    198.34  -2519.42   4917.57      0.00      1
1      2726 14.0       1.66e+10     68.53    213.07  -4253.85  -4224.39      0.00      0
1      2727 14.0       1.10e+10     65.04    312.50  -2969.31    241.33      0.00      0
1      2728 14.0       1.55e+09     80.10    131.47  -3028.83  -5738.23      0.00      1
1      2729 14.0       2.29e+10     72.09    308.90   2675.84  -5174.24      0.00      0
1      2730 14.0       1.55e+10     77.87     81.87  -2362.08  -3133.61      0.00      1
1      2731 14.0       2.34e+09     74.33     15.14   1348.52  -1994.82      0.00      1
1      2732 14.0       3.02e+10     69.48    299.98   4022.27  -3965.37      0.00      1
1      2733 14.0       1.58e+10     81.72     89.58   4944.20  -8141.34      0.00      1
1      2734 14.0       2.34e+09     85.96     15.36  -3668.41   3775.62      0.00      1
1      2735 14.0       1.26e+10     77.49    149.93   4945.76  -2150.23      0.00      1
1      2736 14.0       1.35e+10     65.49     61.18   2026.28   2128.89      0.00      1
1      2737 14.0       6.92e+10     66.81    262.49   2642.34   3213.27      0.00      1
1      2738 14.0       3.63e+09     77.88    278.35  -2658.91 -10968.93      0.00      1
1      2739 14.0       3.72e+10     77.58    220.36   3478.84 -10676.54      0.00      1
1      2740 14.0       2.19e+10     71.11    287.41  -3502.48   3474.28      0.00      0
1      2741 14.0       6.17e+09     67.12    130.99  -2870.77  -8029.82      0.00      1
1      2742 14.0       1.45e+09     84.42     61.37   1695.90  -1989.45      0.00      1
1      2743 14.0       7.41e+10     79.38    294.02   5964.76  -7121.24      0.00      1
1      2744 14.0       2.00e+09     81.94     85.57  -3652.52   4794.49      0.00      1
1      2745 14.0       9.77e+09     77.90    100.48  -1225.91   2315.29      0.00      1
1      2746 14.0       4.17e+10     65.16     23.39  -1979.70   1088.84      0.00      1
1      2747 14.0       2.29e+09     74.97    358.15  -1900.42  -5378.88      0.00      1
1      2748 14.0       7.24e+10     82.66    341.13   5587.59  -2717.54      0.00      1
1      2749 14.0       1.38e+09     73.65    192.61   5815.13    532.78      0.00      1
1      2750 14.0       7.08e+10     82.82    146.60   1000.31  -7837.62      0.00      1
1      2751 14.0       9.12e+10     70.94    110.74   -760.90  -6682.14      0.00      1
1      2752 14.0       3.72e+09     72.36    240.08   -826.38   5167.25      0.00      1
1      2753 14.0       7.08e+10     72.15    278.23   5107.91  -2668.83      0.00      1
1      2754 14.0       1.26e+09     83.99    146.44   4607.61 -11248.96      0.00      1
1      2755 14.0       1.62e+10     82.79    261.53   3655.52 -10855.39      0.00      1
1      2756 14.0       1.02e+10     66.88    351.67  -3703.50  -3844.79      0.00      1
1      2757 14.0       3.55e+10     76.82    164.42   5536.81  -8756.54      0.00      1
1      2758 14.0       1.66e+10     87.54    339.33   1321.37  -3480.61      0.00      1
1      2759 14.0       5.25e+10     82.55     76.06  -2436.81   2731.14      0.00      1
1      2760 14.0       1.10e+09     68.15    318.82   1253.87   1605.98      0.00      1
1      2761 14.0       2.29e+09     66.90     47.57   2055.56  -4119.24      0.00      1
1      2762 14.0       2.14e+09     66.52    217.11  -2788.57  -2038.46      0.00      1
1      2763 14.0       1.35e+09     72.25    285.41   2491.57    502.93      0.00      1
1      2764 14.0       5.75e+09     73.82    167.63  -1326.78  -3166.91      0.00      1
1      2765 14.0       4.07e+10     85.03     30.85    344.43   4798.85      0.00      1
1      2766 14.0       2.40e+10     79.61    157.42  -3650.12  -8710.58      0.00      1
1      2767 14.0       1.26e+09     82.52    150.47   2339.70   2026.32      0.00      1
1      2768 14.0       3.55e+10     65.83    295.30  -2966.08  -7730.82      0.00      0
1      2769 14.0       8.32e+09     85.39    294.07  -3287.65  -6205.80      0.00      1
1      2770 14.0       3.16e+09     84.34    226.04   4284.56   1019.79      0.00      1
1      2771 14.0       1.95e+09     72.12    188.42   4998.20  -9021.99      0.00      1
1      2772 14.0       1.38e+10     80.80    234.78   3851.64   1735.21      0.00      1
1      2773 14.0       9.55e+09     78.75    283.46  -2596.96  -4751.30      0.00      1
1      2774 14.0       1.29e+09     84.16    206.37  -1076.52  -3523.66      0.00      1
1      2775 14.0       2.69e+09     74.48    100.88   5360.06   4079.77      0.00      1
1      2776 14.0       1.15e+09     81.60    340.44   1060.34  -9498.51      0.00      1
1      2777 14.0       2.00e+09     69.49    327.49  -3560.33  -8067.21      0.00      1
1      2778 14.0       4.47e+09     73.43    131.30   3766.81    425.98      0.00      1
1      2779 14.0       1.15e+09     72.37    219.63   3344.40  -7505.78      0.00      1
1      2780 14.0       8.51e+10     69.17    293.67   4839.61  -4900.42      0.00      1
1      2781 14.0       4.27e+10     76.65    221.11  -2944.04  -5665.97      0.00      1
1      2782 14.0       3.55e+09     70.03    295.27  -1691.45   2854.32      0.00      1
1      2783 14.0       1.95e+10     79.70    233.42  -3626.23  -8247.59      0.00      1
1      2784 14.0       1.45e+09     77.86     84.63   2253.46  -8039.26      0.00      1
1      2785 14.0       2.45e+10     71.49     64.68  -3156.57 -10035.84      0.00      0
1      2786 14.0       2.29e+09     72.20    195.76    775.66  -3264.07      0.00      1
1      2787 14.0       2.69e+09     77.96     15.86    706.37  -4793.93      0.00      1
1      2788 14.0       4.90e+09     68.97    207.26   5695.99   -795.96      0.00      1
1      2789 14.0       1.45e+10     71.76      9.46  -2753.96  -4946.68      0.00      1
1      2790 14.0       1.10e+09     74.72    257.30  -1070.58   4340.53      0.00      1
1      2791 14.0       2.00e+09     85.85    169.58  -4180.45  -7925.21      0.00      1
1      2792 14.0       3.02e+09     78.46    264.56   4233.75 -10875.65      0.00      1
1      2793 14.0       1.07e+10     84.81    128.02   5936.48  -5483.71      0.00      1
1      2794 14.0       1.17e+10     84.64    256.42  -1389.29  -5200.23      0.00      1
1      2795 14.0       2.14e+09     85.41    343.38   3868.22  -4677.80      0.00      1
1      2796 14.0       3.89e+09     71.57    148.08   -171.30  -9513.60      0.00      1
1      2797 14.0       5.13e+09     71.81    134.70  -1338.94  -2931.21      0.00      1
1      2798 14.0       3.31e+10     67.00     39.38  -3337.30 -10991.24      0.00      0
1      2799 14.0       7.59e+09     77.11    354.26    502.85   2381.13      0.00      1
