1    103200 5626.0     3.89e+09     74.94    158.57   4124.93   4940.17      0.00      1
1    103201 5626.0     3.55e+09     75.50    168.60   3146.13  -6119.28      0.00      1
1    103202 5626.0     1.32e+10     68.54     34.26    848.08  -5922.11      0.00      0
1    103203 5626.0     1.66e+09     67.95    274.32   6335.45  -8770.95      0.00      0
1    103204 5626.0     1.17e+09     72.65     57.17   1847.22 -10246.31      0.00      1
1    103205 5626.0     8.91e+10     82.85    207.76  -1797.08   1709.31      0.00      1
1    103206 5626.0     6.76e+09     71.08    114.79    321.13  -7119.42      0.00      1
1    103207 5626.0     4.68e+10     70.01     80.85  -1466.15   2498.60      0.00      1
1    103208 5626.0     1.62e+09     77.92     16.80   3649.62  -1610.03      0.00      1
1    103209 5626.0     2.75e+10     76.14    125.64   3151.72  -5368.50      0.00      1
1    103210 5626.0     3.02e+09     73.03     23.26   -316.55  -4483.75      0.00      1
1    103211 5626.0     4.17e+10     73.72    125.10   3091.34  -4185.23      0.00      1
1    103212 5626.0     3.98e+10     85.76    132.43   3427.24  -2236.58      0.00      1
1    103213 5626.0     2.19e+09     70.57    146.49   3731.44   3070.19      0.00      1
1    103214 5626.0     1.07e+10     70.33    236.25    251.39  -5402.58      0.00      1
1    103215 5626.0     3.39e+09     77.16    137.87   3483.49  -9912.10      0.00      1
1    103216 5626.0     5.75e+10     83.06    145.17  -1372.60   1164.64      0.00      1
1    103217 5626.0     1.00e+09     80.60    286.37   1190.07   -963.37      0.00      1
1    103218 5626.0     4.07e+10     71.52    357.58   1677.23  -9406.79      0.00      1
1    103219 5626.0     3.24e+10     81.20    358.12   2181.29 -11046.04      0.00      1
1    103220 5626.0     3.16e+09     73.19    147.02   -130.02   1479.69      0.00      1
1    103221 5626.0     2.19e+10     82.21    134.19   2971.05   -956.34      0.00      1
1    103222 5626.0     2.69e+09     73.41    340.43   5640.07   2831.67      0.00      1
1    103223 5626.0     1.26e+09     67.24    326.31   1452.06  -5648.27      0.00      1
1    103224 5626.0     2.51e+09     68.95      3.66  -2721.49  -9405.71      0.00      1
1    103225 5626.0     5.25e+09     87.60     96.07  -1146.49  -4826.13      0.00      1
1    103226 5626.0     5.01e+10     74.06    157.66   4685.91  -4062.38      0.00      1
1    103227 5626.0     1.12e+09     68.54    283.99   -326.80  -9437.12      0.00      1
1    103228 5626.0     3.72e+10     67.60    154.14   5631.13  -8109.07      0.00      0
1    103229 5626.0     1.86e+10     69.35     30.83   2566.41  -9643.31      0.00      1
1    103230 5626.0     2.24e+10     76.86    119.70   6487.65   1424.17      0.00      1
1    103231 5626.0     1.23e+09     68.85    199.20  -4173.18  -6633.65      0.00      1
1    103232 5626.0     2.40e+09     73.94      5.30   3482.70  -8614.53      0.00      1
1    103233 5626.0     2.45e+10     74.42    345.61   1847.85  -5942.71      0.00      1
1    103234 5626.0     1.07e+10     76.59    263.42   -676.05   3983.35      0.00      1
1    103235 5626.0     1.26e+10     65.13    272.92   6072.28  -2087.36      0.00      1
1    103236 5626.0     3.89e+09     87.50     31.66  -2662.96   -335.01      0.00      1
1    103237 5626.0     9.12e+09     80.27    138.57   1183.84    553.35      0.00      1
1    103238 5626.0     2.34e+09     73.31     72.10   1731.87   4794.72      0.00      1
1    103239 5626.0     2.09e+09     65.55    327.18  -1438.75   -782.57      0.00      1
1    103240 5626.0     4.90e+10     85.51    314.66   6226.78   2933.39      0.00      1
1    103241 5626.0     5.62e+09     66.54    358.66  -3101.98  -9997.49      0.00      0
1    103242 5626.0     1.70e+10     72.04     29.80  -1926.73  -9446.37      0.00      1
1    103243 5626.0     1.48e+09     68.15    338.90  -1977.08  -1894.30      0.00      1
1    103244 5626.0     3.80e+09     86.38     45.66  -3739.55  -5757.34      0.00      1
1    103245 5626.0     5.62e+10     78.89     38.21  -2190.88   3261.88      0.00      1
1    103246 5626.0     5.25e+10     78.94    353.29  -3209.97 -10463.21      0.00      1
1    103247 5626.0     9.12e+10     78.30    243.89   2325.00   2654.61      0.00      1
1    103248 5626.0     2.34e+10     65.56     15.23   5762.94  -5831.38      0.00      1
1    103249 5626.0     3.72e+09     70.80    168.32  -3921.52  -7954.42      0.00      1
1    103250 5626.0     6.31e+10     75.29    330.62   2201.34  -7470.82      0.00      1
1    103251 5626.0     5.37e+09     66.48    314.56   1138.88   5059.90      0.00      0
1    103252 5626.0     9.77e+09     67.16    256.39   3928.01    141.43      0.00      1
1    103253 5626.0     1.74e+10     86.16    166.58    120.52   -579.59      0.00      1
1    103254 5626.0     1.51e+10     74.86     73.83    944.27  -6142.17      0.00      1
1    103255 5626.0     1.91e+10     65.31    341.59   4970.41  -8476.83      0.00      0
1    103256 5626.0     8.32e+09     68.75     72.88   4714.64   2613.99      0.00      1
1    103257 5626.0     3.02e+09     65.12    254.47   5310.89  -1385.75      0.00      0
1    103258 5626.0     8.13e+10     85.53     62.52   3441.26  -8046.54      0.00      1
1    103259 5626.0     3.80e+09     73.99    264.27  -2620.08  -5019.54      0.00      1
1    103260 5626.0     8.32e+09     77.95    333.15  -4187.21  -5326.68      0.00      1
1    103261 5626.0     9.12e+09     82.96    355.85   1778.15   -999.28      0.00      1
1    103262 5626.0     3.16e+10     74.96    295.76  -1614.76  -5088.31      0.00      1
1    103263 5626.0     3.72e+10     71.44     44.31   3748.73  -6596.63      0.00      1
1    103264 5626.0     7.08e+09     68.45    123.07   3892.19 -10795.78      0.00      0
1    103265 5626.0     5.37e+10     72.37    241.11  -2236.30  -5217.18      0.00      1
1    103266 5626.0     1.02e+10     79.19    167.99   -122.15   1945.23      0.00      1
1    103267 5626.0     2.63e+10     84.04    248.91   1003.41  -4463.97      0.00      1
1    103268 5626.0     2.51e+10     75.67    285.73    748.37  -8868.70      0.00      1
1    103269 5626.0     2.57e+09     80.30     54.06   6061.31  -8988.31      0.00      1
1    103270 5626.0     3.80e+09     80.36    314.61  -3935.96  -3597.10      0.00      1
1    103271 5626.0     1.78e+10     85.10    244.21   5696.21  -8198.45      0.00      1
1    103272 5626.0     7.94e+10     66.83    262.20  -1006.27  -6556.18      0.00      1
1    103273 5626.0     4.68e+09     75.01    291.62   -893.91  -1844.65      0.00      1
1    103274 5626.0     1.58e+09     66.45    137.41  -3954.88  -8875.81      0.00      0
1    103275 5626.0     2.45e+10     79.49    317.59    549.19  -1568.34      0.00      1
1    103276 5626.0     4.37e+10     74.25    117.38   2591.52  -3094.29      0.00      1
1    103277 5626.0     1.66e+09     80.74     69.66   3501.83  -7182.11      0.00      1
1    103278 5626.0     4.57e+10     71.41    308.45  -3464.45  -9168.13      0.00      1
1    103279 5626.0     5.25e+09     75.49     96.20   2454.71  -2103.51      0.00      1
1    103280 5626.0     4.47e+09     69.35    204.57   3519.37  -4724.03      0.00      1
1    103281 5626.0     2.29e+09     77.04    168.08   4942.86 -10042.20      0.00      1
1    103282 5626.0     8.51e+10     69.14     22.79  -2170.24   3849.68      0.00      1
1    103283 5626.0     8.91e+09     72.21    270.14    761.06   3976.96      0.00      1
1    103284 5626.0     9.77e+09     66.23    293.86  -3377.39  -2095.27      0.00      1
1    103285 5626.0     1.00e+09     71.96    316.09   5003.97   -923.50      0.00      1
1    103286 5626.0     3.80e+09     80.65     93.80   -546.21  -5627.73      0.00      1
1    103287 5626.0     3.47e+09     84.55    304.87   3654.28  -5455.57      0.00      1
1    103288 5626.0     3.98e+09     87.78    235.09  -1153.27 -10463.03      0.00      0
1    103289 5626.0     4.90e+10     76.94      6.82   3683.97 -10934.97      0.00      1
1    103290 5626.0     1.51e+09     86.41    122.49   -498.09   1694.12      0.00      0
1    103291 5626.0     5.62e+09     76.68    114.34  -1084.03   2155.35      0.00      1
1    103292 5626.0     4.90e+10     73.39    237.56   1180.28  -7218.26      0.00      1
1    103293 5626.0     2.95e+09     75.18    253.35   5574.73   2471.34      0.00      1
1    103294 5626.0     2.04e+09     75.30    224.72  -1242.02   2836.47      0.00      1
1    103295 5626.0     1.29e+09     77.15     41.44   1707.49  -3172.30      0.00      1
1    103296 5626.0     1.62e+09     77.98    268.20   2228.71  -2458.26      0.00      1
1    103297 5626.0     3.72e+10     77.88     70.91  -4028.34   3068.86      0.00      1
1    103298 5626.0     9.33e+10     70.47     50.16    562.63  -5775.63      0.00      1
1    103299 5626.0     3.98e+10     77.91     75.36   -375.08  -2490.35      0.00      1
