1       700 14.0       9.33e+10     84.02    197.95   1401.34 -11238.16      0.00      1
1       701 14.0       1.32e+10     74.80    226.53   1744.21   4505.97      0.00      1
1       702 14.0       1.26e+10     75.52    285.44   4267.94  -1996.70      0.00      1
1       703 14.0       2.51e+09     72.75    310.68   2575.10  -1824.89      0.00      1
1       704 14.0       3.72e+10     81.61    248.45  -3618.77    327.58      0.00      1
1       705 14.0       1.15e+10     81.65     98.83  -1935.78  -1521.44      0.00      1
1       706 14.0       6.76e+09     67.47    350.70   4231.44   3716.63      0.00      1
1       707 14.0       5.62e+09     75.87     25.80   4128.30  -2168.83      0.00      1
1       708 14.0       1.51e+10     77.32    330.18  -1926.57  -2906.64      0.00      1
1       709 14.0       4.57e+10     81.46    332.99   6053.32  -9306.19      0.00      1
1       710 14.0       4.07e+09     77.33     84.20    312.29  -9827.12      0.00      1
1       711 14.0       3.80e+10     85.55    317.15      5.90  -7328.56      0.00      1
1       712 14.0       2.14e+09     73.45     98.63   -132.26  -7310.55      0.00      1
1       713 14.0       2.63e+09     81.99     16.98   1709.24  -9553.69      0.00      1
1       714 14.0       3.98e+10     71.85    163.34  -2366.56  -7719.42      0.00      1
1       715 14.0       3.72e+10     84.50    300.08   2920.60  -4963.69      0.00      1
1       716 14.0       4.17e+10     69.66    200.92   1022.30  -2680.30      0.00      1
1       717 14.0       2.45e+09     71.56    203.43   3372.16  -1597.41      0.00      1
1       718 14.0       1.45e+09     81.79    354.95   5985.21  -7515.54      0.00      1
1       719 14.0       1.32e+09     72.37    223.41   2233.78   1312.92      0.00      1
1       720 14.0       6.46e+10     79.71    321.49    544.13  -8012.37      0.00      1
1       721 14.0       3.02e+09     86.44    116.08    208.58   3421.63      0.00      1
1       722 14.0       8.91e+09     82.28    338.25  -1197.59  -6833.35      0.00      1
1       723 14.0       1.17e+09     81.07    257.26  -2254.34   4607.54      0.00      1
1       724 14.0       2.95e+10     84.88    260.64   5755.14  -9804.54      0.00      1
1       725 14.0       2.75e+09     70.87     44.98   3510.99 -11231.28      0.00      0
1       726 14.0       1.05e+10     79.52    334.57   6260.20  -1779.28      0.00      1
1       727 14.0       1.07e+09     68.86     87.77   2470.92  -3413.83      0.00      1
1       728 14.0       7.24e+10     85.44    119.58   3518.85     54.37      0.00      1
1       729 14.0       2.40e+09     77.47     12.38  -2608.90   1007.92      0.00      1
1       730 14.0       8.91e+09     71.96     15.09  -2384.93  -4765.07      0.00      1
1       731 14.0       1.41e+09     87.05    296.34   -841.84   5198.70      0.00      0
1       732 14.0       4.37e+09     81.71    215.01   5409.08  -5035.27      0.00      1
1       733 14.0       8.51e+10     85.41    163.38  -2930.47   2264.12      0.00      1
1       734 14.0       1.66e+10     71.02     90.70   5356.77  -8898.41      0.00      0
1       735 14.0       3.98e+10     79.19    159.05   4982.27  -2639.01      0.00      1
1       736 14.0       2.34e+10     82.66    335.44   2459.81  -3828.54      0.00      1
1       737 14.0       5.89e+10     72.83    148.32  -4245.86  -8632.12      0.00      1
1       738 14.0       1.95e+09     68.03      0.93   2009.49  -6909.72      0.00      1
1       739 14.0       4.68e+10     76.29    322.03    693.13 -11086.99      0.00      1
1       740 14.0       5.01e+10     72.49      2.25  -2784.98  -3709.02      0.00      1
1       741 14.0       1.15e+10     79.59     48.31   5378.12   1165.22      0.00      1
1       742 14.0       1.23e+09     74.88     93.44  -1394.30  -3140.84      0.00      1
1       743 14.0       1.51e+10     76.66    335.51  -3250.18  -2456.30      0.00      1
1       744 14.0       4.17e+10     71.13     17.20   2117.29  -6780.68      0.00      1
1       745 14.0       2.19e+09     77.73     53.87  -3238.68  -9653.87      0.00      1
1       746 14.0       3.80e+10     68.94    289.76   5937.07  -6438.80      0.00      0
1       747 14.0       1.66e+09     70.45    169.83   3307.10 -11019.73      0.00      0
1       748 14.0       1.35e+09     86.96    149.99    331.53  -2072.56      0.00      0
1       749 14.0       3.16e+09     74.83     55.60   1403.96   3202.55      0.00      1
1       750 14.0       2.57e+09     75.83    165.60  -4390.95   1078.06      0.00      1
1       751 14.0       1.00e+11     65.17    224.72  -2538.14  -4348.14      0.00      1
1       752 14.0       2.00e+09     82.04     35.96    461.84   5110.72      0.00      1
1       753 14.0       4.07e+10     77.98     71.83   4329.69   2771.22      0.00      1
1       754 14.0       3.98e+10     71.21    145.18    674.55   1298.06      0.00      1
1       755 14.0       5.25e+10     86.84     85.37   3665.79 -10054.32      0.00      1
1       756 14.0       3.47e+09     85.39    122.09  -1758.56  -9990.76      0.00      1
1       757 14.0       5.25e+09     76.24    332.61   1609.24  -1404.64      0.00      1
1       758 14.0       1.32e+10     80.60     50.51   3569.46   4747.96      0.00      1
1       759 14.0       7.59e+10     69.48     26.45   2857.88   2478.42      0.00      1
1       760 14.0       2.88e+09     77.07     96.97   -313.69  -4802.31      0.00      1
1       761 14.0       1.45e+10     79.68     95.97   1790.12  -3363.65      0.00      1
1       762 14.0       1.32e+10     78.82    179.82  -1031.77  -6736.03      0.00      1
1       763 14.0       1.10e+09     75.50    210.47  -1229.24     29.00      0.00      1
1       764 14.0       2.45e+09     87.47    329.97  -3293.29 -10318.89      0.00      0
1       765 14.0       2.75e+09     71.23     96.58  -3187.90  -1996.35      0.00      1
1       766 14.0       3.63e+09     81.86     98.30   -588.99  -3186.10      0.00      1
1       767 14.0       1.02e+09     85.74    297.52   -729.36 -10489.72      0.00      0
1       768 14.0       2.00e+09     73.31    272.46   2030.67   1893.74      0.00      1
1       769 14.0       2.45e+10     80.69     88.02   2391.26  -4126.94      0.00      1
1       770 14.0       3.16e+10     76.23    220.00    760.56   4194.18      0.00      1
1       771 14.0       3.16e+10     72.40    181.66   1582.10  -1831.75      0.00      1
1       772 14.0       8.51e+09     71.28    201.01   -481.44  -8467.83      0.00      1
1       773 14.0       4.17e+09     73.58    330.05  -3651.10  -8792.63      0.00      1
1       774 14.0       1.82e+10     87.15    349.28   1081.75   5054.63      0.00      1
1       775 14.0       2.57e+10     68.33    333.10  -2946.36  -9239.91      0.00      0
1       776 14.0       7.76e+10     70.98    177.96   -383.07 -10199.05      0.00      1
1       777 14.0       9.55e+10     87.13    291.44  -3991.41  -1959.87      0.00      1
1       778 14.0       9.12e+10     85.99    120.23    553.44   1779.29      0.00      1
1       779 14.0       8.71e+10     68.73    222.13   3337.73    702.14      0.00      1
1       780 14.0       1.23e+10     85.40    102.47   2862.72  -4218.19      0.00      1
1       781 14.0       1.02e+09     85.96    168.85   -460.64    -36.56      0.00      1
1       782 14.0       4.17e+10     70.72     72.63  -1097.86  -3957.18      0.00      1
1       783 14.0       1.26e+10     77.96    203.47   5959.63   4942.07      0.00      1
1       784 14.0       4.90e+10     68.66     41.65   6458.01  -6829.60      0.00      1
1       785 14.0       2.45e+10     67.67    186.60   1208.83 -10322.77      0.00      1
1       786 14.0       5.01e+10     78.21     96.23   2190.56  -7721.80      0.00      1
1       787 14.0       5.13e+09     68.44    345.60  -2560.26 -10835.23      0.00      1
1       788 14.0       9.77e+10     83.88    151.11   3935.41    193.29      0.00      1
1       789 14.0       4.07e+09     80.44     82.75   -223.58  -9893.70      0.00      1
1       790 14.0       1.48e+09     69.40    357.39  -2754.88  -8515.34      0.00      1
1       791 14.0       2.14e+09     67.26     57.13  -1265.07   1331.16      0.00      1
1       792 14.0       8.71e+10     71.71    256.86   4777.06  -9361.24      0.00      1
1       793 14.0       2.69e+10     79.50     47.37  -3024.03   4844.29      0.00      0
1       794 14.0       1.29e+09     86.62      7.16  -1740.31 -10591.78      0.00      1
1       795 14.0       9.33e+10     86.28     70.04  -3839.17  -5620.75      0.00      1
1       796 14.0       1.78e+09     80.26    353.48   -599.87 -10836.41      0.00      1
1       797 14.0       2.69e+10     82.35    102.13  -2062.50 -11196.79      0.00      1
1       798 14.0       1.15e+09     80.20    273.18   6407.16    242.03      0.00      1
1       799 14.0       3.16e+10     79.70    293.29  -2136.77  -4881.51      0.00      1
