1      3500 14.0       1.32e+09     85.42    337.74  -1638.29  -1967.19      0.00      1
1      3501 14.0       3.55e+10     82.24    217.32  -3116.62  -3668.30      0.00      1
1      3502 14.0       3.80e+09     70.74     72.67   6181.47  -5110.72      0.00      1
1      3503 14.0       3.02e+09     68.37     54.40  -1728.12   5008.86      0.00      1
1      3504 14.0       1.00e+10     81.86    193.75  -2353.39  -9164.14      0.00      1
1      3505 14.0       1.45e+10     79.30     17.79   -774.43   4061.73      0.00      1
1      3506 14.0       1.17e+09     86.03     90.84   2588.16  -3026.88      0.00      1
1      3507 14.0       1.35e+09     75.43    350.07  -1250.07   -725.97      0.00      1
1      3508 14.0       2.95e+10     87.36    204.32   3889.79  -3454.15      0.00      1
1      3509 14.0       1.91e+09     79.70     58.20   3274.32   3420.29      0.00      1
1      3510 14.0       5.89e+10     85.82     88.81   1271.90  -6943.29      0.00      1
1      3511 14.0       3.47e+09     74.27     97.42   3075.96  -9050.25      0.00      1
1      3512 14.0       2.24e+09     72.23    222.28  -2127.17   3630.94      0.00      1
1      3513 14.0       7.94e+10     69.21    139.25    -36.86  -6673.14      0.00      1
1      3514 14.0       9.12e+09     81.52    258.54   1175.64  -6921.56      0.00      1
1      3515 14.0       1.51e+10     85.29     52.05  -2397.38    820.23      0.00      1
1      3516 14.0       2.14e+10     82.18    116.74     50.16  -9122.40      0.00      1
1      3517 14.0       5.50e+10     72.65    150.88  -3317.75  -2175.76      0.00      1
1      3518 14.0       4.79e+09     74.56    292.73   4569.85  -6453.93      0.00      1
1      3519 14.0       5.50e+10     74.87    178.41    256.22  -5886.83      0.00      1
1      3520 14.0       6.61e+09     67.85    120.18   3729.86   4206.11      0.00      1
1      3521 14.0       2.29e+10     79.61    210.99  -4011.14  -4364.36      0.00      1
1      3522 14.0       2.40e+09     82.46     38.44   5684.09  -2787.12      0.00      1
1      3523 14.0       1.23e+09     80.19    315.31   -840.41   2722.64      0.00      1
1      3524 14.0       4.47e+09     81.51    307.27   1445.02   2592.59      0.00      1
1      3525 14.0       5.37e+09     73.69    151.54   5247.66   2044.56      0.00      1
1      3526 14.0       2.82e+09     82.44     56.55    395.69   2616.60      0.00      1
1      3527 14.0       1.17e+10     81.76    250.35   1924.88   4312.38      0.00      1
1      3528 14.0       1.86e+09     84.30    126.42   6321.18   2252.86      0.00      1
1      3529 14.0       2.75e+10     80.59    359.21   1444.86   -141.85      0.00      1
1      3530 14.0       6.46e+10     77.32    171.25    262.82  -3962.62      0.00      1
1      3531 14.0       6.03e+10     74.48     53.08   3468.56  -1771.51      0.00      1
1      3532 14.0       2.00e+10     80.54    308.35    895.64 -10239.75      0.00      1
1      3533 14.0       2.40e+09     73.16    307.24   3354.98  -5043.42      0.00      1
1      3534 14.0       3.16e+10     78.65    321.79   1695.51  -5287.41      0.00      1
1      3535 14.0       1.35e+09     67.04    330.77  -1412.46  -6961.40      0.00      1
1      3536 14.0       9.55e+10     69.08     35.84  -3561.66   4315.89      0.00      0
1      3537 14.0       4.17e+09     84.39    308.49  -1333.34  -7304.64      0.00      1
1      3538 14.0       6.76e+09     69.82    113.33  -3476.41  -8247.28      0.00      1
1      3539 14.0       6.76e+10     66.59    101.62  -2768.11   4154.11      0.00      0
1      3540 14.0       1.26e+10     83.63    339.89   3681.92  -5701.10      0.00      1
1      3541 14.0       1.41e+10     69.79    147.38   6253.19   -607.99      0.00      0
1      3542 14.0       1.07e+10     66.88    311.22   3542.16 -10310.37      0.00      0
1      3543 14.0       3.39e+10     73.41    355.86   2483.30  -5631.25      0.00      1
1      3544 14.0       4.79e+10     83.62     69.19  -3917.60  -1782.80      0.00      1
1      3545 14.0       7.08e+10     86.40    280.37    842.39   2816.70      0.00      1
1      3546 14.0       3.31e+10     67.64      6.70  -1034.88 -10955.49      0.00      1
1      3547 14.0       8.51e+09     74.43     60.69   5604.49  -5488.26      0.00      1
1      3548 14.0       3.02e+09     87.29    305.23    688.04   1493.43      0.00      1
1      3549 14.0       3.98e+10     69.66    171.79  -1712.25  -9534.71      0.00      1
1      3550 14.0       8.13e+09     66.65     86.37    574.91 -10081.74      0.00      0
1      3551 14.0       6.92e+10     77.63     80.27   4325.65   3766.36      0.00      1
1      3552 14.0       1.20e+09     72.71    269.14  -1072.29  -7938.05      0.00      1
1      3553 14.0       1.07e+10     71.71    188.28  -1584.01   -633.85      0.00      1
1      3554 14.0       6.61e+09     80.35    205.53  -2204.02   1345.61      0.00      1
1      3555 14.0       2.09e+09     67.52     95.22  -3394.41    105.04      0.00      1
1      3556 14.0       1.05e+09     77.26    293.05   3728.01  -9792.86      0.00      1
1      3557 14.0       3.16e+09     67.84    243.18   1695.97  -5199.81      0.00      1
1      3558 14.0       3.09e+09     76.23    298.99   2911.43  -3408.81      0.00      1
1      3559 14.0       8.32e+10     80.15    239.35    490.88 -10587.00      0.00      1
1      3560 14.0       2.29e+10     67.99    328.90  -2355.68   2167.63      0.00      1
1      3561 14.0       3.98e+10     85.54    232.53   6033.41  -2377.01      0.00      1
1      3562 14.0       3.09e+10     81.46    119.79   1461.71  -1351.39      0.00      1
1      3563 14.0       3.47e+10     71.74     43.19    847.50  -3979.37      0.00      0
1      3564 14.0       1.20e+10     86.45    154.51   5670.79    266.88      0.00      1
1      3565 14.0       2.34e+09     83.90    136.77     -8.38   4205.27      0.00      1
1      3566 14.0       4.90e+09     86.43    333.51    573.15    890.69      0.00      1
1      3567 14.0       4.07e+10     82.31     71.85    763.59  -8558.20      0.00      1
1      3568 14.0       2.24e+10     83.27     61.00  -2602.83   -994.40      0.00      1
1      3569 14.0       1.32e+10     74.37    260.17   2263.23  -8290.54      0.00      1
1      3570 14.0       6.17e+10     71.56     33.06   -652.36   -645.45      0.00      1
1      3571 14.0       1.10e+09     68.20     31.01    839.15 -10013.94      0.00      1
1      3572 14.0       3.16e+09     87.79    171.40   5518.36  -3765.88      0.00      1
1      3573 14.0       1.78e+10     65.07    156.19   1065.84  -4600.12      0.00      0
1      3574 14.0       4.07e+10     75.47    177.15   4402.11  -8066.74      0.00      1
1      3575 14.0       3.16e+10     85.93    222.73    440.56  -7921.06      0.00      1
1      3576 14.0       8.51e+09     71.04    201.44   1835.34  -9473.11      0.00      1
1      3577 14.0       2.00e+09     81.75    126.15  -2609.79  -2727.68      0.00      1
1      3578 14.0       3.16e+09     76.06    234.43   5403.42   2327.68      0.00      1
1      3579 14.0       7.94e+10     73.62    228.32   1349.45   2667.29      0.00      1
1      3580 14.0       2.09e+09     76.13    348.18    136.55  -4345.57      0.00      1
1      3581 14.0       1.62e+09     82.09    115.25   1007.76  -9357.77      0.00      1
1      3582 14.0       1.02e+09     73.12    197.93   2783.55  -5430.61      0.00      1
1      3583 14.0       1.23e+10     69.41    209.34   4168.13   1510.25      0.00      1
1      3584 14.0       2.95e+09     85.10    112.58    302.65   1265.98      0.00      1
1      3585 14.0       2.75e+10     82.10    334.00   5221.50  -3846.11      0.00      1
1      3586 14.0       5.01e+09     81.63    185.75  -3020.86  -5213.07      0.00      1
1      3587 14.0       5.62e+09     77.61    193.20   2677.12  -2953.73      0.00      1
1      3588 14.0       4.90e+10     85.79    321.38   4186.54     69.24      0.00      1
1      3589 14.0       2.00e+10     83.41    153.16   2275.42   4080.96      0.00      1
1      3590 14.0       2.88e+09     86.63    310.70   2566.63   -712.93      0.00      1
1      3591 14.0       5.89e+10     70.08    339.50   2465.82  -7377.72      0.00      1
1      3592 14.0       7.24e+10     71.25    237.24  -3522.63  -8669.71      0.00      1
1      3593 14.0       2.40e+09     87.93     61.75  -2784.04  -4590.51      0.00      0
1      3594 14.0       1.17e+09     69.95    119.24   -912.70  -5605.50      0.00      1
1      3595 14.0       3.09e+10     71.61     15.70  -1212.83  -9683.24      0.00      1
1      3596 14.0       3.80e+10     70.57    334.98    368.78  -7746.20      0.00      1
1      3597 14.0       4.90e+10     69.17    257.21   -983.14  -3538.75      0.00      1
1      3598 14.0       6.76e+09     74.54    279.50   -162.62  -9809.53      0.00      1
1      3599 14.0       5.01e+10     74.74     91.87   2188.69  -5278.09      0.00      1
