1    103400 5626.0     1.10e+10     66.71    281.85  -1376.66  -7886.86      0.00      1
1    103401 5626.0     3.89e+10     85.42    109.40   1674.51  -2766.00      0.00      1
1    103402 5626.0     1.95e+09     68.26    255.50    926.53  -7473.07      0.00      1
1    103403 5626.0     2.00e+10     86.13     25.18   6209.91   1316.42      0.00      1
1    103404 5626.0     3.63e+09     86.96     86.47   -403.02   1959.78      0.00      1
1    103405 5626.0     2.34e+09     81.87     26.40    823.94    255.20      0.00      1
1    103406 5626.0     5.89e+09     87.87    325.00   2668.10  -6569.91      0.00      1
1    103407 5626.0     1.78e+10     69.11    330.72   1328.32 -10703.21      0.00      1
1    103408 5626.0     9.55e+10     67.38    335.24   5726.53   2730.38      0.00      0
1    103409 5626.0     9.77e+10     75.05     63.18  -1418.06  -1740.39      0.00      1
1    103410 5626.0     1.66e+09     75.06    176.55   -880.36  -5169.30      0.00      1
1    103411 5626.0     1.38e+09     84.54    327.77   3857.58  -4199.02      0.00      1
1    103412 5626.0     1.23e+10     85.33     66.40   2670.96   4573.96      0.00      1
1    103413 5626.0     2.95e+09     73.76    161.71  -4233.92   4074.26      0.00      1
1    103414 5626.0     5.62e+10     65.84    122.85   5745.39  -1669.53      0.00      0
1    103415 5626.0     4.27e+09     73.33    296.83    398.25  -7129.87      0.00      1
1    103416 5626.0     3.98e+10     79.16     53.84   5834.71  -7019.56      0.00      1
1    103417 5626.0     3.09e+09     84.89    338.89  -2898.41  -4144.17      0.00      1
1    103418 5626.0     2.51e+09     85.13    176.00   -700.75    426.12      0.00      1
1    103419 5626.0     2.34e+09     82.83    258.30    799.92  -6141.49      0.00      1
1    103420 5626.0     3.16e+10     86.99     76.83  -2658.37  -4738.56      0.00      1
1    103421 5626.0     7.41e+09     70.59    288.18   -118.52  -8851.59      0.00      1
1    103422 5626.0     2.00e+10     77.93      2.46  -1095.98  -1651.33      0.00      1
1    103423 5626.0     1.86e+09     86.45    290.97   3174.18    134.74      0.00      0
1    103424 5626.0     1.41e+10     86.07    197.10     -3.41  -2816.99      0.00      1
1    103425 5626.0     2.40e+09     66.57     21.53   6054.40  -8587.76      0.00      0
1    103426 5626.0     1.62e+09     71.87     17.84   3185.99   4922.68      0.00      1
1    103427 5626.0     2.24e+10     67.04     55.03   1904.75  -2139.41      0.00      1
1    103428 5626.0     6.76e+10     65.33      9.91  -2187.40  -3480.38      0.00      1
1    103429 5626.0     3.72e+10     79.73     98.06  -1647.31  -4520.70      0.00      1
1    103430 5626.0     8.32e+09     82.31    125.33    159.68  -8299.58      0.00      1
1    103431 5626.0     1.41e+10     74.38    192.18  -1048.45  -3052.03      0.00      1
1    103432 5626.0     5.37e+09     84.79    330.34  -1712.05   2154.08      0.00      1
1    103433 5626.0     2.04e+09     72.27    329.26   4074.76  -4467.78      0.00      1
1    103434 5626.0     3.39e+10     84.23    287.63    944.54  -6536.81      0.00      1
1    103435 5626.0     4.37e+09     77.35     54.05   -224.76  -3925.92      0.00      1
1    103436 5626.0     3.89e+10     70.59    290.39  -1624.42     30.09      0.00      1
1    103437 5626.0     6.31e+09     82.61    343.89   2509.58   3025.04      0.00      1
1    103438 5626.0     8.71e+09     81.07    189.67   2896.36  -5997.26      0.00      1
1    103439 5626.0     6.46e+10     82.11    144.28  -2638.91  -1356.58      0.00      1
1    103440 5626.0     3.55e+10     71.36    164.66  -2461.65  -7534.08      0.00      1
1    103441 5626.0     3.47e+09     81.53    191.61   3447.39  -4857.92      0.00      1
1    103442 5626.0     1.48e+10     84.32    257.31   4209.36   3224.26      0.00      1
1    103443 5626.0     2.29e+09     87.15    254.45   2908.67   2322.17      0.00      1
1    103444 5626.0     9.77e+09     73.96    185.44  -2691.63    376.26      0.00      1
1    103445 5626.0     1.02e+09     68.96    259.22   4698.15  -9305.71      0.00      0
1    103446 5626.0     3.55e+10     72.04    276.95   1600.45 -11048.60      0.00      1
1    103447 5626.0     8.91e+10     77.57    296.77  -1420.95 -10083.04      0.00      1
1    103448 5626.0     8.32e+10     67.49    202.81    663.34   -444.96      0.00      1
1    103449 5626.0     1.12e+10     69.03      0.88   2991.28  -8721.88      0.00      1
1    103450 5626.0     1.74e+10     77.47    253.57  -2539.28  -1977.12      0.00      1
1    103451 5626.0     2.09e+10     67.89     61.98   4860.53  -2044.30      0.00      0
1    103452 5626.0     2.04e+10     65.50    212.26   -836.17   1020.23      0.00      1
1    103453 5626.0     8.71e+10     65.24    266.28  -2139.00  -4064.76      0.00      1
1    103454 5626.0     5.01e+10     73.41    116.55   2742.37   4363.05      0.00      1
1    103455 5626.0     3.16e+10     72.54     78.28   -314.08  -4818.48      0.00      1
1    103456 5626.0     2.40e+09     66.27    237.29   6289.16  -5105.46      0.00      1
1    103457 5626.0     9.12e+09     72.17    180.36   2913.35 -10763.90      0.00      1
1    103458 5626.0     3.39e+10     66.48     32.73   1284.55   4317.49      0.00      1
1    103459 5626.0     7.08e+09     87.82    227.93   3309.39   4975.32      0.00      1
1    103460 5626.0     5.62e+09     78.24    332.62   6321.71 -10949.59      0.00      1
1    103461 5626.0     4.68e+10     83.68    144.42   3737.37  -5191.26      0.00      1
1    103462 5626.0     2.09e+10     87.58      5.38  -3471.84 -10939.34      0.00      1
1    103463 5626.0     3.80e+09     79.76    142.93  -1715.20  -8716.22      0.00      1
1    103464 5626.0     3.98e+09     80.50    106.60  -1649.55  -8097.10      0.00      1
1    103465 5626.0     3.63e+09     74.88     75.55   4114.88 -10385.46      0.00      1
1    103466 5626.0     2.24e+09     77.80    323.13   4074.32  -5828.65      0.00      1
1    103467 5626.0     3.89e+10     86.28     20.66  -1825.63 -10718.52      0.00      1
1    103468 5626.0     2.14e+10     81.92    121.82    727.78  -8276.56      0.00      1
1    103469 5626.0     7.24e+10     82.23    336.89  -2910.93 -10164.18      0.00      1
1    103470 5626.0     2.34e+10     78.48     79.74   3803.58   1140.06      0.00      1
1    103471 5626.0     5.01e+09     68.78     58.63   3031.97   -919.84      0.00      1
1    103472 5626.0     1.86e+09     78.80    207.89   -605.75  -1267.56      0.00      1
1    103473 5626.0     7.41e+10     79.14    275.37   -523.64   2081.15      0.00      1
1    103474 5626.0     2.51e+10     68.38    146.44   1351.60  -8651.98      0.00      0
1    103475 5626.0     1.26e+09     83.97    105.52   6495.29   4812.51      0.00      1
1    103476 5626.0     2.04e+10     69.25    333.49   4262.40   2324.82      0.00      1
1    103477 5626.0     6.92e+10     79.83    137.46   5995.37   1925.79      0.00      1
1    103478 5626.0     1.02e+09     74.38    208.83   -885.29    434.66      0.00      1
1    103479 5626.0     1.29e+09     82.05    103.11    711.22  -6266.09      0.00      1
1    103480 5626.0     1.35e+10     79.05    198.11  -1307.42  -4680.25      0.00      1
1    103481 5626.0     7.76e+09     75.74    205.61   4843.49    997.63      0.00      1
1    103482 5626.0     6.46e+09     70.10    251.82   6407.82    697.77      0.00      1
1    103483 5626.0     6.17e+09     68.79    346.63  -1404.83 -10186.38      0.00      1
1    103484 5626.0     3.55e+09     81.17    342.43   1557.15  -9041.72      0.00      1
1    103485 5626.0     2.29e+10     71.62    207.80  -2882.02 -10980.42      0.00      1
1    103486 5626.0     7.41e+10     86.36     91.78   6490.71   1286.87      0.00      1
1    103487 5626.0     2.40e+09     86.73     32.88   4878.57  -6323.39      0.00      1
1    103488 5626.0     4.17e+09     75.32    159.98     36.85 -10919.49      0.00      1
1    103489 5626.0     1.10e+09     65.17    223.13  -2073.31   1377.46      0.00      1
1    103490 5626.0     2.24e+10     86.13    340.44  -4300.13  -3515.47      0.00      1
1    103491 5626.0     9.12e+10     67.82    169.17   4589.72  -8051.52      0.00      0
1    103492 5626.0     2.95e+09     72.23     12.20  -2408.67  -5455.93      0.00      1
1    103493 5626.0     4.07e+09     85.81    262.15   3235.10 -10926.92      0.00      1
1    103494 5626.0     3.89e+10     80.99    274.00   6048.10  -5306.75      0.00      1
1    103495 5626.0     2.75e+10     68.79    314.88   -189.15  -7897.62      0.00      1
1    103496 5626.0     9.12e+09     67.09    242.17   -936.45   2876.22      0.00      1
1    103497 5626.0     1.86e+10     79.98    281.99   -811.36 -10517.42      0.00      1
1    103498 5626.0     1.07e+10     86.37    159.75   2779.97  -2480.02      0.00      1
1    103499 5626.0     5.50e+10     87.83     36.68    753.33 -10040.59      0.00      1
