1    100400 5626.0     2.69e+09     79.85    357.90  -1308.97  -7127.41      0.00      1
1    100401 5626.0     1.86e+10     74.32    242.60   5853.24  -2598.61      0.00      1
1    100402 5626.0     6.92e+09     68.20    104.59   3114.48    110.24      0.00      1
1    100403 5626.0     5.13e+10     87.05     14.10  -3057.50  -1971.10      0.00      1
1    100404 5626.0     6.03e+09     83.80     16.42   2865.86   3133.00      0.00      1
1    100405 5626.0     2.34e+10     68.09    166.10    565.20   1648.13      0.00      1
1    100406 5626.0     2.34e+10     67.92    129.21   -924.75   3575.61      0.00      1
1    100407 5626.0     4.37e+09     80.62     88.05  -1901.81   4198.27      0.00      1
1    100408 5626.0     1.26e+09     66.72    229.90   5656.59  -5606.01      0.00      0
1    100409 5626.0     2.04e+09     72.69    157.90  -2285.54  -6663.28      0.00      1
1    100410 5626.0     6.61e+09     73.27    203.36  -1253.15   1730.44      0.00      1
1    100411 5626.0     4.27e+10     82.72    337.17   6041.28   1470.51      0.00      1
1    100412 5626.0     4.79e+10     65.08    120.71   5109.77  -3896.80      0.00      1
1    100413 5626.0     8.32e+10     69.79    350.40    418.72  -2437.14      0.00      1
1    100414 5626.0     5.75e+10     78.01    285.18   -404.28   -822.18      0.00      1
1    100415 5626.0     2.09e+10     74.47    346.77   4288.56   2573.57      0.00      1
1    100416 5626.0     1.86e+09     66.78    314.85  -3796.50   3764.06      0.00      0
1    100417 5626.0     7.76e+10     68.53    327.61   1339.12   4084.62      0.00      1
1    100418 5626.0     1.41e+09     73.82    257.75  -3535.90  -7119.57      0.00      1
1    100419 5626.0     1.58e+10     87.96    306.72   5092.67  -1430.66      0.00      1
1    100420 5626.0     8.32e+09     82.40    230.38   2800.06  -5790.63      0.00      1
1    100421 5626.0     3.09e+10     81.33    193.02   1857.21 -10613.77      0.00      1
1    100422 5626.0     1.10e+10     70.58    282.37   4865.68  -7774.29      0.00      1
1    100423 5626.0     1.95e+10     82.36    271.87  -2676.01  -4627.03      0.00      1
1    100424 5626.0     2.24e+09     78.91     56.35   1417.49  -7217.91      0.00      1
1    100425 5626.0     6.76e+09     84.56     26.14   2121.67   -366.54      0.00      1
1    100426 5626.0     4.37e+10     68.76    134.37   6295.24  -1953.51      0.00      0
1    100427 5626.0     7.41e+09     87.17     16.68     53.38  -9719.72      0.00      1
1    100428 5626.0     1.29e+09     71.71     79.15   1000.05   4937.10      0.00      1
1    100429 5626.0     5.25e+09     66.68    166.10   1174.59  -9544.15      0.00      1
1    100430 5626.0     5.01e+10     67.62    258.71     57.48  -2137.30      0.00      1
1    100431 5626.0     9.33e+09     75.04     42.15   -266.33  -5762.83      0.00      1
1    100432 5626.0     2.82e+09     77.12    196.73   2718.21  -7079.12      0.00      1
1    100433 5626.0     6.17e+10     86.00    286.14   2232.08  -8505.70      0.00      1
1    100434 5626.0     1.58e+09     73.16    277.45   -307.08  -6584.48      0.00      1
1    100435 5626.0     6.31e+10     82.61     51.76   1651.87   2147.54      0.00      1
1    100436 5626.0     8.13e+09     73.04    356.93    156.57   4884.36      0.00      1
1    100437 5626.0     1.32e+09     71.56    214.03   2811.48   2318.99      0.00      1
1    100438 5626.0     1.41e+09     76.61     53.50    207.65   2917.76      0.00      1
1    100439 5626.0     2.51e+10     69.68      7.02  -4280.75   3589.73      0.00      0
1    100440 5626.0     7.94e+10     86.94    179.34   5286.64    618.51      0.00      1
1    100441 5626.0     5.37e+10     71.58    102.88  -3742.04  -5194.31      0.00      1
1    100442 5626.0     2.24e+10     82.55    222.73  -2849.91   4082.19      0.00      1
1    100443 5626.0     6.31e+09     72.23    358.31  -3344.78  -6474.65      0.00      0
1    100444 5626.0     6.61e+10     69.54    358.82  -1882.13  -8866.22      0.00      1
1    100445 5626.0     5.50e+10     67.47    203.17   -606.39  -5684.65      0.00      1
1    100446 5626.0     2.40e+10     66.71    311.25    378.16   -599.09      0.00      1
1    100447 5626.0     1.35e+10     87.85    112.45   3342.72  -9988.72      0.00      1
1    100448 5626.0     5.75e+09     83.53    218.11   -529.02   -757.60      0.00      1
1    100449 5626.0     3.55e+10     86.55    153.41   6330.22  -5656.75      0.00      1
1    100450 5626.0     4.37e+10     76.68    299.62  -4067.09   -474.26      0.00      1
1    100451 5626.0     6.61e+09     77.81     20.98   2138.06  -3062.60      0.00      1
1    100452 5626.0     6.92e+10     77.35     59.17   4121.25  -6620.34      0.00      1
1    100453 5626.0     1.35e+10     86.60     22.44   5471.37   2177.17      0.00      1
1    100454 5626.0     2.45e+10     67.13    335.22  -4069.36   4350.38      0.00      1
1    100455 5626.0     8.51e+09     71.93    232.67   -294.70  -7465.17      0.00      1
1    100456 5626.0     5.01e+09     77.79    227.59   3849.82 -10303.36      0.00      1
1    100457 5626.0     9.77e+09     76.29     20.76   4618.21    425.69      0.00      1
1    100458 5626.0     6.92e+09     84.67     18.13   6165.66  -9520.98      0.00      1
1    100459 5626.0     9.55e+09     86.73    171.76   1550.21   1101.84      0.00      1
1    100460 5626.0     4.17e+09     81.96    290.27    782.00  -2950.19      0.00      1
1    100461 5626.0     3.47e+10     78.56    280.40   5610.85 -10474.79      0.00      1
1    100462 5626.0     3.24e+10     76.65     79.50  -2032.97   -221.30      0.00      1
1    100463 5626.0     1.66e+09     71.84     79.58  -1529.29  -4782.58      0.00      1
1    100464 5626.0     1.51e+09     80.40    219.49  -1367.05  -1540.08      0.00      1
1    100465 5626.0     2.69e+10     84.09    128.05   -174.33   1179.34      0.00      1
1    100466 5626.0     9.77e+10     81.62     72.68  -3859.88   2167.42      0.00      1
1    100467 5626.0     3.98e+10     71.52    111.38  -2399.42   3557.92      0.00      1
1    100468 5626.0     5.62e+10     85.08     40.22  -2921.21   3776.24      0.00      1
1    100469 5626.0     1.35e+09     70.48    283.18  -1028.02 -10036.56      0.00      1
1    100470 5626.0     4.90e+10     74.27    147.25   -293.70  -9025.83      0.00      1
1    100471 5626.0     4.57e+09     83.46    216.98  -2558.92  -9740.33      0.00      1
1    100472 5626.0     4.37e+09     85.91     33.56  -3559.02   1995.25      0.00      1
1    100473 5626.0     5.89e+09     81.88    210.34   1488.06  -9203.10      0.00      1
1    100474 5626.0     5.25e+09     67.40    206.96  -2067.01    746.14      0.00      1
1    100475 5626.0     1.51e+09     65.38     68.63  -2578.31  -8773.86      0.00      1
1    100476 5626.0     1.74e+09     65.19    150.67   5440.95  -2677.17      0.00      0
1    100477 5626.0     8.71e+09     67.67    235.07   3388.78   3019.04      0.00      1
1    100478 5626.0     1.26e+09     74.24    144.44   3613.29  -5138.85      0.00      1
1    100479 5626.0     2.63e+10     82.84    158.96  -1964.76    207.73      0.00      1
1    100480 5626.0     2.24e+09     85.09    147.81   4696.71    420.75      0.00      1
1    100481 5626.0     2.69e+10     73.11    135.22   -702.61   2805.95      0.00      1
1    100482 5626.0     5.50e+10     68.54     54.30   4389.73  -1740.37      0.00      0
1    100483 5626.0     2.75e+09     76.37    311.76   3554.37  -1814.02      0.00      1
1    100484 5626.0     3.24e+09     66.14     79.53  -3138.49  -4888.74      0.00      1
1    100485 5626.0     2.51e+10     76.40    353.14  -2695.72  -7511.51      0.00      1
1    100486 5626.0     2.69e+10     68.70     14.22   5738.08  -2244.51      0.00      1
1    100487 5626.0     3.24e+10     81.41    200.16  -3564.62    804.58      0.00      1
1    100488 5626.0     2.34e+09     70.40    285.83   2175.16  -5828.42      0.00      1
1    100489 5626.0     5.25e+10     65.90    114.56  -1781.82  -7322.17      0.00      1
1    100490 5626.0     2.69e+10     75.73    167.67  -2414.18  -6068.17      0.00      1
1    100491 5626.0     1.29e+10     76.32     54.68  -1601.95  -5785.68      0.00      1
1    100492 5626.0     2.34e+09     75.39    201.77  -2969.66 -10153.32      0.00      1
1    100493 5626.0     2.19e+09     66.63     38.15  -4143.08  -8058.68      0.00      1
1    100494 5626.0     9.55e+09     69.54    313.06  -2273.89   -865.60      0.00      1
1    100495 5626.0     1.74e+09     81.97     15.78  -1679.73  -7166.66      0.00      1
1    100496 5626.0     4.47e+10     68.04    188.67  -3783.26  -9726.23      0.00      0
1    100497 5626.0     1.82e+10     77.78    264.16  -3581.49    -86.42      0.00      1
1    100498 5626.0     4.68e+10     83.90    167.88  -2227.75  -9132.07      0.00      1
1    100499 5626.0     4.37e+09     80.67    257.01  -2304.10  -1530.39      0.00      1
