1    105500 5626.0     1.66e+08     83.22    116.66  -2705.48   2316.99      0.00      0
1    105501 5626.0     9.55e+08     75.76    248.73   3585.55  -3731.93      0.00      1
1    105502 5626.0     1.95e+08     65.33     52.19    797.00  -9366.77      0.00      0
1    105503 5626.0     1.86e+08     68.51    179.54   5872.47  -4560.05      0.00      0
1    105504 5626.0     1.58e+08     78.54    153.40   3971.44   2265.94      0.00      0
1    105505 5626.0     7.76e+08     66.17    214.90   4706.96  -6627.07      0.00      0
1    105506 5626.0     3.16e+08     83.07    164.88  -3305.43   2381.71      0.00      0
1    105507 5626.0     3.55e+08     77.56    273.14   5662.70   1846.67      0.00      1
1    105508 5626.0     9.12e+08     81.13    259.25   4089.24   1430.83      0.00      1
1    105509 5626.0     8.71e+08     83.58    211.45   5922.14 -10853.56      0.00      0
1    105510 5626.0     3.63e+08     78.56    184.03  -3539.99  -8899.91      0.00      1
1    105511 5626.0     2.95e+08     76.13     12.35   3512.19  -3884.29      0.00      1
1    105512 5626.0     1.66e+08     74.03     55.55   6049.22 -10072.02      0.00      0
1    105513 5626.0     8.51e+08     81.75    184.86    -70.91  -6807.57      0.00      1
1    105514 5626.0     2.57e+08     70.24      9.31  -2132.74   -193.66      0.00      1
1    105515 5626.0     5.89e+08     66.21    342.05   -508.84  -6327.66      0.00      0
1    105516 5626.0     7.59e+08     83.01     50.65   5712.95  -5119.79      0.00      1
1    105517 5626.0     5.62e+08     73.20    163.11   2333.29  -1515.59      0.00      1
1    105518 5626.0     3.39e+08     84.56    336.40  -2308.08  -6588.06      0.00      0
1    105519 5626.0     8.71e+08     84.51    330.44   1535.63   4085.10      0.00      1
1    105520 5626.0     2.82e+08     65.71    100.68   5976.14  -1113.54      0.00      0
1    105521 5626.0     5.01e+08     76.19    115.44   2882.20  -4778.59      0.00      1
1    105522 5626.0     8.32e+08     76.73    323.28   3806.74  -4921.35      0.00      1
1    105523 5626.0     7.76e+08     85.12     31.60   -495.27  -4283.00      0.00      0
1    105524 5626.0     2.19e+08     84.50    248.18   -840.34   1525.52      0.00      0
1    105525 5626.0     4.17e+08     87.42     30.60   1187.18   -791.88      0.00      0
1    105526 5626.0     1.48e+08     67.63    136.61   1221.96 -10977.33      0.00      0
1    105527 5626.0     5.75e+08     87.64    100.70   5888.13  -1178.72      0.00      0
1    105528 5626.0     9.33e+08     79.06    329.44   5421.90  -4702.19      0.00      1
1    105529 5626.0     4.17e+08     73.00     10.96   -253.41   2810.65      0.00      1
1    105530 5626.0     4.90e+08     84.12     62.06   1236.41   -970.20      0.00      0
1    105531 5626.0     1.26e+08     70.56    220.58   4972.76   -417.40      0.00      0
1    105532 5626.0     1.82e+08     84.37    337.66  -3759.93  -2449.54      0.00      0
1    105533 5626.0     1.12e+08     79.12    205.37   1357.83  -3728.80      0.00      0
1    105534 5626.0     7.24e+08     75.22    227.37    881.87 -10168.83      0.00      1
1    105535 5626.0     6.61e+08     82.25    119.60   4686.97   -627.24      0.00      1
1    105536 5626.0     3.39e+08     77.11    323.79  -3548.27  -6499.33      0.00      1
1    105537 5626.0     1.05e+08     84.40     36.11    318.40  -2854.10      0.00      0
1    105538 5626.0     1.29e+08     82.51    269.44  -1255.41   -325.60      0.00      0
1    105539 5626.0     6.17e+08     84.36    250.10   5571.95   1205.46      0.00      0
1    105540 5626.0     5.13e+08     79.34    220.97   5533.17   4310.51      0.00      1
1    105541 5626.0     3.80e+08     77.01     65.71  -4305.54   2739.94      0.00      1
1    105542 5626.0     3.09e+08     69.14     89.10  -3289.15  -7826.61      0.00      0
1    105543 5626.0     2.82e+08     68.46    259.22   2387.16  -7028.82      0.00      0
1    105544 5626.0     1.15e+08     66.86    145.78   1843.44 -11087.73      0.00      0
1    105545 5626.0     1.35e+08     82.09     52.14     66.57    809.49      0.00      0
1    105546 5626.0     1.29e+08     73.63     97.14   1810.63   -183.44      0.00      0
1    105547 5626.0     1.74e+08     73.25     11.23  -3966.58   -524.00      0.00      0
1    105548 5626.0     4.68e+08     77.38    230.82  -3293.63   1917.95      0.00      1
1    105549 5626.0     5.37e+08     82.17      5.28  -1032.01   4447.05      0.00      1
1    105550 5626.0     3.80e+08     81.27     24.62   3898.88  -5587.40      0.00      0
1    105551 5626.0     8.91e+08     74.61    322.89   5231.40  -9361.75      0.00      1
1    105552 5626.0     4.17e+08     67.64    297.71   1387.09  -7157.42      0.00      0
1    105553 5626.0     1.07e+08     76.95    249.11   3676.86   3772.91      0.00      0
1    105554 5626.0     2.45e+08     68.93     20.72   5002.76    836.14      0.00      0
1    105555 5626.0     1.58e+08     67.06      9.55  -1123.20  -6958.55      0.00      0
1    105556 5626.0     3.09e+08     77.35     40.00   5957.83   4395.42      0.00      0
1    105557 5626.0     2.57e+08     78.33    261.93   6237.89   -150.06      0.00      0
1    105558 5626.0     1.70e+08     75.55     31.96   3362.41  -5333.80      0.00      0
1    105559 5626.0     6.17e+08     84.12    167.93    766.67  -7670.78      0.00      0
1    105560 5626.0     4.37e+08     68.20    337.58    964.49  -7335.06      0.00      1
1    105561 5626.0     3.63e+08     76.92    142.68     49.00  -3028.01      0.00      1
1    105562 5626.0     1.78e+08     71.77    132.72     46.31   1566.58      0.00      0
1    105563 5626.0     1.91e+08     79.89    186.98   1958.14   5089.04      0.00      0
1    105564 5626.0     1.70e+08     82.08    338.14   5487.21 -10738.93      0.00      0
1    105565 5626.0     1.45e+08     76.70    200.37   1900.59 -10603.00      0.00      0
1    105566 5626.0     4.79e+08     74.70    181.51   5687.16   1495.05      0.00      1
1    105567 5626.0     1.58e+08     87.26    263.65   -108.26    439.14      0.00      0
1    105568 5626.0     3.89e+08     66.04    333.26    534.32 -10814.07      0.00      0
1    105569 5626.0     8.13e+08     76.39     20.22  -2141.24   -764.79      0.00      1
1    105570 5626.0     2.04e+08     70.15    241.15   4172.76  -8582.02      0.00      0
1    105571 5626.0     7.94e+08     67.72    132.80  -2386.99   2503.08      0.00      1
1    105572 5626.0     3.98e+08     65.02    342.35   1857.61  -4847.85      0.00      0
1    105573 5626.0     3.16e+08     76.34    274.07   3891.57   1392.20      0.00      1
1    105574 5626.0     1.74e+08     72.27    280.02   6291.33  -1465.28      0.00      0
1    105575 5626.0     1.15e+08     68.37    133.19   4415.12 -10703.01      0.00      0
1    105576 5626.0     1.20e+08     83.37    280.59   1257.32    946.64      0.00      0
1    105577 5626.0     1.02e+08     82.80     83.75  -1845.47  -8359.03      0.00      0
1    105578 5626.0     3.16e+08     87.32     72.57   5302.11  -6994.85      0.00      0
1    105579 5626.0     1.26e+08     65.13     86.10   4785.36  -3932.71      0.00      0
1    105580 5626.0     1.45e+08     80.05    224.27   2204.93 -10155.60      0.00      0
1    105581 5626.0     8.51e+08     73.57    225.14  -3388.39  -7518.08      0.00      1
1    105582 5626.0     6.76e+08     85.87    168.11    566.97  -6482.86      0.00      0
1    105583 5626.0     2.51e+08     71.36     22.35  -3942.89   2232.26      0.00      1
1    105584 5626.0     6.03e+08     81.24     94.85   4669.06  -6505.47      0.00      1
1    105585 5626.0     6.46e+08     68.07    108.55  -3457.66  -8907.47      0.00      1
1    105586 5626.0     1.26e+08     68.12     91.11   3125.61  -7546.11      0.00      0
1    105587 5626.0     6.61e+08     85.77    252.89   4199.45   -247.00      0.00      0
1    105588 5626.0     3.47e+08     78.24    289.11   1043.24   3670.82      0.00      1
1    105589 5626.0     1.74e+08     82.11     61.48   1214.17    253.18      0.00      0
1    105590 5626.0     1.70e+08     80.20    224.79   5552.09   1842.40      0.00      0
1    105591 5626.0     3.47e+08     66.47    178.55  -1563.46 -11245.95      0.00      0
1    105592 5626.0     1.35e+08     84.57    293.21   2874.20  -1577.21      0.00      0
1    105593 5626.0     1.86e+08     67.97    239.49  -3137.41   3515.63      0.00      0
1    105594 5626.0     3.80e+08     70.91    282.07  -3429.41   1680.40      0.00      1
1    105595 5626.0     1.86e+08     66.33     31.89   3548.17 -10726.45      0.00      0
1    105596 5626.0     2.69e+08     79.06     79.62  -1543.85  -9374.41      0.00      0
1    105597 5626.0     1.45e+08     86.20    150.08  -2267.29   2559.26      0.00      0
1    105598 5626.0     7.24e+08     65.53    289.73   -903.71   4076.36      0.00      1
1    105599 5626.0     5.01e+08     78.04    274.77   4898.43  -6537.38      0.00      1
