1    103800 5626.0     1.07e+09     65.50     19.96   5124.16   3923.88      0.00      0
1    103801 5626.0     2.57e+10     76.65      7.53  -2163.59  -8071.56      0.00      1
1    103802 5626.0     4.47e+09     69.48     54.27  -1274.50   2744.83      0.00      1
1    103803 5626.0     5.50e+09     79.57    270.04   -476.56  -3078.15      0.00      1
1    103804 5626.0     4.17e+09     74.76    331.07   1717.05   -249.10      0.00      1
1    103805 5626.0     5.25e+10     85.76    272.61    649.60   2328.27      0.00      1
1    103806 5626.0     4.37e+10     78.95    278.50   2242.96   1751.10      0.00      1
1    103807 5626.0     9.55e+10     80.33    158.14   3324.25   4021.54      0.00      1
1    103808 5626.0     2.14e+09     73.14    301.59   5814.56  -8238.20      0.00      1
1    103809 5626.0     1.45e+09     67.80    328.51   -393.95  -5800.33      0.00      0
1    103810 5626.0     2.45e+10     78.22    153.83    550.18    882.33      0.00      1
1    103811 5626.0     6.61e+10     69.21    262.92  -3523.07   2758.75      0.00      1
1    103812 5626.0     1.10e+10     80.72     45.55  -2500.57  -3101.09      0.00      1
1    103813 5626.0     1.00e+10     66.08    260.71   5274.12   1819.92      0.00      0
1    103814 5626.0     1.55e+10     74.18    157.84    564.77  -8514.52      0.00      1
1    103815 5626.0     1.51e+10     70.68    234.60  -4241.06  -2401.83      0.00      1
1    103816 5626.0     5.01e+09     87.40     69.98   2049.17  -1977.37      0.00      1
1    103817 5626.0     6.31e+10     67.72     42.77  -2937.18   4490.43      0.00      0
1    103818 5626.0     6.03e+09     82.48    248.45   5343.54     64.15      0.00      1
1    103819 5626.0     4.79e+10     66.92    151.36   5936.50  -9879.70      0.00      0
1    103820 5626.0     2.40e+09     73.32    157.76   3538.15 -11032.29      0.00      1
1    103821 5626.0     9.12e+10     69.06    167.59  -2532.59  -5055.59      0.00      1
1    103822 5626.0     2.29e+09     87.38    152.80  -1562.66  -7856.56      0.00      0
1    103823 5626.0     5.75e+10     81.62     74.65   6243.45  -2537.30      0.00      1
1    103824 5626.0     1.35e+09     71.45     38.45    752.68  -1445.14      0.00      1
1    103825 5626.0     4.07e+10     70.50    208.28   4382.57  -7280.31      0.00      1
1    103826 5626.0     3.47e+10     69.01     10.79  -1955.67  -1351.59      0.00      1
1    103827 5626.0     7.94e+09     87.42     18.84   -401.65   5180.33      0.00      1
1    103828 5626.0     2.69e+09     86.85    165.69  -2175.32   1904.95      0.00      1
1    103829 5626.0     5.50e+09     65.19     55.47    829.67   4693.38      0.00      0
1    103830 5626.0     5.13e+09     66.27    194.16   3464.68    -70.41      0.00      1
1    103831 5626.0     1.00e+10     74.82      7.40    776.02   -979.53      0.00      1
1    103832 5626.0     8.32e+09     86.28    161.66   -639.18  -6694.05      0.00      1
1    103833 5626.0     1.95e+09     80.09    337.24  -4055.45    789.57      0.00      1
1    103834 5626.0     4.68e+10     66.89    110.56  -1621.99 -10487.87      0.00      1
1    103835 5626.0     6.92e+10     79.08     51.93  -1444.64    494.08      0.00      1
1    103836 5626.0     1.29e+10     68.61    230.42    759.96  -2059.24      0.00      1
1    103837 5626.0     8.13e+10     78.44    282.20  -1262.32  -7120.81      0.00      1
1    103838 5626.0     2.40e+10     74.21    337.50   6321.24  -9158.63      0.00      1
1    103839 5626.0     4.07e+09     68.67      7.73   4215.96  -4596.59      0.00      1
1    103840 5626.0     2.88e+10     84.25      8.30   1546.40   4762.10      0.00      1
1    103841 5626.0     4.90e+10     80.69    183.99   3547.63   5093.31      0.00      1
1    103842 5626.0     4.57e+10     78.89      6.32   3841.03 -10126.10      0.00      1
1    103843 5626.0     3.47e+09     71.47     33.26   1502.88  -9556.66      0.00      1
1    103844 5626.0     1.35e+10     66.13     78.55  -1913.01  -4525.46      0.00      0
1    103845 5626.0     1.32e+09     76.55    260.40  -2377.39  -7591.64      0.00      1
1    103846 5626.0     2.14e+09     72.69    317.34    726.17  -7697.30      0.00      1
1    103847 5626.0     7.59e+09     71.88      8.48   1880.57 -10393.66      0.00      1
1    103848 5626.0     5.13e+09     79.83    196.02  -3797.83  -1892.13      0.00      1
1    103849 5626.0     6.92e+10     74.10    286.88   3485.71   -307.57      0.00      1
1    103850 5626.0     4.79e+10     87.16    142.99  -2820.70  -3074.96      0.00      1
1    103851 5626.0     2.63e+10     74.46    290.61   3698.94  -4556.47      0.00      1
1    103852 5626.0     3.72e+09     87.60    221.30   -122.90 -10326.49      0.00      1
1    103853 5626.0     5.62e+10     69.48    140.45   2639.12   2467.54      0.00      0
1    103854 5626.0     1.20e+09     74.51    307.38   2225.32 -10540.25      0.00      1
1    103855 5626.0     4.27e+09     67.80    230.46  -3143.44 -11297.53      0.00      0
1    103856 5626.0     5.62e+09     83.64     60.92    561.12  -3571.65      0.00      1
1    103857 5626.0     1.66e+09     75.96    173.36  -1030.60  -5294.88      0.00      1
1    103858 5626.0     1.66e+10     76.63    147.56  -1745.23   4269.14      0.00      1
1    103859 5626.0     4.07e+09     84.61     52.23  -4021.16  -5005.22      0.00      1
1    103860 5626.0     1.05e+09     84.59    315.94  -2584.90  -2251.79      0.00      0
1    103861 5626.0     1.82e+10     75.22    357.23   2017.71   5122.92      0.00      1
1    103862 5626.0     2.45e+10     85.96    288.44  -4105.21  -4813.70      0.00      1
1    103863 5626.0     4.90e+10     78.56    120.35    239.39  -1117.95      0.00      1
1    103864 5626.0     7.08e+09     73.82    328.32   4448.86  -4972.93      0.00      1
1    103865 5626.0     1.66e+09     78.89    328.31     81.87  -3577.36      0.00      1
1    103866 5626.0     1.02e+10     70.47     89.04   -658.90   4413.55      0.00      1
1    103867 5626.0     1.02e+10     87.44    327.29   -770.90  -5974.46      0.00      1
1    103868 5626.0     5.01e+09     65.78    303.52  -4177.40 -10816.24      0.00      0
1    103869 5626.0     5.37e+09     74.23     37.46  -1441.73  -8444.32      0.00      1
1    103870 5626.0     4.79e+10     65.59    225.79    708.44 -11053.94      0.00      1
1    103871 5626.0     7.08e+09     74.79     49.23   2534.45   4643.20      0.00      1
1    103872 5626.0     7.94e+09     70.00    214.61   6120.47     37.11      0.00      1
1    103873 5626.0     7.41e+10     87.74    204.05  -1281.54   2898.15      0.00      1
1    103874 5626.0     1.78e+10     73.25     90.58   5389.97  -9064.75      0.00      1
1    103875 5626.0     2.63e+09     74.63    232.22    521.71    245.85      0.00      1
1    103876 5626.0     8.91e+09     78.58     10.17   1051.87  -6558.22      0.00      1
1    103877 5626.0     3.31e+09     67.69    332.82   1065.96   2965.03      0.00      1
1    103878 5626.0     3.63e+09     67.12    317.72   2346.48  -9180.91      0.00      1
1    103879 5626.0     3.09e+10     65.24    241.63    976.04  -4895.25      0.00      1
1    103880 5626.0     2.45e+10     78.43     69.92  -3134.75   -704.70      0.00      1
1    103881 5626.0     2.29e+10     86.58    243.81   2083.63  -4373.59      0.00      1
1    103882 5626.0     1.23e+09     71.28    334.31   6041.41  -6520.01      0.00      1
1    103883 5626.0     2.51e+09     70.30    345.79   4250.17  -4178.98      0.00      1
1    103884 5626.0     6.03e+09     74.38    302.52   4514.78   3867.66      0.00      1
1    103885 5626.0     6.31e+09     65.06    167.02  -1729.38  -3461.54      0.00      0
1    103886 5626.0     2.00e+10     69.13    246.03   4656.56  -7165.03      0.00      1
1    103887 5626.0     4.17e+10     76.87    356.00  -1325.30  -3476.45      0.00      1
1    103888 5626.0     6.31e+10     71.07     25.27   3154.78 -11269.74      0.00      0
1    103889 5626.0     6.17e+10     65.60    330.84  -2629.25  -7542.60      0.00      0
1    103890 5626.0     1.86e+09     74.14    172.42  -3716.61 -10172.46      0.00      1
1    103891 5626.0     8.13e+10     70.20    279.51  -1997.43  -9830.29      0.00      1
1    103892 5626.0     1.48e+10     69.48     75.70   5156.94  -6733.40      0.00      1
1    103893 5626.0     1.78e+10     85.25    265.10   5467.33   2259.16      0.00      1
1    103894 5626.0     4.57e+09     79.51     78.11   -196.89  -3695.47      0.00      1
1    103895 5626.0     2.69e+10     76.50    321.10   5854.70  -3769.37      0.00      1
1    103896 5626.0     6.61e+09     86.35    303.20    -77.26 -11196.05      0.00      1
1    103897 5626.0     1.00e+10     81.53    318.98   1239.70   -111.94      0.00      1
1    103898 5626.0     5.62e+09     73.36     25.91   3095.77  -9952.60      0.00      1
1    103899 5626.0     4.79e+09     86.56    311.02  -1813.75   4959.64      0.00      1
