1      4400 14.0       3.80e+09     83.82    173.25   2264.04  -8991.09      0.00      1
1      4401 14.0       5.89e+10     82.58     29.83  -4073.91  -5365.40      0.00      1
1      4402 14.0       1.00e+11     78.84     11.61  -1143.12  -3942.09      0.00      1
1      4403 14.0       1.62e+09     73.12    268.22   -153.25   2113.54      0.00      1
1      4404 14.0       2.29e+09     65.54    248.95  -2052.04  -9347.86      0.00      0
1      4405 14.0       2.45e+09     70.25    234.25   2022.48 -10405.02      0.00      1
1      4406 14.0       3.09e+09     87.12    320.22    951.70  -5974.69      0.00      1
1      4407 14.0       2.75e+09     86.21    225.00  -4157.14  -2039.76      0.00      1
1      4408 14.0       6.92e+10     83.74     75.38  -1815.25  -1008.13      0.00      1
1      4409 14.0       1.48e+10     83.24     26.04   2510.72    950.83      0.00      1
1      4410 14.0       2.19e+09     81.05    170.37  -1754.86  -2239.02      0.00      1
1      4411 14.0       1.00e+09     79.74    168.37   -514.98   3715.86      0.00      1
1      4412 14.0       3.72e+10     78.81     99.46   1424.14  -6161.87      0.00      1
1      4413 14.0       2.82e+10     79.55    144.22   3882.54   4292.25      0.00      1
1      4414 14.0       2.57e+09     74.02    312.39  -2182.41   3129.14      0.00      1
1      4415 14.0       1.62e+09     80.03    341.48   -783.27  -1459.02      0.00      1
1      4416 14.0       3.47e+10     79.14    340.15  -3719.73  -6979.61      0.00      1
1      4417 14.0       9.33e+09     86.12    184.58  -2226.87  -7258.96      0.00      1
1      4418 14.0       4.07e+10     87.49    271.05  -1281.21  -1667.11      0.00      1
1      4419 14.0       1.23e+10     73.66    284.02  -3872.07   5166.41      0.00      1
1      4420 14.0       3.02e+10     79.61    329.22   -320.14  -6879.37      0.00      1
1      4421 14.0       1.17e+09     76.53    297.51  -3313.38  -6006.07      0.00      1
1      4422 14.0       9.77e+09     86.27    152.14    210.87   3128.69      0.00      1
1      4423 14.0       2.00e+10     67.82    343.18  -3442.71  -5609.77      0.00      1
1      4424 14.0       1.26e+09     77.88    336.97   2553.08   4475.83      0.00      1
1      4425 14.0       5.50e+10     70.78    317.40    361.56     32.86      0.00      1
1      4426 14.0       2.69e+09     81.05    240.24   3042.35   1938.95      0.00      1
1      4427 14.0       2.88e+09     74.97    241.06     30.07  -8938.63      0.00      1
1      4428 14.0       3.24e+10     71.99    186.27   -776.58  -4808.11      0.00      1
1      4429 14.0       3.02e+10     87.56    119.57  -1911.21   4396.20      0.00      1
1      4430 14.0       1.78e+10     74.42    184.87   1352.35  -1155.04      0.00      1
1      4431 14.0       2.88e+09     76.21     92.56   5874.72  -7030.37      0.00      1
1      4432 14.0       8.32e+09     67.35    111.99   -506.82  -8512.85      0.00      1
1      4433 14.0       3.31e+10     75.23    312.90   2339.54  -7630.27      0.00      1
1      4434 14.0       1.07e+09     87.69     93.69  -2086.40    776.45      0.00      0
1      4435 14.0       9.33e+09     69.05    134.70    481.54  -3298.91      0.00      1
1      4436 14.0       2.04e+09     86.10    323.86  -1315.69  -2076.03      0.00      1
1      4437 14.0       9.77e+10     86.64    316.29  -2063.12   -481.22      0.00      1
1      4438 14.0       2.29e+10     78.07    345.24    -30.66   4985.92      0.00      1
1      4439 14.0       1.78e+09     83.96    219.62   5303.16  -5949.18      0.00      1
1      4440 14.0       4.07e+09     66.83    188.12   2489.27   1009.46      0.00      1
1      4441 14.0       3.24e+09     82.64    323.44   6087.29  -8405.20      0.00      1
1      4442 14.0       3.98e+09     78.75    214.72  -1419.25  -7934.79      0.00      1
1      4443 14.0       4.37e+10     74.21    163.05    805.95  -8478.81      0.00      1
1      4444 14.0       3.24e+10     66.00     28.07   4515.34  -8589.68      0.00      1
1      4445 14.0       2.57e+10     80.32    115.24   1332.87   2737.72      0.00      1
1      4446 14.0       1.17e+10     74.18      2.65  -1188.35  -9398.92      0.00      1
1      4447 14.0       4.27e+10     79.79    169.53  -1026.61  -4274.00      0.00      1
1      4448 14.0       2.34e+10     80.13    338.27  -4251.11   2197.97      0.00      1
1      4449 14.0       2.82e+10     67.35    220.12   5667.57  -6465.92      0.00      0
1      4450 14.0       6.31e+09     85.61    356.19   2559.26  -3011.17      0.00      1
1      4451 14.0       2.04e+09     79.36    314.25  -3387.27 -10120.84      0.00      1
1      4452 14.0       2.82e+09     74.65    160.91   2136.83  -3216.90      0.00      1
1      4453 14.0       4.17e+09     83.81     38.49   3842.65    303.74      0.00      1
1      4454 14.0       3.09e+09     78.06     90.18   1243.28   -931.48      0.00      1
1      4455 14.0       5.37e+10     81.25     77.32   5275.51    808.83      0.00      1
1      4456 14.0       5.62e+10     83.52    189.42   2869.92  -8839.32      0.00      1
1      4457 14.0       8.32e+10     87.45    245.08   4837.68  -5520.85      0.00      1
1      4458 14.0       2.40e+09     75.15     20.47   1654.71  -7637.19      0.00      1
1      4459 14.0       1.29e+10     77.63    167.85   6008.48  -7889.75      0.00      1
1      4460 14.0       1.66e+10     74.75    136.46   5553.87 -11109.88      0.00      0
1      4461 14.0       3.16e+10     76.62    203.60   6424.45    938.79      0.00      1
1      4462 14.0       1.38e+09     85.87    181.56  -4350.10  -5531.74      0.00      1
1      4463 14.0       1.55e+09     69.26    229.43   3848.19  -3395.65      0.00      1
1      4464 14.0       5.89e+09     74.34     64.66    977.64  -6490.09      0.00      1
1      4465 14.0       1.26e+10     83.72    334.34  -2095.06 -10984.32      0.00      1
1      4466 14.0       1.95e+09     78.59     13.31  -3358.39  -9302.99      0.00      1
1      4467 14.0       6.31e+09     74.81    322.33  -3044.39   -393.26      0.00      1
1      4468 14.0       5.01e+09     69.36     17.62  -4049.06   1102.22      0.00      1
1      4469 14.0       1.20e+09     81.77    282.28  -3298.36   3866.01      0.00      1
1      4470 14.0       7.59e+10     67.13     10.05    -39.64  -8301.25      0.00      1
1      4471 14.0       7.24e+10     67.78     11.29  -1837.53   -199.40      0.00      1
1      4472 14.0       2.19e+10     68.14     81.05   -670.08 -10553.72      0.00      0
1      4473 14.0       3.72e+10     86.12    210.46   4845.38   3810.76      0.00      1
1      4474 14.0       1.82e+10     75.90    265.91   1639.76  -3733.20      0.00      1
1      4475 14.0       2.34e+10     74.10      5.12   2622.91  -7769.46      0.00      1
1      4476 14.0       4.79e+09     79.62    130.36   5790.14  -1076.85      0.00      1
1      4477 14.0       4.07e+10     69.10    244.99    762.33  -4257.23      0.00      1
1      4478 14.0       1.58e+09     77.48     41.26   3823.99  -9332.94      0.00      1
1      4479 14.0       2.24e+10     82.75    345.86   5700.47    -58.11      0.00      1
1      4480 14.0       1.35e+10     79.21    262.01  -4197.93  -3588.26      0.00      1
1      4481 14.0       2.29e+09     80.40    144.82   -481.02   3822.45      0.00      1
1      4482 14.0       9.77e+09     83.94     32.98     24.93   4549.01      0.00      1
1      4483 14.0       1.20e+10     65.19    152.00   4028.59   4204.27      0.00      0
1      4484 14.0       4.17e+09     65.34    180.75   4306.54  -7606.05      0.00      0
1      4485 14.0       9.12e+09     78.07     26.74   4700.04 -10225.18      0.00      1
1      4486 14.0       1.62e+09     84.75     10.28    -14.50   4231.44      0.00      1
1      4487 14.0       1.66e+10     82.24     38.93  -3106.33  -5323.50      0.00      1
1      4488 14.0       1.45e+10     78.20    180.30    745.81  -1430.96      0.00      1
1      4489 14.0       2.40e+10     81.01    281.44    819.91  -8454.34      0.00      1
1      4490 14.0       1.23e+09     71.97    133.72   1737.35  -2061.32      0.00      1
1      4491 14.0       1.91e+09     80.51     37.61  -3280.62  -3417.30      0.00      1
1      4492 14.0       8.13e+09     79.35    210.63   3405.07  -6825.21      0.00      1
1      4493 14.0       9.12e+10     79.88     86.25   2678.67  -7330.06      0.00      1
1      4494 14.0       7.24e+10     78.96    271.99  -1981.76  -1841.34      0.00      1
1      4495 14.0       5.75e+10     81.47     30.85   2857.39 -10416.15      0.00      1
1      4496 14.0       6.76e+10     69.63     80.71  -1551.25   -561.01      0.00      1
1      4497 14.0       1.20e+09     81.41     40.40    762.43   3037.73      0.00      1
1      4498 14.0       7.76e+09     81.08     79.60   5845.63  -5888.37      0.00      1
1      4499 14.0       1.32e+09     76.48     55.90  -3581.71  -8206.64      0.00      1
