1    100500 5626.0     1.82e+10     85.21    294.62   2665.69   1025.50      0.00      1
1    100501 5626.0     6.61e+09     78.59    304.11  -1333.71   -848.95      0.00      1
1    100502 5626.0     8.51e+10     72.45     61.74   4568.90  -8183.28      0.00      1
1    100503 5626.0     2.29e+09     87.11    117.32   4777.72  -7959.46      0.00      1
1    100504 5626.0     2.19e+09     83.53    115.38  -2510.81    510.56      0.00      1
1    100505 5626.0     8.51e+09     81.85    245.56    978.40  -9969.09      0.00      1
1    100506 5626.0     4.17e+10     85.46    285.31  -3148.99    569.99      0.00      1
1    100507 5626.0     4.07e+10     83.57    184.84  -1747.00  -9178.89      0.00      1
1    100508 5626.0     3.55e+10     83.71    357.28  -2133.97   3680.60      0.00      1
1    100509 5626.0     5.89e+10     79.94    116.96   5333.24   1681.09      0.00      1
1    100510 5626.0     1.82e+10     66.01    119.37   4853.78  -9421.15      0.00      0
1    100511 5626.0     1.66e+09     76.96    176.97    961.33   3859.69      0.00      1
1    100512 5626.0     3.02e+09     74.75    155.05   1461.75   1790.58      0.00      1
1    100513 5626.0     1.55e+09     85.87    341.47   5804.58   4672.00      0.00      0
1    100514 5626.0     1.82e+09     65.85    257.19  -1481.08  -9243.09      0.00      1
1    100515 5626.0     9.33e+09     82.08    331.21  -2723.60 -11113.69      0.00      1
1    100516 5626.0     3.80e+09     74.53     96.24   5686.71  -4032.40      0.00      1
1    100517 5626.0     3.39e+10     78.11    258.29  -2077.33  -6659.18      0.00      1
1    100518 5626.0     1.78e+09     66.64      5.51   1071.02  -2870.22      0.00      1
1    100520 5626.0     7.76e+10     65.80      6.35   2354.10  -5907.42      0.00      1
1    100521 5626.0     6.46e+09     87.21    298.24   5505.68  -1695.72      0.00      1
1    100522 5626.0     1.51e+09     65.84    238.66  -3909.84   5189.82      0.00      0
1    100523 5626.0     6.46e+09     67.63    134.14   4573.83  -6138.35      0.00      1
1    100524 5626.0     2.63e+09     85.62     92.40   5824.31  -5245.36      0.00      1
1    100525 5626.0     2.95e+09     84.13    274.27   1766.07  -9493.91      0.00      1
1    100526 5626.0     1.15e+10     87.17    287.09   6416.13   4444.44      0.00      1
1    100527 5626.0     3.98e+09     81.31    105.13   1215.27   2078.17      0.00      1
1    100528 5626.0     7.59e+10     76.75     85.89   6132.14  -2292.78      0.00      1
1    100529 5626.0     1.15e+09     72.89    216.93   -984.80   2461.38      0.00      1
1    100530 5626.0     1.02e+10     82.28    280.42   3982.35  -5768.78      0.00      1
1    100531 5626.0     3.31e+09     86.60    201.64    577.03   3885.35      0.00      1
1    100532 5626.0     4.47e+10     77.95    353.55   -475.84  -9145.69      0.00      1
1    100533 5626.0     2.88e+09     69.76    236.40   4629.41  -9084.73      0.00      1
1    100534 5626.0     5.50e+09     82.51    299.50   5350.75  -7006.35      0.00      1
1    100535 5626.0     2.40e+09     84.75    128.15   3590.75   1717.06      0.00      1
1    100536 5626.0     3.24e+10     75.02    307.07   5675.15   4525.12      0.00      1
1    100537 5626.0     5.13e+10     77.38    346.07   -768.31   2996.38      0.00      1
1    100538 5626.0     2.75e+10     71.21    216.91  -3376.37  -9448.26      0.00      1
1    100539 5626.0     3.55e+09     85.78     15.76  -2592.21  -6839.55      0.00      1
1    100540 5626.0     1.55e+09     72.55    179.36  -2545.85    815.06      0.00      1
1    100541 5626.0     4.68e+09     80.70     89.30    268.41   3668.18      0.00      1
1    100542 5626.0     4.90e+09     66.74    257.23   -306.26  -9541.98      0.00      1
1    100543 5626.0     7.94e+09     82.58    249.78   2138.53  -2216.01      0.00      1
1    100544 5626.0     3.24e+09     68.91     43.71   2955.23 -10439.85      0.00      1
1    100545 5626.0     1.86e+09     80.17     29.38   6427.50 -10152.26      0.00      0
1    100546 5626.0     3.02e+10     84.07    110.73    292.07  -3673.77      0.00      1
1    100547 5626.0     1.62e+09     74.34    189.52  -3586.03  -5865.87      0.00      1
1    100548 5626.0     3.80e+09     73.01    124.13   -131.33  -9870.03      0.00      1
1    100549 5626.0     4.90e+09     67.32     20.78   1071.48   1378.48      0.00      1
1    100550 5626.0     2.82e+10     75.49    340.24   1232.52  -8355.50      0.00      1
1    100551 5626.0     6.46e+10     87.97    226.34  -1019.46  -5235.72      0.00      1
1    100552 5626.0     7.94e+10     66.68     70.02  -1296.24  -7411.35      0.00      1
1    100553 5626.0     8.13e+10     68.80    167.27  -2975.93   3567.78      0.00      1
1    100554 5626.0     1.70e+10     66.32     73.64  -1795.10  -1588.18      0.00      1
1    100555 5626.0     6.31e+09     85.48    253.09   1868.68  -9892.81      0.00      1
1    100556 5626.0     2.88e+10     65.48    315.12   5703.52   1768.35      0.00      0
1    100557 5626.0     1.51e+10     78.82    321.90   6140.67   3799.47      0.00      1
1    100558 5626.0     6.76e+09     85.79    133.76   3266.74    532.06      0.00      1
1    100559 5626.0     2.00e+10     79.15     66.04  -3765.58   -781.26      0.00      1
1    100560 5626.0     1.00e+10     76.26    213.31   4888.98 -10000.88      0.00      1
1    100561 5626.0     3.02e+09     85.97    261.10   -581.92  -6892.16      0.00      1
1    100562 5626.0     1.05e+09     87.78    267.30   1409.02  -7624.35      0.00      0
1    100563 5626.0     3.31e+09     77.52    196.13   2051.33  -5169.40      0.00      1
1    100564 5626.0     1.05e+09     74.21    211.99  -3726.15   4426.89      0.00      1
1    100565 5626.0     1.12e+09     76.65    261.32   3765.47   4837.26      0.00      1
1    100566 5626.0     1.45e+09     81.98    152.30  -4096.84   3797.19      0.00      1
1    100567 5626.0     3.02e+10     67.46    304.89   3134.84  -5226.39      0.00      1
1    100568 5626.0     4.17e+10     86.97    246.65   5511.64   1655.13      0.00      1
1    100569 5626.0     7.41e+09     86.57     18.43   6466.94  -8449.38      0.00      1
1    100570 5626.0     1.51e+09     85.17     31.77   1700.67  -9416.28      0.00      1
1    100571 5626.0     5.01e+09     82.67    151.49  -4192.46    424.49      0.00      1
1    100572 5626.0     6.46e+09     75.47    187.48  -2139.98   3945.96      0.00      1
1    100573 5626.0     4.27e+10     73.48    103.18   -267.10   3576.74      0.00      1
1    100574 5626.0     1.86e+10     86.13     38.60   2163.84  -8028.35      0.00      1
1    100575 5626.0     1.91e+10     66.05    210.69    -71.07  -4120.15      0.00      0
1    100576 5626.0     3.89e+09     79.85     21.71  -2018.07    920.80      0.00      1
1    100577 5626.0     7.76e+10     79.14    103.55   6001.12  -5854.80      0.00      1
1    100578 5626.0     9.77e+10     76.06    309.94   4586.85   1400.82      0.00      1
1    100579 5626.0     5.37e+10     68.46    237.63   3010.89  -4190.06      0.00      1
1    100580 5626.0     6.17e+09     65.39    152.36  -2554.90  -5663.46      0.00      0
1    100581 5626.0     3.39e+09     76.83    302.06   -798.56  -7292.17      0.00      1
1    100582 5626.0     5.50e+09     83.15    225.37  -4015.13  -1904.37      0.00      1
1    100583 5626.0     9.55e+10     67.35    167.36    323.67     73.93      0.00      1
1    100584 5626.0     6.03e+09     74.70    126.08   3274.46   -739.43      0.00      1
1    100585 5626.0     8.71e+10     74.42    320.39  -1878.21  -2107.19      0.00      1
1    100586 5626.0     3.89e+10     65.94    207.10  -1395.93  -6595.25      0.00      0
1    100587 5626.0     9.33e+09     87.48    167.39   4097.93  -8759.12      0.00      1
1    100588 5626.0     2.88e+09     71.63     88.82   5604.82 -11231.47      0.00      0
1    100589 5626.0     2.51e+10     77.54     94.22  -3755.99   4971.91      0.00      1
1    100590 5626.0     3.80e+10     83.34    229.46   -997.65  -7539.52      0.00      1
1    100591 5626.0     4.47e+10     69.20    243.05  -3966.95     29.80      0.00      1
1    100592 5626.0     4.90e+10     86.49    314.09  -3361.56  -4410.62      0.00      1
1    100593 5626.0     4.07e+10     65.80    317.67  -1904.49   -721.18      0.00      1
1    100594 5626.0     3.39e+10     85.03    180.29   1784.47     38.29      0.00      1
1    100595 5626.0     2.75e+09     66.27    154.39   5198.81   3656.77      0.00      0
1    100596 5626.0     1.62e+10     85.01    191.47   4860.12   2128.54      0.00      1
1    100597 5626.0     3.80e+09     84.59    213.53   -589.35  -1353.17      0.00      1
1    100598 5626.0     8.32e+10     86.23    351.03   6166.53  -4503.08      0.00      1
1    100599 5626.0     4.27e+09     68.78     26.95   4039.48  -5044.43      0.00      1
