1      1900 14.0       1.41e+09     85.69    319.17  -1217.61   -922.12      0.00      1
1      1901 14.0       1.45e+10     68.13     91.47   6214.71   1799.78      0.00      1
1      1902 14.0       3.16e+09     79.76    139.75   4646.52   1609.39      0.00      1
1      1903 14.0       3.63e+09     83.94    106.86     31.01   2020.44      0.00      1
1      1904 14.0       1.86e+10     72.90    133.10   4461.32  -9554.73      0.00      0
1      1905 14.0       2.75e+09     73.26    187.63  -3934.93  -8949.63      0.00      1
1      1906 14.0       6.31e+09     82.37    325.93   -902.82   -632.31      0.00      1
1      1907 14.0       2.95e+09     85.37     67.81   -432.73 -10068.39      0.00      1
1      1908 14.0       2.14e+10     76.98    316.83   4653.64  -7870.60      0.00      1
1      1909 14.0       3.16e+10     80.82    191.68  -3480.80   3967.09      0.00      1
1      1910 14.0       5.25e+09     77.03    171.42  -2482.84  -6235.67      0.00      1
1      1911 14.0       7.59e+10     78.05    127.95  -1604.66   3403.41      0.00      1
1      1912 14.0       2.75e+09     80.72     53.98   4469.37   2528.29      0.00      1
1      1913 14.0       1.55e+09     78.69    231.97    772.22   1438.66      0.00      1
1      1914 14.0       5.01e+09     85.64    261.53   4437.96   -562.04      0.00      1
1      1915 14.0       5.62e+09     78.40    181.07  -3759.23   2070.12      0.00      1
1      1916 14.0       2.04e+09     83.78     53.26   3933.56   4328.64      0.00      1
1      1917 14.0       1.82e+10     79.23     82.78   2804.17 -11062.87      0.00      1
1      1918 14.0       6.46e+09     68.38    191.29  -4260.42   4956.43      0.00      0
1      1919 14.0       2.19e+10     78.40    321.15  -2495.04  -7286.94      0.00      1
1      1920 14.0       1.66e+09     70.67    266.65   1838.33  -8754.63      0.00      1
1      1921 14.0       1.00e+09     75.22    143.13   1050.93   3012.80      0.00      1
1      1922 14.0       2.88e+10     78.55    178.73   4307.00   1086.26      0.00      1
1      1923 14.0       3.16e+10     83.34     67.95   1982.30   3090.01      0.00      1
1      1924 14.0       1.15e+09     79.25     22.39   4944.05 -10820.89      0.00      1
1      1925 14.0       7.24e+09     66.12     85.11  -3846.25  -1439.56      0.00      1
1      1926 14.0       1.41e+09     85.71    220.24   2892.78    278.13      0.00      1
1      1927 14.0       9.77e+10     69.20    331.05   3838.98 -10154.30      0.00      1
1      1928 14.0       2.82e+10     74.69    281.86    226.02   3573.27      0.00      1
1      1929 14.0       6.46e+09     72.67      3.88  -2720.94  -9892.97      0.00      1
1      1930 14.0       1.45e+10     74.31    247.69  -2712.01  -2536.68      0.00      1
1      1931 14.0       2.34e+10     70.83     41.74     88.85  -6794.83      0.00      1
1      1932 14.0       7.08e+10     65.76     71.18   3746.54  -5002.75      0.00      0
1      1933 14.0       3.31e+10     70.98    201.37   4605.55  -3594.41      0.00      1
1      1934 14.0       7.08e+09     83.48    271.58  -1305.68   -826.33      0.00      1
1      1935 14.0       1.86e+09     71.68     85.77   -905.88   3324.90      0.00      1
1      1936 14.0       2.19e+10     66.97    215.60  -3377.08  -8635.21      0.00      0
1      1937 14.0       3.55e+09     77.98    335.75  -3024.47   5074.22      0.00      1
1      1938 14.0       1.32e+10     83.76    324.40   3519.10  -3641.28      0.00      1
1      1939 14.0       1.17e+09     78.86    268.49  -4285.81   2956.79      0.00      1
1      1940 14.0       3.89e+09     66.88    332.52   4515.27  -3599.48      0.00      1
1      1941 14.0       5.37e+10     70.97      0.02  -1262.71   4187.83      0.00      1
1      1942 14.0       1.20e+09     82.70    260.24  -1611.07   1001.66      0.00      1
1      1943 14.0       3.24e+09     74.39    247.26   -562.35  -6648.97      0.00      1
1      1944 14.0       1.07e+10     70.71    219.99   6115.14   4582.34      0.00      0
1      1945 14.0       5.01e+10     82.88    135.10   1382.77  -2273.19      0.00      1
1      1946 14.0       1.82e+09     70.65    127.49   3864.77   1521.15      0.00      1
1      1947 14.0       2.19e+09     81.91    121.50   3434.90   2017.53      0.00      1
1      1948 14.0       6.46e+09     79.88    215.78   2020.38 -10335.38      0.00      1
1      1949 14.0       4.27e+09     86.65    203.80   1298.98  -5167.30      0.00      1
1      1950 14.0       3.63e+09     65.68     18.41   3812.62   2534.53      0.00      1
1      1951 14.0       2.24e+09     83.63    325.32  -2420.98  -1201.08      0.00      1
1      1952 14.0       4.79e+10     85.64    123.48  -2058.17  -5779.71      0.00      1
1      1953 14.0       1.35e+09     81.86    279.22   1663.91 -10018.33      0.00      1
1      1954 14.0       1.74e+10     72.32    133.87   4076.04   1469.55      0.00      1
1      1955 14.0       1.82e+09     70.37    359.95   1038.66  -1589.70      0.00      1
1      1956 14.0       1.48e+09     66.65     38.29  -3447.53   1369.44      0.00      0
1      1957 14.0       2.24e+10     86.23    307.78   3053.46  -6581.96      0.00      1
1      1958 14.0       2.69e+10     66.73     86.78   3506.70  -2269.34      0.00      1
1      1959 14.0       2.19e+10     65.25    207.45   2476.09    583.30      0.00      1
1      1960 14.0       3.63e+09     76.09    345.63   1684.33  -1921.06      0.00      1
1      1961 14.0       1.32e+10     83.61    170.49   -187.42   -936.99      0.00      1
1      1962 14.0       3.89e+10     70.34    321.04   3592.71 -11088.20      0.00      0
1      1963 14.0       1.62e+10     85.93    225.93  -3911.34  -3217.91      0.00      1
1      1964 14.0       3.24e+10     84.05    347.57    808.97  -3529.10      0.00      1
1      1965 14.0       1.26e+09     70.14     71.75   1399.19  -9159.63      0.00      1
1      1966 14.0       3.98e+09     80.07    264.92   4125.70  -6016.54      0.00      1
1      1967 14.0       1.91e+10     68.05    276.73  -3718.53   4881.69      0.00      1
1      1968 14.0       2.88e+10     86.49    358.24   2964.05  -2427.95      0.00      1
1      1969 14.0       1.78e+09     72.76     13.59   -176.85    272.09      0.00      1
1      1970 14.0       1.86e+10     76.97     61.96   5416.56  -3398.66      0.00      1
1      1971 14.0       1.48e+09     75.00     12.38  -1492.29   -946.68      0.00      1
1      1972 14.0       6.61e+10     72.99    240.64   2881.03  -5044.26      0.00      1
1      1973 14.0       8.51e+09     86.76    103.03  -2574.09  -9572.77      0.00      1
1      1974 14.0       1.20e+09     67.71     26.45  -2062.38  -2127.56      0.00      1
1      1975 14.0       6.92e+10     85.29    165.37  -2571.97  -3308.11      0.00      1
1      1976 14.0       6.17e+10     79.86     12.04   -901.89   4130.51      0.00      1
1      1977 14.0       2.19e+09     70.31    214.93  -4337.40  -4546.44      0.00      1
1      1978 14.0       1.55e+09     86.49     68.27   1595.82  -9069.76      0.00      1
1      1979 14.0       3.16e+10     67.59    122.60  -1506.57 -10638.21      0.00      1
1      1980 14.0       8.71e+09     66.39    114.99  -1003.84   2973.46      0.00      1
1      1981 14.0       8.71e+09     81.53     91.87   2132.93  -4930.66      0.00      1
1      1982 14.0       3.63e+09     79.77    209.10   6211.87 -11232.65      0.00      0
1      1983 14.0       8.13e+10     68.68    352.84    761.42  -1374.08      0.00      1
1      1984 14.0       4.79e+10     69.50      1.78   4054.47   4603.85      0.00      0
1      1985 14.0       2.51e+09     70.67    140.55  -1382.77    126.95      0.00      1
1      1986 14.0       7.76e+09     65.97    355.75  -1326.47  -9106.19      0.00      1
1      1987 14.0       3.31e+09     78.25    307.87  -3905.72  -1026.80      0.00      1
1      1988 14.0       2.51e+09     82.62    286.87    143.79   5143.65      0.00      1
1      1989 14.0       5.75e+09     85.14    200.22   4937.08  -7533.70      0.00      1
1      1990 14.0       1.38e+09     73.52    110.96  -3055.89  -7863.97      0.00      1
1      1991 14.0       2.63e+09     86.34    263.95  -2287.85 -10932.15      0.00      1
1      1992 14.0       1.10e+09     86.67     94.96   2079.37   2635.58      0.00      0
1      1993 14.0       8.51e+09     77.60    231.35  -1274.33   4492.39      0.00      1
1      1994 14.0       1.51e+09     66.62    313.61  -2848.68   2835.60      0.00      0
1      1995 14.0       7.59e+10     73.92    294.86   4546.84  -1499.68      0.00      1
1      1996 14.0       1.41e+10     76.98    263.55  -2975.58   4536.01      0.00      1
1      1997 14.0       3.80e+10     75.65     70.99    385.10  -4304.99      0.00      1
1      1998 14.0       1.05e+10     83.56    350.53   5194.04   1360.24      0.00      1
1      1999 14.0       1.95e+09     72.82     75.10  -4221.68   5186.39      0.00      0
