1    105900 5626.0     1.38e+08     84.09    194.73  -3404.02  -5427.30      0.00      0
1    105901 5626.0     3.31e+08     69.75     27.99   3762.12 -10704.35      0.00      0
1    105902 5626.0     7.76e+08     69.30     96.83  -1350.81  -1203.61      0.00      1
1    105904 5626.0     1.66e+08     81.63    254.44   -436.90 -10379.70      0.00      0
1    105905 5626.0     3.02e+08     75.77     92.52  -1033.23   2486.79      0.00      1
1    105906 5626.0     1.51e+08     83.81    229.17   4826.24   -905.89      0.00      0
1    105907 5626.0     2.34e+08     82.92    252.21   5461.52  -6182.12      0.00      0
1    105908 5626.0     8.13e+08     77.90    196.35  -2817.44 -10003.89      0.00      1
1    105909 5626.0     1.00e+09     65.56    233.76  -3471.26   4536.35      0.00      0
1    105910 5626.0     1.45e+08     69.90     39.22  -2103.49  -3060.24      0.00      0
1    105911 5626.0     4.57e+08     65.71     45.21  -1654.91  -9305.79      0.00      0
1    105912 5626.0     1.41e+08     74.74    327.69  -1776.53   4578.23      0.00      0
1    105913 5626.0     2.63e+08     65.50    253.08  -1976.43  -4790.56      0.00      0
1    105914 5626.0     2.51e+08     81.55    239.16  -2385.35  -1052.47      0.00      0
1    105915 5626.0     6.17e+08     85.14    292.08    153.88   -921.02      0.00      0
1    105916 5626.0     4.07e+08     82.11    195.64   3933.73  -9459.51      0.00      1
1    105917 5626.0     8.51e+08     81.40    216.38  -1424.49  -2103.23      0.00      1
1    105918 5626.0     3.02e+08     84.60    180.93   1127.98  -4754.39      0.00      0
1    105919 5626.0     1.10e+08     85.60    288.02  -2725.92   3205.10      0.00      0
1    105920 5626.0     2.34e+08     80.77    282.56   3495.00  -5925.65      0.00      0
1    105921 5626.0     6.31e+08     70.00    253.80  -2527.28 -11246.95      0.00      0
1    105922 5626.0     2.45e+08     75.50     48.32   2817.12    796.51      0.00      1
1    105923 5626.0     4.79e+08     79.01    129.83   3746.21  -1305.90      0.00      1
1    105924 5626.0     1.17e+08     68.68    265.84  -3840.64   1570.43      0.00      0
1    105925 5626.0     2.57e+08     65.22    150.44  -4233.12   3620.93      0.00      0
1    105926 5626.0     5.37e+08     86.26    132.27   5680.89   4161.04      0.00      0
1    105927 5626.0     2.00e+08     80.73    225.35   2542.06  -5613.67      0.00      0
1    105928 5626.0     8.32e+08     79.22    213.77   4047.24 -10096.17      0.00      1
1    105929 5626.0     8.91e+08     74.10    351.75   1416.96   1181.33      0.00      1
1    105930 5626.0     1.29e+08     75.15    208.17   5595.91   4625.14      0.00      0
1    105931 5626.0     3.09e+08     81.65    357.39    862.66   4925.21      0.00      0
1    105932 5626.0     5.50e+08     77.70     90.62   -120.92   3351.85      0.00      1
1    105933 5626.0     1.45e+08     70.60    138.38   -427.22  -7081.49      0.00      0
1    105934 5626.0     3.24e+08     69.31     77.18  -2813.47  -1695.62      0.00      0
1    105935 5626.0     3.63e+08     77.25    106.18    327.07   3836.61      0.00      1
1    105936 5626.0     9.33e+08     85.76    101.64  -3609.79 -10465.34      0.00      0
1    105937 5626.0     9.33e+08     76.39    127.20   -333.27  -4815.02      0.00      1
1    105938 5626.0     1.62e+08     69.71    359.20   -919.22  -3835.34      0.00      0
1    105939 5626.0     2.40e+08     72.83    329.75   3380.34  -8774.80      0.00      0
1    105940 5626.0     5.13e+08     75.85     95.73   3006.54  -8567.28      0.00      1
1    105941 5626.0     2.00e+08     84.65    108.72   1056.44  -4924.44      0.00      0
1    105942 5626.0     1.29e+08     84.90     48.29  -3845.33  -5730.64      0.00      0
1    105943 5626.0     1.74e+08     76.09    334.67  -2042.99  -5729.31      0.00      0
1    105944 5626.0     4.17e+08     72.11     85.78  -2787.19  -4469.85      0.00      1
1    105945 5626.0     1.74e+08     69.92    188.45   3495.06 -10836.58      0.00      0
1    105946 5626.0     1.86e+08     75.61     13.97   4679.49  -8487.85      0.00      0
1    105947 5626.0     1.41e+08     76.21     97.55  -3041.22   1919.09      0.00      0
1    105948 5626.0     6.76e+08     81.27    104.42   3275.33  -3316.73      0.00      1
1    105949 5626.0     2.75e+08     79.25    170.68    608.86  -8004.12      0.00      0
1    105950 5626.0     4.17e+08     83.34     79.16  -3611.98 -11166.30      0.00      0
1    105951 5626.0     6.46e+08     77.41    292.51   1690.11  -9205.68      0.00      1
1    105952 5626.0     4.17e+08     67.22     48.04  -1556.53  -9178.86      0.00      0
1    105953 5626.0     3.80e+08     80.31    242.33  -2226.70    -37.14      0.00      0
1    105954 5626.0     8.13e+08     69.57     35.08   -951.82  -4380.56      0.00      1
1    105955 5626.0     8.91e+08     85.05    126.61  -2187.38 -10850.67      0.00      0
1    105956 5626.0     5.50e+08     87.60    238.96  -2661.70  -7758.81      0.00      0
1    105957 5626.0     1.00e+09     86.23    239.11  -1778.19    617.40      0.00      0
1    105958 5626.0     6.92e+08     88.00    106.77  -4203.49  -2092.72      0.00      0
1    105959 5626.0     5.62e+08     73.18     63.38  -1274.77   2635.38      0.00      1
1    105960 5626.0     4.17e+08     72.82    321.96   2504.89  -2614.98      0.00      1
1    105961 5626.0     1.02e+08     78.68      0.70    742.04   -180.81      0.00      0
1    105962 5626.0     5.01e+08     65.08      0.48  -3398.90  -1404.49      0.00      0
1    105963 5626.0     4.68e+08     73.23     80.23    462.14  -1347.37      0.00      1
1    105964 5626.0     1.32e+08     75.87     44.99   -919.05   3525.98      0.00      0
1    105965 5626.0     4.07e+08     71.47    107.40    473.67   2112.81      0.00      1
1    105966 5626.0     6.31e+08     70.31     84.43   5675.12  -9736.67      0.00      0
1    105967 5626.0     1.70e+08     87.10    222.06   -313.66   4726.07      0.00      0
1    105968 5626.0     2.04e+08     84.58    130.69  -1167.93   -608.92      0.00      0
1    105969 5626.0     2.57e+08     70.07     84.35   4599.37   3221.14      0.00      0
1    105970 5626.0     5.75e+08     65.78    218.86  -1046.02   4123.72      0.00      0
1    105971 5626.0     1.35e+08     69.91    268.14   6224.13  -6449.51      0.00      0
1    105972 5626.0     1.15e+08     69.49    240.15   -784.52   4855.59      0.00      0
1    105973 5626.0     8.32e+08     76.11    168.92   4156.95  -4222.38      0.00      1
1    105974 5626.0     8.71e+08     77.16    153.90   2510.33  -7132.89      0.00      1
1    105975 5626.0     1.10e+08     79.55     99.70  -1519.29    631.14      0.00      0
1    105976 5626.0     1.10e+08     65.24    205.50   2127.44  -9880.64      0.00      0
1    105977 5626.0     4.37e+08     76.96     48.83   4190.13  -2607.01      0.00      1
1    105978 5626.0     9.12e+08     68.79    240.91   2877.83  -7974.96      0.00      1
1    105979 5626.0     6.61e+08     66.27    248.91   1266.60  -6053.79      0.00      0
1    105980 5626.0     4.37e+08     86.61    109.43  -2479.71   4888.74      0.00      0
1    105981 5626.0     2.29e+08     69.44    103.00  -3168.68   3257.61      0.00      0
1    105982 5626.0     9.77e+08     76.04     14.90   2550.10   4309.48      0.00      1
1    105983 5626.0     4.47e+08     71.67    178.11  -2137.56  -6962.80      0.00      1
1    105984 5626.0     5.75e+08     69.62    236.32   -905.27  -8656.63      0.00      0
1    105985 5626.0     4.57e+08     84.76     49.51   3662.02 -10865.68      0.00      0
1    105986 5626.0     4.07e+08     82.09    297.74   5115.91  -3112.25      0.00      0
1    105987 5626.0     4.17e+08     79.56    130.65   1234.38  -9131.69      0.00      0
1    105988 5626.0     1.48e+08     83.38    198.05   6361.98 -10877.75      0.00      0
1    105989 5626.0     2.63e+08     73.56    129.52    738.80  -6274.03      0.00      0
1    105990 5626.0     5.25e+08     86.44    150.84  -2972.85    241.40      0.00      0
1    105991 5626.0     7.41e+08     77.35    317.76  -4050.26   2267.24      0.00      1
1    105992 5626.0     2.14e+08     68.25    345.65     31.91  -8226.04      0.00      0
1    105993 5626.0     1.74e+08     84.47    235.26    103.12    146.43      0.00      0
1    105994 5626.0     6.31e+08     70.73    335.17   4492.95  -6565.33      0.00      1
1    105995 5626.0     3.63e+08     66.89    197.03   4332.32   1432.89      0.00      0
1    105996 5626.0     8.13e+08     69.86    174.43   2858.10   2967.59      0.00      1
1    105997 5626.0     2.14e+08     78.24    162.09    915.14   2395.43      0.00      0
1    105998 5626.0     4.07e+08     82.69     91.24   -474.53   2372.65      0.00      0
1    105999 5626.0     4.90e+08     69.17    144.48  -3448.19   -746.00      0.00      0
