1    103500 5626.0     3.72e+09     71.29      3.00  -3454.92   1878.88      0.00      1
1    103501 5626.0     2.57e+09     68.73    184.59   5154.43  -2356.45      0.00      1
1    103502 5626.0     7.76e+09     69.14     63.94   5026.78   -190.25      0.00      1
1    103503 5626.0     2.19e+10     82.19    108.09  -2711.17  -4080.92      0.00      1
1    103504 5626.0     4.68e+10     82.57    316.69   3043.85    243.23      0.00      1
1    103505 5626.0     8.32e+10     72.81    304.83   2394.34  -3847.65      0.00      1
1    103506 5626.0     3.55e+09     84.82     90.01   4156.70   4214.81      0.00      1
1    103507 5626.0     1.74e+09     70.02    318.40  -1327.61  -1059.35      0.00      1
1    103508 5626.0     3.55e+09     87.49    107.53  -1552.45   4474.99      0.00      1
1    103509 5626.0     4.68e+09     68.44    136.00   1945.09  -4491.42      0.00      1
1    103510 5626.0     8.91e+09     85.96    305.68   4706.53  -1388.47      0.00      1
1    103511 5626.0     1.23e+10     87.01    105.88   -977.41  -8657.27      0.00      1
1    103512 5626.0     9.33e+10     68.21     29.58   -309.58   4467.81      0.00      0
1    103513 5626.0     4.17e+09     67.50    358.37   5423.72  -8799.80      0.00      0
1    103514 5626.0     9.77e+09     83.31    328.63   1241.09   1817.65      0.00      1
1    103515 5626.0     3.39e+09     68.03    197.81  -3554.25  -1469.22      0.00      1
1    103516 5626.0     4.79e+09     69.97     36.43  -3701.42   -832.06      0.00      1
1    103517 5626.0     1.41e+09     79.48    251.74   3595.28   3353.49      0.00      1
1    103518 5626.0     1.48e+09     69.60    200.39   5594.17   4599.78      0.00      0
1    103519 5626.0     1.35e+10     78.37    279.28  -3736.27  -4616.58      0.00      1
1    103520 5626.0     9.33e+10     86.58    191.18  -4277.11 -10164.51      0.00      1
1    103521 5626.0     3.09e+10     72.66    131.72  -3300.38  -6822.65      0.00      1
1    103522 5626.0     1.05e+10     74.90    208.01  -1938.70   2154.16      0.00      1
1    103523 5626.0     1.05e+10     73.73    109.45   5090.56   -280.64      0.00      1
1    103524 5626.0     5.01e+09     74.00    291.86   1992.44    868.74      0.00      1
1    103525 5626.0     3.72e+10     73.52    281.10  -3703.52   2490.20      0.00      1
1    103526 5626.0     7.76e+10     70.03    246.78     74.24  -3601.49      0.00      1
1    103527 5626.0     1.51e+10     80.78    215.76   -480.65   3214.05      0.00      1
1    103528 5626.0     5.13e+09     83.51     25.31   2519.89   1157.61      0.00      1
1    103529 5626.0     1.58e+09     66.43     60.64  -3885.85  -4446.77      0.00      1
1    103530 5626.0     7.76e+10     81.43    313.85   1828.41   3843.91      0.00      1
1    103531 5626.0     5.75e+09     71.92    254.88   5858.19  -4893.27      0.00      1
1    103532 5626.0     2.24e+09     82.68    295.97   1850.95  -7975.95      0.00      1
1    103533 5626.0     5.89e+10     75.46    305.80   5291.51  -5200.59      0.00      1
1    103534 5626.0     3.72e+10     73.48    285.32   4412.80  -2270.44      0.00      1
1    103535 5626.0     1.35e+10     68.79     72.92    787.84  -5397.41      0.00      1
1    103536 5626.0     2.88e+09     85.37    334.26   -986.26  -7798.11      0.00      1
1    103537 5626.0     4.68e+10     83.38     85.15   -496.30 -10191.90      0.00      1
1    103538 5626.0     2.69e+09     81.42    203.71   4295.13   1525.19      0.00      1
1    103539 5626.0     8.13e+09     85.46    325.99    284.88   2075.15      0.00      1
1    103540 5626.0     2.57e+09     85.57    163.10   1607.04  -4098.66      0.00      1
1    103541 5626.0     5.37e+10     80.50    266.42   2251.51  -8658.75      0.00      1
1    103542 5626.0     1.35e+10     86.58    315.85  -4237.95   1411.19      0.00      1
1    103543 5626.0     1.78e+09     78.74    342.16   4815.11  -2530.69      0.00      1
1    103544 5626.0     4.37e+10     73.55     31.29    346.54  -7740.58      0.00      1
1    103545 5626.0     6.76e+09     87.77    191.32  -1203.39  -8194.83      0.00      1
1    103546 5626.0     2.24e+10     80.81    217.63   4938.97   4520.25      0.00      1
1    103547 5626.0     1.12e+10     82.74     94.88   3267.17  -9288.76      0.00      1
1    103548 5626.0     4.27e+10     74.88    255.93   2729.88  -6932.86      0.00      1
1    103549 5626.0     6.61e+10     73.43     55.53   -868.06  -9797.49      0.00      1
1    103550 5626.0     6.31e+09     73.35    266.66  -3440.81   -478.72      0.00      1
1    103551 5626.0     9.77e+10     84.95    137.51  -1673.80  -2371.50      0.00      1
1    103552 5626.0     9.12e+09     77.39    287.30   4543.33  -5351.16      0.00      1
1    103553 5626.0     7.94e+10     66.18    347.02   6091.39  -4588.43      0.00      1
1    103554 5626.0     1.55e+10     79.53    231.83   3537.26   3958.44      0.00      1
1    103555 5626.0     1.62e+09     76.23    329.04    -18.73  -8548.53      0.00      1
1    103556 5626.0     1.62e+10     73.31     65.80   2677.39  -1397.63      0.00      1
1    103557 5626.0     9.77e+09     68.61    164.64   1693.76  -5785.98      0.00      1
1    103558 5626.0     3.72e+10     70.64     80.55   -424.54  -7792.10      0.00      1
1    103559 5626.0     6.31e+09     87.80     19.43  -4044.94   2080.16      0.00      1
1    103560 5626.0     5.01e+09     74.05    235.58  -2088.38  -7523.04      0.00      1
1    103561 5626.0     2.04e+10     72.40    253.27  -2162.47  -5967.70      0.00      1
1    103562 5626.0     7.94e+10     82.88     59.81   3456.07 -10687.46      0.00      1
1    103563 5626.0     5.25e+09     65.84    158.56   5864.97   3014.03      0.00      0
1    103564 5626.0     1.95e+10     82.94     27.12   -634.93 -10760.38      0.00      1
1    103565 5626.0     4.79e+10     73.27    226.06   4982.65   3004.43      0.00      1
1    103566 5626.0     8.51e+10     76.71    145.09  -1167.87   1708.56      0.00      1
1    103567 5626.0     2.75e+10     81.49    162.28   -236.06  -3809.63      0.00      1
1    103568 5626.0     3.63e+10     71.37     65.97   2108.71  -6222.66      0.00      1
1    103569 5626.0     1.55e+09     67.67     93.99   3020.31   2901.77      0.00      1
1    103570 5626.0     1.29e+10     78.77    318.24  -3936.98 -10470.54      0.00      0
1    103571 5626.0     3.80e+09     72.66     41.27   5225.68   -434.69      0.00      1
1    103572 5626.0     1.91e+09     72.56    238.67   5703.73  -6032.05      0.00      1
1    103573 5626.0     1.38e+09     76.53    186.96    971.65  -2603.20      0.00      1
1    103574 5626.0     6.03e+09     85.94    189.25   5758.15    965.04      0.00      1
1    103575 5626.0     9.77e+09     74.24    326.29    751.23  -4288.16      0.00      1
1    103576 5626.0     4.17e+10     84.25    236.81  -2897.64  -7914.35      0.00      1
1    103577 5626.0     6.61e+09     78.09     43.66  -1363.91  -6313.12      0.00      1
1    103578 5626.0     3.02e+09     71.00     94.12  -3987.71    506.08      0.00      1
1    103579 5626.0     1.62e+09     80.91    155.51  -1793.76  -6711.22      0.00      1
1    103580 5626.0     2.95e+10     68.45    333.91   6123.00   -179.85      0.00      1
1    103581 5626.0     9.77e+09     80.92    305.51   -305.01  -8240.70      0.00      1
1    103582 5626.0     1.38e+09     78.84    229.09   3323.95  -2323.95      0.00      1
1    103583 5626.0     1.07e+10     83.31    260.46   2746.65   2227.55      0.00      1
1    103584 5626.0     1.23e+09     69.39    147.25   3860.36 -10002.10      0.00      0
1    103585 5626.0     2.63e+09     80.28    216.35   3172.78  -8291.33      0.00      1
1    103586 5626.0     1.86e+09     67.37     40.14  -4214.97  -2785.96      0.00      1
1    103587 5626.0     3.47e+10     73.00     26.26   6031.60 -10248.18      0.00      0
1    103588 5626.0     7.76e+09     68.64     41.18  -3736.44 -11096.03      0.00      0
1    103589 5626.0     2.57e+10     83.05    247.91    -96.98  -3478.64      0.00      1
1    103590 5626.0     3.63e+10     66.99    221.41  -4119.38  -7023.16      0.00      0
1    103591 5626.0     2.19e+09     70.10    171.59   6182.90 -10592.37      0.00      0
1    103592 5626.0     3.39e+10     83.59    252.30   5443.59   3325.88      0.00      1
1    103593 5626.0     1.20e+10     84.00    324.13   3685.43   3943.27      0.00      1
1    103594 5626.0     3.02e+10     85.06    156.39   1373.78   4724.36      0.00      1
1    103595 5626.0     1.35e+10     72.45    191.02   4071.48   2592.94      0.00      1
1    103596 5626.0     3.72e+10     75.79    133.39  -4345.33  -3005.17      0.00      1
1    103597 5626.0     1.10e+10     73.18     90.29   1520.81  -8761.59      0.00      1
1    103598 5626.0     1.41e+09     79.56     96.58   -341.89  -6634.11      0.00      1
1    103599 5626.0     2.69e+10     85.47     45.27   -926.21    614.74      0.00      1
