1    101000 5626.0     8.13e+09     72.87    230.93  -1544.20  -6118.53      0.00      1
1    101001 5626.0     1.74e+10     86.61    151.83   1159.86  -5347.26      0.00      1
1    101002 5626.0     1.20e+09     79.15    102.88   2581.04    263.06      0.00      1
1    101003 5626.0     1.35e+10     74.26    238.50   2626.42  -6276.55      0.00      1
1    101004 5626.0     5.01e+10     83.19    251.70  -1837.02   5161.45      0.00      1
1    101005 5626.0     1.74e+10     76.26     41.37   1193.08  -9121.19      0.00      1
1    101006 5626.0     4.79e+10     68.90    150.36  -1659.98  -4731.38      0.00      1
1    101007 5626.0     9.77e+10     71.53    191.63   4258.37  -2733.35      0.00      1
1    101008 5626.0     9.55e+10     78.35    205.26   2817.40  -9738.03      0.00      1
1    101009 5626.0     6.92e+09     74.24    286.20  -2313.44  -6620.76      0.00      1
1    101010 5626.0     3.72e+09     69.09    296.96   2418.74  -6854.29      0.00      1
1    101011 5626.0     1.58e+10     78.72    284.28   3662.56   2781.34      0.00      1
1    101012 5626.0     4.27e+09     84.49     83.97  -2268.47   3258.88      0.00      1
1    101013 5626.0     1.78e+10     83.79    265.54   5001.34   1362.54      0.00      1
1    101014 5626.0     5.25e+10     67.30    147.15   2018.15   2981.21      0.00      1
1    101015 5626.0     1.05e+10     69.58    339.86  -3941.41   3293.26      0.00      1
1    101016 5626.0     9.12e+10     81.09    253.18   5752.14  -7523.53      0.00      1
1    101017 5626.0     7.08e+09     83.81    132.28   5852.62  -2107.12      0.00      1
1    101018 5626.0     5.89e+10     87.57     99.95   2461.91  -2518.52      0.00      1
1    101019 5626.0     1.74e+10     79.32     71.98  -1660.10  -8606.42      0.00      1
1    101020 5626.0     1.12e+09     87.41    307.83   -749.97    120.75      0.00      0
1    101021 5626.0     2.14e+10     80.72     75.53   2498.93  -1585.21      0.00      1
1    101022 5626.0     1.00e+09     65.16     37.11   2251.43   5070.82      0.00      0
1    101023 5626.0     1.82e+09     83.82    233.21   1653.93 -10507.05      0.00      1
1    101024 5626.0     2.14e+09     65.26     45.71  -2989.95  -9529.77      0.00      1
1    101025 5626.0     7.08e+09     72.69    197.72   4151.00   3396.86      0.00      1
1    101026 5626.0     1.45e+10     71.06    187.40  -2586.86  -9170.75      0.00      1
1    101027 5626.0     1.66e+09     67.41    164.20    200.29  -3031.14      0.00      1
1    101028 5626.0     6.92e+09     85.79    331.84  -3420.00  -8525.40      0.00      1
1    101029 5626.0     9.12e+10     80.92    127.67  -1786.96  -2980.57      0.00      1
1    101030 5626.0     4.57e+10     66.23    205.81   -665.15  -3357.04      0.00      1
1    101031 5626.0     1.20e+09     86.94    329.45   4085.20  -4021.93      0.00      0
1    101032 5626.0     5.75e+09     76.82    129.30   4817.61  -4002.72      0.00      1
1    101033 5626.0     2.09e+09     71.81    109.96   3739.27   4166.32      0.00      1
1    101034 5626.0     1.41e+10     77.27    177.53   1475.87   3017.94      0.00      1
1    101035 5626.0     9.77e+09     77.16    121.97    717.00  -4001.71      0.00      1
1    101036 5626.0     2.04e+10     78.75    229.51   -171.83 -11282.05      0.00      1
1    101037 5626.0     5.62e+10     87.44    209.66   -108.96   3351.84      0.00      1
1    101038 5626.0     6.17e+09     71.42     15.38   2908.10  -6388.24      0.00      1
1    101039 5626.0     5.89e+09     84.37    355.09  -1461.42   -331.99      0.00      1
1    101040 5626.0     1.35e+09     70.87    101.23   4945.06  -7864.06      0.00      1
1    101041 5626.0     2.82e+09     71.81    101.20   1162.97 -10906.30      0.00      1
1    101042 5626.0     1.12e+09     74.97    240.37  -2019.90  -4251.12      0.00      1
1    101043 5626.0     1.10e+09     85.08    164.29   4897.45   -477.33      0.00      1
1    101044 5626.0     1.12e+09     77.56    140.74   4529.81  -1315.11      0.00      1
1    101045 5626.0     4.57e+10     69.85      7.55    129.63  -8973.93      0.00      1
1    101046 5626.0     2.24e+10     75.45     91.98   3682.71   -684.80      0.00      1
1    101047 5626.0     7.94e+09     73.94    137.97  -3428.27  -6697.39      0.00      1
1    101048 5626.0     5.62e+10     69.26    234.18   -598.73  -1761.54      0.00      1
1    101049 5626.0     2.00e+10     66.71     87.63   3504.81   3434.03      0.00      0
1    101050 5626.0     2.88e+09     82.36    266.90  -1041.47  -1718.96      0.00      1
1    101051 5626.0     6.17e+10     79.92    207.19   3173.06   3602.92      0.00      1
1    101052 5626.0     1.91e+09     75.83    126.15   3785.94  -7170.28      0.00      1
1    101053 5626.0     3.72e+10     85.94    289.15   6124.60   5008.05      0.00      1
1    101054 5626.0     2.04e+10     85.10    298.29  -3125.99  -5930.58      0.00      1
1    101055 5626.0     6.46e+09     83.02     68.59  -4187.33  -6204.84      0.00      1
1    101056 5626.0     2.00e+10     71.02     16.00   3547.56  -1532.49      0.00      1
1    101057 5626.0     5.25e+10     66.82     87.47   -564.20  -3637.88      0.00      1
1    101058 5626.0     2.04e+10     74.62    352.22    828.88    649.99      0.00      1
1    101059 5626.0     1.15e+09     66.84    291.64    385.99   -584.42      0.00      1
1    101060 5626.0     1.23e+10     76.06    266.88  -1538.20  -6959.01      0.00      1
1    101061 5626.0     2.45e+09     87.57    156.53   -524.76  -2485.00      0.00      0
1    101062 5626.0     2.69e+10     78.15    185.40   5548.27  -8584.46      0.00      1
1    101063 5626.0     5.13e+10     66.82    127.38   4176.72 -10474.47      0.00      0
1    101064 5626.0     1.55e+09     84.86      0.68   6435.39  -6827.39      0.00      1
1    101065 5626.0     1.48e+09     80.83     82.09   2306.34  -9514.66      0.00      1
1    101066 5626.0     6.61e+10     79.33    117.66   4702.67  -1105.70      0.00      1
1    101067 5626.0     5.75e+09     84.13      0.62   3471.65  -1300.69      0.00      1
1    101068 5626.0     5.13e+09     71.13     16.49   6003.78   2722.32      0.00      1
1    101069 5626.0     4.17e+10     67.64    252.60   3695.53   1042.07      0.00      1
1    101070 5626.0     1.26e+09     86.01    307.47  -2638.75   2571.02      0.00      0
1    101071 5626.0     1.23e+10     65.44    348.25   5129.50  -2683.93      0.00      1
1    101072 5626.0     1.45e+09     69.23    298.97   1320.89  -4053.22      0.00      1
1    101073 5626.0     3.24e+09     87.35    126.21   5242.00  -7704.40      0.00      1
1    101074 5626.0     1.35e+10     79.17    232.97  -1952.81    411.43      0.00      1
1    101075 5626.0     6.61e+09     78.38     43.97  -3786.72   4056.93      0.00      1
1    101076 5626.0     1.78e+10     74.12    221.30  -2380.56  -4654.39      0.00      1
1    101077 5626.0     4.90e+10     78.68     33.92   1452.52   4582.94      0.00      1
1    101078 5626.0     2.04e+10     86.01    194.97   -634.59   2717.96      0.00      1
1    101079 5626.0     5.37e+10     82.65    129.71   2101.71   1630.14      0.00      1
1    101080 5626.0     1.00e+10     69.41    114.95  -1900.99   3809.05      0.00      1
1    101081 5626.0     1.26e+09     73.72    154.94    791.19  -9735.08      0.00      1
1    101082 5626.0     1.51e+09     65.32    353.91   3320.61  -5947.42      0.00      0
1    101083 5626.0     2.57e+10     68.14    350.54   -936.80  -7163.71      0.00      1
1    101084 5626.0     2.09e+09     76.80    154.68   5163.82   3354.66      0.00      1
1    101085 5626.0     8.32e+10     68.73    289.52   1822.75   3446.50      0.00      1
1    101086 5626.0     1.58e+09     69.24      6.08   1282.57  -8098.53      0.00      1
1    101087 5626.0     4.47e+10     87.41    352.97   1942.82  -5079.70      0.00      1
1    101088 5626.0     1.02e+09     77.80    174.37   3972.20   2800.94      0.00      1
1    101089 5626.0     6.17e+10     78.60    246.13    119.41  -8884.56      0.00      1
1    101090 5626.0     7.94e+09     78.10    149.31  -1723.78   5065.64      0.00      1
1    101091 5626.0     1.29e+10     73.49    310.02   4275.67   1018.57      0.00      1
1    101093 5626.0     1.55e+09     71.94     89.84   1402.25   4467.21      0.00      1
1    101094 5626.0     1.51e+10     75.28    220.16   4537.70  -2479.36      0.00      1
1    101095 5626.0     1.41e+09     86.71    337.98  -4031.16      0.02      0.00      0
1    101096 5626.0     1.58e+09     65.31    331.28   1033.02  -5349.85      0.00      0
1    101097 5626.0     1.32e+09     86.28    110.01   1626.05    750.00      0.00      0
1    101098 5626.0     2.09e+09     82.36    278.97   -974.23  -3440.18      0.00      1
1    101099 5626.0     7.76e+10     78.25    276.39   1506.83   4145.77      0.00      1
