1      1800 14.0       5.75e+09     67.84    343.36   6378.21   1441.45      0.00      1
1      1801 14.0       3.16e+09     80.17    256.06   4607.81  -4033.09      0.00      1
1      1802 14.0       4.37e+09     84.84    286.86   3068.04  -1451.48      0.00      1
1      1803 14.0       1.17e+10     77.30    117.27    995.95  -1693.39      0.00      1
1      1804 14.0       2.51e+10     83.91    193.43  -3770.72  -1652.06      0.00      1
1      1805 14.0       9.12e+10     69.12     37.19   6499.54  -7802.99      0.00      0
1      1806 14.0       5.62e+10     86.33    316.68   5217.72   3483.95      0.00      1
1      1807 14.0       8.91e+10     70.95     45.63   -734.69   2821.71      0.00      1
1      1808 14.0       1.12e+10     69.12    148.05   6352.10  -7328.57      0.00      0
1      1809 14.0       4.90e+10     65.04    125.70  -1458.83  -3224.75      0.00      0
1      1810 14.0       3.63e+10     68.19    166.70  -3794.72   1461.30      0.00      1
1      1811 14.0       9.55e+10     82.84    142.84    720.58   2237.82      0.00      1
1      1812 14.0       8.91e+09     87.25    212.02   4061.50   1165.45      0.00      1
1      1813 14.0       1.10e+10     77.57    291.11   3094.31  -9270.57      0.00      1
1      1814 14.0       2.29e+09     85.07     94.62   5269.06   1629.88      0.00      1
1      1815 14.0       4.37e+10     65.46      7.69    643.90  -4830.18      0.00      1
1      1816 14.0       4.47e+09     69.35    206.77   5985.25   -497.69      0.00      1
1      1817 14.0       4.57e+10     78.38     89.51  -1116.45   2690.26      0.00      1
1      1818 14.0       4.37e+09     68.31    205.63  -1584.02   2846.93      0.00      1
1      1819 14.0       9.55e+10     83.73     16.89    560.19  -5069.40      0.00      1
1      1820 14.0       1.10e+10     85.57    222.43    784.92   4089.40      0.00      1
1      1821 14.0       7.24e+09     78.28    193.21  -3860.26  -7047.84      0.00      1
1      1822 14.0       3.16e+10     75.27    275.55   2093.51 -10028.23      0.00      1
1      1823 14.0       2.40e+09     77.75    203.06   1659.90  -8739.59      0.00      1
1      1824 14.0       9.12e+10     73.04     11.51   4652.73  -9379.37      0.00      1
1      1825 14.0       1.91e+10     74.03    117.31   3423.68  -4103.40      0.00      1
1      1826 14.0       3.09e+09     76.22    140.07   1636.54   1655.29      0.00      1
1      1827 14.0       1.91e+10     83.29    131.44   -670.31  -6836.15      0.00      1
1      1828 14.0       6.76e+10     77.82     53.52  -1643.77   4480.43      0.00      1
1      1829 14.0       8.91e+09     80.64    279.18   1661.22  -8474.14      0.00      1
1      1830 14.0       6.03e+10     69.75     46.62   2106.58  -5865.79      0.00      0
1      1831 14.0       2.00e+09     71.55    353.35  -2719.98  -4634.39      0.00      1
1      1832 14.0       4.27e+10     74.44     47.28   3423.50  -1420.62      0.00      1
1      1833 14.0       8.13e+09     74.36    100.70   3753.78 -11172.66      0.00      1
1      1834 14.0       9.33e+09     84.43    234.26   6212.71   2617.68      0.00      1
1      1835 14.0       1.95e+09     66.13    186.98   6313.10   4568.38      0.00      0
1      1836 14.0       2.29e+09     68.70    356.49  -2414.90   -278.71      0.00      1
1      1837 14.0       1.00e+09     70.64    142.33    845.71  -3536.54      0.00      1
1      1838 14.0       3.98e+09     85.37    117.14   3640.85  -8740.71      0.00      1
1      1839 14.0       1.10e+10     84.45    290.83   1354.59   3927.10      0.00      1
1      1840 14.0       1.95e+10     86.27    314.54  -2946.04  -8915.62      0.00      1
1      1841 14.0       3.80e+09     65.27    196.60   6172.34   3413.01      0.00      0
1      1842 14.0       1.17e+09     74.44    351.75  -1326.48   -961.58      0.00      1
1      1843 14.0       3.98e+09     67.20    156.59   1701.54   3175.98      0.00      1
1      1844 14.0       5.50e+09     77.13     35.52   3706.97  -2347.68      0.00      1
1      1845 14.0       8.51e+09     85.48    107.19   4688.01  -6750.78      0.00      1
1      1846 14.0       1.95e+10     79.51    264.51  -2781.27  -9270.76      0.00      1
1      1847 14.0       7.94e+09     81.68    261.33   5064.68  -3359.85      0.00      1
1      1848 14.0       4.07e+09     80.56    108.59    974.24  -2205.16      0.00      1
1      1849 14.0       3.55e+10     69.61     99.65  -1329.14  -2124.99      0.00      1
1      1850 14.0       1.20e+09     80.85    107.81  -1142.74  -9664.45      0.00      1
1      1851 14.0       2.34e+09     86.22    182.75   6005.61   3831.28      0.00      1
1      1852 14.0       1.02e+09     77.26    263.61    392.41  -5186.11      0.00      1
1      1853 14.0       1.62e+09     72.72    131.31   2816.18  -1072.86      0.00      1
1      1854 14.0       2.14e+10     85.46      9.03   1354.57  -8568.87      0.00      1
1      1855 14.0       1.02e+09     74.50     43.84   4599.46  -9490.78      0.00      1
1      1856 14.0       6.31e+09     86.99    292.37   1136.61  -2136.20      0.00      1
1      1857 14.0       7.94e+10     84.67      3.55   2376.18  -1739.48      0.00      1
1      1858 14.0       1.17e+10     73.46     88.67   5319.35   1255.48      0.00      1
1      1859 14.0       1.41e+09     84.25    353.53   -640.76  -6449.74      0.00      1
1      1860 14.0       6.17e+10     76.54     33.77  -1966.30   3360.97      0.00      1
1      1861 14.0       3.89e+09     69.94    140.96    125.09  -8582.78      0.00      1
1      1862 14.0       6.03e+10     82.46    261.29   6163.13  -8229.42      0.00      1
1      1863 14.0       6.46e+09     73.98    155.01   1336.08   3188.34      0.00      1
1      1864 14.0       5.50e+09     81.72    225.47   5002.09  -2822.66      0.00      1
1      1865 14.0       3.98e+09     79.97      1.31   3567.92   3867.33      0.00      1
1      1866 14.0       3.02e+10     85.88     39.08     70.28   2217.17      0.00      1
1      1867 14.0       2.51e+10     87.54    264.54  -3418.67    984.01      0.00      1
1      1868 14.0       3.63e+09     83.24     35.57   5662.24   -799.54      0.00      1
1      1869 14.0       7.94e+09     87.65     89.45  -1854.87  -7120.61      0.00      1
1      1870 14.0       3.24e+10     82.97    220.89   -194.01   3538.98      0.00      1
1      1871 14.0       1.70e+09     68.07    283.86   6359.60  -2288.17      0.00      1
1      1872 14.0       5.13e+09     66.05    157.71   5467.83   4336.24      0.00      0
1      1873 14.0       1.51e+09     80.86     82.21    915.35  -5654.04      0.00      1
1      1874 14.0       8.71e+09     75.87    356.78   1137.57   5108.09      0.00      1
1      1875 14.0       2.82e+10     75.11    347.53  -1093.77  -5969.86      0.00      1
1      1876 14.0       5.89e+10     72.47    125.85   3167.33  -5411.75      0.00      1
1      1877 14.0       3.98e+10     80.15     66.25   1312.19 -10817.56      0.00      1
1      1878 14.0       2.69e+09     76.82    182.59  -4349.99  -2983.49      0.00      1
1      1879 14.0       8.32e+09     81.15     11.89  -1656.14   -158.02      0.00      1
1      1880 14.0       2.63e+09     87.73    328.48   1882.03   4679.07      0.00      0
1      1881 14.0       3.72e+10     82.11    108.59   5693.98 -11067.11      0.00      1
1      1882 14.0       5.37e+10     72.98    153.99  -3645.97  -2510.83      0.00      1
1      1883 14.0       1.20e+10     87.42    343.27  -1753.38   4435.13      0.00      1
1      1884 14.0       1.41e+10     84.61    159.42   2104.60  -5754.73      0.00      1
1      1885 14.0       1.74e+10     70.83     38.51   4818.47  -2944.57      0.00      1
1      1886 14.0       3.39e+10     67.00      5.56   5209.32  -9409.62      0.00      0
1      1887 14.0       3.63e+10     82.78    214.90   -244.96   4999.51      0.00      1
1      1888 14.0       6.61e+10     84.14    289.79  -2189.31  -7370.94      0.00      1
1      1889 14.0       2.82e+10     86.93      9.99   1432.72   1879.63      0.00      1
1      1890 14.0       3.63e+09     71.22    212.56  -2900.92  -9917.68      0.00      1
1      1891 14.0       1.48e+10     65.67    119.03   3817.64  -3492.48      0.00      1
1      1892 14.0       1.15e+09     80.44    153.53    925.37  -8100.14      0.00      1
1      1893 14.0       2.34e+09     72.07    179.44   4130.53  -2137.67      0.00      1
1      1894 14.0       1.86e+09     77.70    130.08   1261.62  -3052.25      0.00      1
1      1895 14.0       2.00e+09     70.21    334.14   1315.89  -4189.41      0.00      1
1      1896 14.0       8.91e+09     66.89    255.18  -2109.64   2412.59      0.00      1
1      1897 14.0       6.61e+09     72.09    237.88   1662.55  -8813.68      0.00      1
1      1898 14.0       2.00e+09     84.14    110.13    324.66 -10664.95      0.00      1
1      1899 14.0       7.94e+10     78.44    126.44   5799.46    930.23      0.00      1
