1    107300 5626.0     2.63e+08     72.69    114.56   -965.11   3075.71      0.00      0
1    107301 5626.0     6.17e+08     87.40    223.54   6250.00   1321.56      0.00      0
1    107302 5626.0     2.82e+08     76.34     28.12   4399.90  -2170.91      0.00      1
1    107303 5626.0     9.12e+08     70.54     79.29  -3282.93   -685.06      0.00      1
1    107304 5626.0     2.29e+08     71.72    313.09  -1003.92  -2894.69      0.00      0
1    107305 5626.0     1.17e+08     75.29     90.76  -3832.87   3447.10      0.00      0
1    107306 5626.0     3.24e+08     80.89    164.37   1969.83  -8623.74      0.00      0
1    107307 5626.0     2.24e+08     66.17     94.79   3754.45   1850.68      0.00      0
1    107308 5626.0     3.09e+08     85.99    281.01   3267.13  -6865.98      0.00      0
1    107309 5626.0     3.02e+08     67.23    310.27   -192.68   4596.69      0.00      0
1    107310 5626.0     5.89e+08     80.43    338.63    902.89  -9588.29      0.00      1
1    107311 5626.0     3.16e+08     84.07    254.76  -1125.67  -1015.30      0.00      0
1    107312 5626.0     3.31e+08     69.85    276.71   5609.55  -5825.80      0.00      1
1    107313 5626.0     2.40e+08     71.67     95.14  -2218.89  -3570.87      0.00      1
1    107315 5626.0     6.92e+08     65.12    247.38   5937.71   3914.72      0.00      0
1    107316 5626.0     3.02e+08     77.18    345.89  -2414.85  -1166.35      0.00      1
1    107317 5626.0     1.82e+08     74.45    280.56   6049.19  -1324.35      0.00      0
1    107318 5626.0     7.24e+08     82.94    216.86   5616.84   3129.98      0.00      1
1    107319 5626.0     5.89e+08     86.48    351.45   2601.18   3276.53      0.00      0
1    107320 5626.0     7.94e+08     73.03    209.29   5292.17  -1278.25      0.00      1
1    107321 5626.0     5.62e+08     71.28    234.13   3701.73  -3745.24      0.00      1
1    107322 5626.0     3.72e+08     81.77    290.65   6402.45    464.87      0.00      0
1    107323 5626.0     1.07e+08     80.86    188.26   4161.64   5110.41      0.00      0
1    107324 5626.0     3.89e+08     80.08    329.49    -33.59   1554.18      0.00      1
1    107325 5626.0     5.25e+08     81.20    268.18   2761.03  -4933.20      0.00      1
1    107326 5626.0     7.59e+08     66.50    143.24    798.87 -10828.27      0.00      1
1    107327 5626.0     1.29e+08     80.14    353.13  -3843.01  -5280.31      0.00      0
1    107328 5626.0     2.82e+08     65.40    277.13   2723.80  -2353.81      0.00      0
1    107329 5626.0     3.39e+08     84.54    296.47    739.44   2663.19      0.00      0
1    107330 5626.0     7.41e+08     87.49      5.31   4017.47   3821.56      0.00      0
1    107331 5626.0     3.89e+08     82.84    118.37   4576.64    741.59      0.00      0
1    107332 5626.0     2.40e+08     86.21    346.91   4470.15  -4008.85      0.00      0
1    107333 5626.0     3.98e+08     76.33    126.23  -2447.80  -8760.33      0.00      1
1    107334 5626.0     1.62e+08     86.77    220.70  -2499.73   3854.06      0.00      0
1    107335 5626.0     1.95e+08     73.72     69.32   4585.37  -2652.02      0.00      0
1    107336 5626.0     3.55e+08     84.52    209.53    363.75   3165.45      0.00      0
1    107337 5626.0     1.45e+08     84.52     31.97  -3462.70   3450.95      0.00      0
1    107338 5626.0     2.29e+08     69.40    155.00    579.49  -2026.55      0.00      0
1    107339 5626.0     4.47e+08     75.13     48.30   3325.86  -8552.85      0.00      1
1    107340 5626.0     5.13e+08     81.24    287.09    466.20   4944.13      0.00      1
1    107341 5626.0     9.77e+08     74.59     94.14  -4342.72   3501.36      0.00      1
1    107342 5626.0     1.38e+08     85.43    301.37   3573.55  -9630.62      0.00      0
1    107343 5626.0     4.79e+08     76.83    120.95   4448.57    272.34      0.00      1
1    107344 5626.0     5.50e+08     73.81    136.45   -783.01  -8962.01      0.00      1
1    107345 5626.0     1.95e+08     78.76     94.18   -895.93  -1531.05      0.00      0
1    107346 5626.0     2.40e+08     65.08    205.70   2832.60   1422.16      0.00      0
1    107347 5626.0     1.07e+08     81.19    326.64  -2329.15   2545.54      0.00      0
1    107348 5626.0     9.77e+08     79.97    359.39    451.58  -8205.16      0.00      1
1    107349 5626.0     7.94e+08     75.42    153.63   -237.10  -3224.74      0.00      1
1    107350 5626.0     1.29e+08     79.44    334.40   2792.17 -11033.80      0.00      0
1    107351 5626.0     2.69e+08     65.13    158.84  -3558.75  -5680.94      0.00      0
1    107352 5626.0     8.13e+08     79.10    266.23   2287.54  -7348.59      0.00      1
1    107353 5626.0     4.17e+08     68.96     76.49   -140.93  -9168.97      0.00      0
1    107354 5626.0     7.94e+08     77.80     63.75   5815.99   2484.31      0.00      1
1    107355 5626.0     3.80e+08     74.48    195.75   6125.42  -2429.06      0.00      1
1    107356 5626.0     8.91e+08     77.22    294.21  -1550.36  -5050.45      0.00      1
1    107357 5626.0     1.35e+08     70.56    264.29   5319.81   2031.41      0.00      0
1    107358 5626.0     2.34e+08     66.39     92.64   3064.36   3152.87      0.00      0
1    107359 5626.0     3.55e+08     66.12     89.19   5362.09   1294.11      0.00      0
1    107360 5626.0     5.01e+08     83.74    259.44   6347.00   2703.04      0.00      0
1    107361 5626.0     1.51e+08     70.83    338.02   2740.36   4932.23      0.00      0
1    107362 5626.0     4.17e+08     72.15     84.58   4459.76  -9915.00      0.00      0
1    107363 5626.0     1.70e+08     87.50    277.44   1954.36  -2885.42      0.00      0
1    107364 5626.0     3.16e+08     73.47     17.20      0.65   -401.19      0.00      1
1    107365 5626.0     9.77e+08     82.38     35.07     89.06  -6728.98      0.00      1
1    107366 5626.0     5.75e+08     75.79    320.08   2897.59  -6939.98      0.00      1
1    107367 5626.0     4.17e+08     71.73     60.90  -3446.14  -1301.09      0.00      1
1    107368 5626.0     1.62e+08     71.00     58.57   1369.55  -2896.77      0.00      0
1    107369 5626.0     4.07e+08     71.09     46.13   2131.21  -6898.51      0.00      0
1    107370 5626.0     2.04e+08     82.36    103.10   3858.74   2983.02      0.00      0
1    107371 5626.0     2.04e+08     65.21    263.26  -3178.07    479.87      0.00      0
1    107372 5626.0     2.19e+08     67.45    241.61   6009.91  -9024.46      0.00      0
1    107373 5626.0     1.74e+08     75.22    209.01    565.12  -5305.86      0.00      0
1    107374 5626.0     5.50e+08     65.20     58.77  -1144.70   3854.98      0.00      0
1    107375 5626.0     1.38e+08     79.86     92.45   5133.86    861.08      0.00      0
1    107376 5626.0     5.50e+08     68.98     26.16  -2798.09  -2919.04      0.00      1
1    107377 5626.0     8.91e+08     77.67    197.78  -1985.06   3801.35      0.00      1
1    107378 5626.0     1.12e+08     85.08     35.83  -2923.50    906.26      0.00      0
1    107379 5626.0     3.24e+08     72.41    160.07   2011.02   1803.78      0.00      1
1    107380 5626.0     5.13e+08     87.15    220.85  -3542.90   4114.35      0.00      0
1    107381 5626.0     1.48e+08     72.01     57.18  -4058.74  -8466.84      0.00      0
1    107382 5626.0     1.86e+08     75.67    237.95    541.57  -9780.80      0.00      0
1    107383 5626.0     5.01e+08     77.67    283.98      8.31  -8144.76      0.00      1
1    107384 5626.0     1.70e+08     66.80     40.46     25.91  -5262.11      0.00      0
1    107385 5626.0     4.07e+08     86.28    138.34   1521.29  -2969.87      0.00      0
1    107386 5626.0     7.41e+08     78.57     64.39   1058.04   -978.98      0.00      1
1    107387 5626.0     3.31e+08     82.99    152.57  -2375.74  -8560.91      0.00      0
1    107388 5626.0     2.51e+08     66.95     50.01  -2255.63  -5837.90      0.00      0
1    107389 5626.0     1.32e+08     81.73    302.42    503.75  -5544.48      0.00      0
1    107390 5626.0     2.14e+08     82.84    343.55    697.49   -593.78      0.00      0
1    107391 5626.0     4.07e+08     75.87    113.42   1550.32  -1817.16      0.00      1
1    107392 5626.0     1.00e+09     68.89    103.41      8.37   4192.58      0.00      1
1    107393 5626.0     3.80e+08     73.52    306.24   -668.69  -6887.32      0.00      1
1    107394 5626.0     3.16e+08     67.73    279.79   4954.84  -8498.43      0.00      0
1    107395 5626.0     7.41e+08     87.59     96.26   5371.27  -4909.46      0.00      0
1    107396 5626.0     1.32e+08     73.46    264.07   4783.31  -8017.11      0.00      0
1    107397 5626.0     1.82e+08     73.08    198.68   1593.47  -6768.47      0.00      0
1    107398 5626.0     3.72e+08     76.82     73.72   6418.00  -1340.78      0.00      1
1    107399 5626.0     5.37e+08     75.94    352.61    949.47  -6563.54      0.00      1
