1    107200 5626.0     7.08e+08     78.70     33.60   5412.24   1224.06      0.00      1
1    107201 5626.0     1.95e+08     80.29    304.47   1277.46   -737.27      0.00      0
1    107202 5626.0     1.05e+08     79.69     16.40   5234.65  -7045.27      0.00      0
1    107203 5626.0     4.07e+08     85.16    165.64  -4332.81   4950.14      0.00      0
1    107204 5626.0     1.15e+08     81.68    326.89   -636.81   2672.56      0.00      0
1    107205 5626.0     1.20e+08     69.14    145.45   4476.54  -4852.86      0.00      0
1    107206 5626.0     5.13e+08     78.75    223.66  -2061.52   3717.71      0.00      1
1    107207 5626.0     5.89e+08     80.02     27.53   2698.90 -10247.03      0.00      1
1    107208 5626.0     6.31e+08     79.98    148.53    150.01  -9960.00      0.00      1
1    107209 5626.0     1.23e+08     80.41    289.75  -4096.89  -4803.96      0.00      0
1    107210 5626.0     4.57e+08     81.38    119.38   1781.16  -3211.47      0.00      1
1    107211 5626.0     1.55e+08     76.91     33.53  -1240.03   4384.00      0.00      0
1    107212 5626.0     3.89e+08     78.66     15.85   -933.42 -10599.04      0.00      1
1    107213 5626.0     6.17e+08     80.49     67.06   1127.31  -8134.36      0.00      1
1    107214 5626.0     3.55e+08     73.33    310.76    129.77  -9149.31      0.00      1
1    107215 5626.0     4.68e+08     68.35    128.23  -3617.50  -4007.45      0.00      0
1    107216 5626.0     1.70e+08     68.91    194.86   6217.23   2463.79      0.00      0
1    107217 5626.0     3.09e+08     87.73    359.12   1288.02  -3943.84      0.00      0
1    107218 5626.0     4.68e+08     87.01    209.78   3551.35   -232.68      0.00      0
1    107219 5626.0     1.26e+08     76.56    234.02   -442.42  -1283.10      0.00      0
1    107220 5626.0     1.70e+08     84.46     66.48  -2258.93  -9035.34      0.00      0
1    107221 5626.0     1.02e+08     84.69     50.59    558.02  -6764.50      0.00      0
1    107222 5626.0     4.68e+08     74.20    322.18    205.09   4085.90      0.00      1
1    107223 5626.0     2.45e+08     85.71     92.74    -50.53  -5059.73      0.00      0
1    107224 5626.0     4.79e+08     66.51    260.08  -2510.88  -6610.94      0.00      0
1    107225 5626.0     1.12e+08     85.28     28.91     10.99  -8352.19      0.00      0
1    107226 5626.0     2.69e+08     76.88    195.09   5397.40  -6592.22      0.00      0
1    107227 5626.0     2.88e+08     75.09    308.58   2041.04  -8215.58      0.00      1
1    107228 5626.0     2.34e+08     82.80    179.66    791.69   2053.21      0.00      0
1    107229 5626.0     1.15e+08     78.05     75.46   2184.03  -7668.03      0.00      0
1    107230 5626.0     3.72e+08     76.64    328.79   6040.63   2246.03      0.00      1
1    107231 5626.0     8.91e+08     76.91    172.13   -232.12   -385.32      0.00      1
1    107232 5626.0     2.29e+08     85.67    132.33   6445.82    395.14      0.00      0
1    107233 5626.0     6.17e+08     71.56     25.68   6389.46  -4207.00      0.00      1
1    107234 5626.0     1.20e+08     69.70     95.60   -339.03   -185.81      0.00      0
1    107235 5626.0     5.25e+08     73.64    107.16  -3031.84   -774.06      0.00      1
1    107236 5626.0     5.25e+08     83.84    303.92   5295.05  -5846.70      0.00      0
1    107237 5626.0     2.34e+08     76.82    263.91   1860.73  -1811.23      0.00      1
1    107238 5626.0     1.17e+08     84.27    203.06   5736.65  -5031.71      0.00      0
1    107239 5626.0     8.71e+08     70.35    301.11   4217.41  -5731.34      0.00      1
1    107240 5626.0     6.61e+08     68.68    309.40   2019.97  -6441.74      0.00      0
1    107241 5626.0     3.24e+08     85.71    322.32   3102.95   2197.93      0.00      0
1    107242 5626.0     6.03e+08     66.43     28.00    150.85   1131.50      0.00      1
1    107243 5626.0     3.63e+08     83.36    191.07  -2476.18   2295.93      0.00      0
1    107244 5626.0     1.58e+08     73.25     93.54   2615.94    774.40      0.00      0
1    107245 5626.0     1.48e+08     87.86    170.93   3955.77   1181.47      0.00      0
1    107246 5626.0     1.95e+08     71.08    317.59   4795.39  -8502.64      0.00      0
1    107247 5626.0     1.55e+08     71.33    258.82   3048.03  -5997.12      0.00      0
1    107248 5626.0     4.57e+08     69.98    112.24   2190.37  -9459.91      0.00      1
1    107249 5626.0     2.82e+08     70.58    322.75  -3146.49  -6825.75      0.00      0
1    107250 5626.0     6.17e+08     70.06    165.55    249.37   -524.26      0.00      1
1    107251 5626.0     7.59e+08     85.54    262.08   5122.44  -9664.14      0.00      0
1    107252 5626.0     6.61e+08     67.66     35.23    261.61  -5989.81      0.00      1
1    107253 5626.0     2.00e+08     72.61     99.67   2517.49  -6289.82      0.00      0
1    107254 5626.0     2.57e+08     75.42    233.13   6297.17   4681.30      0.00      0
1    107255 5626.0     1.20e+08     68.38    120.26   4868.15  -9864.78      0.00      0
1    107256 5626.0     5.75e+08     72.52    311.21   6377.81  -7992.03      0.00      1
1    107257 5626.0     7.94e+08     72.97    317.14   -799.06   1040.90      0.00      1
1    107258 5626.0     5.89e+08     74.25    266.28  -2688.91   3017.10      0.00      1
1    107259 5626.0     2.29e+08     69.27     21.47   -510.50  -9449.19      0.00      0
1    107260 5626.0     4.17e+08     73.25     96.02   4984.87  -8024.19      0.00      1
1    107261 5626.0     2.82e+08     67.20    224.99   -590.28  -3905.92      0.00      0
1    107262 5626.0     2.19e+08     86.07    154.66   6121.18   1966.68      0.00      0
1    107263 5626.0     2.75e+08     69.11    152.07   3853.28  -2267.21      0.00      0
1    107264 5626.0     2.29e+08     75.30     33.65   3601.46  -9365.50      0.00      0
1    107265 5626.0     5.50e+08     82.19    200.66   -472.07   3760.51      0.00      1
1    107266 5626.0     3.24e+08     80.32     78.53  -4202.77  -1008.23      0.00      1
1    107267 5626.0     1.12e+08     69.43    305.39   4123.28  -5100.37      0.00      0
1    107268 5626.0     2.45e+08     87.77     12.12  -1851.78    153.80      0.00      0
1    107269 5626.0     5.13e+08     76.80    184.75  -1508.75  -3026.72      0.00      1
1    107270 5626.0     5.01e+08     85.05     14.93   4548.25  -5066.22      0.00      0
1    107271 5626.0     5.89e+08     74.42    292.69   1039.61  -5334.84      0.00      1
1    107272 5626.0     3.02e+08     84.06     48.40    892.86    345.06      0.00      0
1    107273 5626.0     1.48e+08     68.44    188.90   4426.03   2683.16      0.00      0
1    107274 5626.0     2.75e+08     84.41    163.19  -2750.53  -6822.04      0.00      0
1    107275 5626.0     8.91e+08     77.30    241.09   1908.19   1399.24      0.00      1
1    107276 5626.0     1.12e+08     77.95    209.16  -2775.68  -9440.70      0.00      0
1    107277 5626.0     2.34e+08     82.05    103.82  -1949.67  -9747.71      0.00      0
1    107278 5626.0     1.62e+08     76.19    175.39  -3718.55  -8487.34      0.00      0
1    107279 5626.0     5.89e+08     81.89    202.30   3359.17  -1880.05      0.00      1
1    107280 5626.0     4.07e+08     74.53     30.38   5700.50  -6615.35      0.00      1
1    107281 5626.0     4.57e+08     81.42    152.97   1603.74    999.12      0.00      1
1    107282 5626.0     1.10e+08     78.98      0.73  -4280.51  -9631.66      0.00      0
1    107283 5626.0     2.04e+08     85.24     96.97  -3684.79  -8281.51      0.00      0
1    107284 5626.0     2.14e+08     74.26    245.21  -3915.48  -6033.38      0.00      0
1    107285 5626.0     9.55e+08     72.26    276.69    892.38  -3250.95      0.00      1
1    107286 5626.0     1.05e+08     69.90    318.19   2721.01   1302.29      0.00      0
1    107287 5626.0     8.32e+08     69.57    259.52   -986.23   1416.28      0.00      1
1    107288 5626.0     7.76e+08     80.83    115.97   1532.11   4033.11      0.00      1
1    107289 5626.0     5.01e+08     73.61    160.68   5615.15   3412.03      0.00      1
1    107290 5626.0     1.48e+08     77.73     73.04    726.58 -10465.35      0.00      0
1    107291 5626.0     2.57e+08     85.60    260.18   5835.81    573.28      0.00      0
1    107292 5626.0     1.00e+09     82.00    120.79   5075.31  -4931.35      0.00      1
1    107293 5626.0     1.15e+08     67.00    273.12  -1612.76  -3788.08      0.00      0
1    107294 5626.0     1.70e+08     83.84    157.14   3974.81    489.40      0.00      0
1    107295 5626.0     1.86e+08     87.90    127.80  -1994.82  -4216.87      0.00      0
1    107296 5626.0     3.63e+08     80.23    345.03  -1283.82   4536.80      0.00      0
1    107297 5626.0     1.74e+08     75.45    141.01  -4308.73   -469.51      0.00      0
1    107298 5626.0     9.77e+08     72.80    144.02   4180.70  -5410.54      0.00      1
1    107299 5626.0     1.62e+08     68.67      9.78   4096.63   3789.16      0.00      0
