1      5400 14.0       2.34e+08     85.17    244.18  -1897.50  -1923.05      0.00      0
1      5401 14.0       1.10e+08     83.11    176.81  -1609.98  -2601.16      0.00      0
1      5402 14.0       4.90e+08     77.96    169.91  -2967.32  -9631.62      0.00      1
1      5403 14.0       1.91e+08     76.42     18.08   1399.88  -8809.46      0.00      1
1      5404 14.0       6.46e+08     67.57    193.10   6299.35    321.49      0.00      1
1      5405 14.0       8.71e+08     67.17    142.02   -561.51   3137.22      0.00      1
1      5406 14.0       1.29e+08     66.07    202.95   1773.36  -3426.19      0.00      0
1      5407 14.0       1.62e+08     79.83    170.25   1235.77  -4949.28      0.00      0
1      5408 14.0       4.90e+08     83.99    299.63   6199.63  -9637.38      0.00      0
1      5409 14.0       1.51e+08     75.99    240.15   -274.94   3601.04      0.00      0
1      5410 14.0       1.15e+08     66.49    273.51   3525.53  -9272.57      0.00      0
1      5411 14.0       2.82e+08     82.84    331.47   4786.02  -9624.72      0.00      0
1      5412 14.0       1.10e+08     85.86     31.91   3677.78   1477.99      0.00      0
1      5413 14.0       3.72e+08     77.17     49.00  -3061.93   4337.68      0.00      1
1      5414 14.0       4.68e+08     86.54    260.15  -3223.13   -424.56      0.00      0
1      5415 14.0       1.55e+08     65.29     68.75  -3216.07  -9387.71      0.00      0
1      5416 14.0       3.24e+08     67.21     58.57  -2082.30 -11069.18      0.00      0
1      5417 14.0       3.16e+08     78.79    339.99   4318.23 -11072.14      0.00      1
1      5418 14.0       6.92e+08     72.75    188.48   2752.57     58.90      0.00      1
1      5419 14.0       5.62e+08     85.99     92.55   5941.77   -809.54      0.00      0
1      5420 14.0       4.47e+08     87.52    273.57  -2271.92  -1914.79      0.00      0
1      5421 14.0       1.00e+09     69.06     76.33   6077.62  -1921.61      0.00      1
1      5422 14.0       5.13e+08     79.45    275.35   1550.55 -10046.35      0.00      1
1      5423 14.0       1.58e+08     72.26    194.29   3557.80   1243.24      0.00      0
1      5424 14.0       1.41e+08     67.58    298.14   3456.04   -474.64      0.00      0
1      5425 14.0       4.57e+08     74.71     23.86   5713.74  -1089.36      0.00      1
1      5426 14.0       5.89e+08     74.70    178.71   3516.89   1970.04      0.00      1
1      5427 14.0       1.15e+08     74.95    276.08   4068.69  -4328.86      0.00      0
1      5428 14.0       1.15e+08     66.05    123.78   5264.69  -5089.49      0.00      0
1      5429 14.0       4.57e+08     65.34      6.51   4740.84 -10386.58      0.00      0
1      5430 14.0       4.90e+08     72.81     24.45  -1429.79  -7730.23      0.00      1
1      5431 14.0       3.24e+08     77.05    200.76   1893.56  -2434.53      0.00      1
1      5432 14.0       1.95e+08     73.52    103.25   5973.62  -7708.83      0.00      0
1      5433 14.0       1.78e+08     86.95    317.25  -1343.23  -4445.63      0.00      0
1      5434 14.0       3.31e+08     86.45    354.36  -3730.37   3488.77      0.00      0
1      5435 14.0       3.16e+08     71.41     24.86   4982.54   5072.79      0.00      0
1      5436 14.0       6.76e+08     68.95     26.25   -579.72  -7208.17      0.00      1
1      5437 14.0       2.34e+08     73.84     44.93     87.59   -351.77      0.00      1
1      5438 14.0       6.92e+08     87.91     87.10  -3229.22 -11292.80      0.00      0
1      5439 14.0       1.00e+09     72.98    124.54   1864.16   3393.43      0.00      1
1      5440 14.0       8.51e+08     74.20    181.32   5200.14  -5565.26      0.00      1
1      5441 14.0       3.89e+08     73.56    201.44  -2360.50  -7245.64      0.00      1
1      5442 14.0       2.63e+08     80.07     11.98  -3707.98  -6392.47      0.00      0
1      5443 14.0       1.55e+08     85.93    215.09   2555.81  -6679.47      0.00      0
1      5444 14.0       2.95e+08     74.39    310.25  -3618.54  -4901.84      0.00      1
1      5445 14.0       2.34e+08     69.35    321.33     43.42  -9054.10      0.00      0
1      5446 14.0       4.27e+08     70.78    181.92  -1589.61   -591.11      0.00      1
1      5447 14.0       3.31e+08     84.55    298.42  -4171.08   4874.19      0.00      0
1      5448 14.0       2.14e+08     77.94    280.81  -3956.69   3572.21      0.00      0
1      5449 14.0       1.86e+08     75.38     16.38   -406.76   4928.04      0.00      1
1      5450 14.0       4.79e+08     73.87    185.89   3787.55 -10717.33      0.00      1
1      5451 14.0       3.80e+08     76.16    344.78     52.03   3134.92      0.00      1
1      5452 14.0       4.57e+08     83.15    279.11   1273.87  -7043.96      0.00      0
1      5453 14.0       1.86e+08     80.68    292.28   5853.65   4932.03      0.00      0
1      5454 14.0       7.08e+08     74.02    138.23   3272.98   4804.50      0.00      1
1      5455 14.0       5.37e+08     81.67    288.79   -527.42  -7612.19      0.00      1
1      5456 14.0       8.91e+08     76.64    213.31  -2260.77   2760.99      0.00      1
1      5457 14.0       3.47e+08     74.78     40.71  -2367.72  -4079.74      0.00      1
1      5458 14.0       7.24e+08     79.38    109.41  -1539.16  -8732.95      0.00      1
1      5459 14.0       3.80e+08     71.54    205.75  -1289.65 -10230.32      0.00      1
1      5460 14.0       5.25e+08     78.50    110.21  -3164.74  -8502.60      0.00      1
1      5461 14.0       3.39e+08     76.47    199.59   1385.54  -3566.81      0.00      1
1      5462 14.0       8.51e+08     77.91     85.27   -407.85  -8815.22      0.00      1
1      5463 14.0       4.17e+08     85.02    307.90   3713.68  -9124.67      0.00      0
1      5464 14.0       6.76e+08     68.51     52.01  -2974.27   -918.49      0.00      1
1      5465 14.0       5.25e+08     73.30     50.09  -2193.17  -4349.28      0.00      1
1      5466 14.0       3.98e+08     66.05    199.71   -884.42   4887.11      0.00      0
1      5467 14.0       3.72e+08     66.43     29.43   -547.02   4400.90      0.00      0
1      5468 14.0       2.00e+08     83.78    332.80  -3878.50  -3400.28      0.00      0
1      5469 14.0       2.95e+08     77.63    148.34   4647.63  -4415.09      0.00      0
1      5470 14.0       6.17e+08     83.41    215.42  -1252.89   2976.56      0.00      1
1      5471 14.0       7.59e+08     84.91     65.94  -3047.41   4134.42      0.00      0
1      5472 14.0       5.01e+08     84.94     59.94   3353.84   4555.59      0.00      0
1      5473 14.0       2.88e+08     77.02    291.70  -3224.70   3632.62      0.00      1
1      5474 14.0       4.17e+08     77.47     82.95   4469.98    778.59      0.00      1
1      5475 14.0       1.20e+08     87.20    112.04  -4068.46  -3758.25      0.00      0
1      5476 14.0       1.55e+08     87.64    119.55   1956.18   1978.26      0.00      0
1      5477 14.0       5.89e+08     80.85    132.75   1269.21  -4435.24      0.00      1
1      5478 14.0       5.37e+08     76.56    242.72  -2219.29   -997.44      0.00      1
1      5479 14.0       6.31e+08     82.04    311.12   -456.93   2247.89      0.00      1
1      5480 14.0       1.35e+08     66.89    114.22   3554.48   3498.18      0.00      0
1      5481 14.0       1.58e+08     83.31    279.35     28.00   2363.47      0.00      0
1      5482 14.0       2.29e+08     87.44    145.25   5186.47   3009.99      0.00      0
1      5483 14.0       4.27e+08     71.11     85.74  -4029.11  -3994.96      0.00      1
1      5484 14.0       2.63e+08     65.57    327.25  -1329.51  -9826.71      0.00      0
1      5485 14.0       3.09e+08     68.93     22.69     16.32  -6167.75      0.00      0
1      5486 14.0       3.80e+08     73.35    272.33   5442.04  -7289.10      0.00      1
1      5487 14.0       2.45e+08     69.65    132.87   1150.17   3511.27      0.00      0
1      5488 14.0       6.92e+08     76.05    354.83   5578.46  -5521.16      0.00      1
1      5489 14.0       4.17e+08     73.65    240.47   5869.86   3919.82      0.00      0
1      5490 14.0       9.77e+08     84.64    115.77     79.42  -5216.43      0.00      1
1      5491 14.0       5.62e+08     73.94    298.78   5268.57  -2796.48      0.00      1
1      5492 14.0       2.88e+08     71.53    334.22   -230.08   2013.73      0.00      1
1      5493 14.0       2.45e+08     70.26     83.82  -4367.33  -9350.27      0.00      0
1      5494 14.0       6.31e+08     78.42     63.14   2359.62  -5086.33      0.00      1
1      5495 14.0       7.41e+08     73.85     47.18   -253.24  -6415.43      0.00      1
1      5496 14.0       2.75e+08     85.13    326.34   1607.64  -7225.18      0.00      0
1      5497 14.0       3.72e+08     76.57    172.71   4665.41  -9632.09      0.00      1
1      5498 14.0       1.70e+08     87.86     34.46  -1726.38 -10984.33      0.00      0
1      5499 14.0       7.08e+08     77.62     92.11   3270.63  -6879.02      0.00      1
