1      3900 14.0       7.94e+09     71.18    107.47   4941.56  -4617.46      0.00      1
1      3901 14.0       1.12e+09     85.73    208.26   5940.61   -992.92      0.00      1
1      3902 14.0       2.88e+09     75.97    144.35   3488.27 -10549.41      0.00      1
1      3903 14.0       1.15e+09     73.36    301.38   3398.14    509.91      0.00      1
1      3904 14.0       9.12e+10     71.34      9.68   6100.73  -7856.18      0.00      1
1      3905 14.0       2.69e+09     85.86    166.43  -4101.96  -4863.61      0.00      1
1      3906 14.0       1.74e+10     78.37     91.90   2338.91   5040.24      0.00      1
1      3907 14.0       9.12e+09     68.76      7.94   3886.85   1279.05      0.00      1
1      3908 14.0       1.10e+10     75.40     29.81   -677.94  -1499.64      0.00      1
1      3909 14.0       9.55e+10     84.74      4.79   1948.35  -5565.15      0.00      1
1      3910 14.0       1.45e+09     84.66    152.64    182.02   1607.82      0.00      1
1      3911 14.0       9.55e+09     82.19     86.67   2297.94  -2231.35      0.00      1
1      3912 14.0       1.78e+10     74.87     64.35   3486.03 -10377.32      0.00      0
1      3913 14.0       9.77e+10     82.37    200.31   1938.16   2168.29      0.00      1
1      3914 14.0       8.13e+09     69.32    102.93   6154.63    346.65      0.00      1
1      3915 14.0       3.63e+09     69.32     55.27   5733.86    344.46      0.00      1
1      3916 14.0       1.07e+10     85.37    208.04  -1425.53   2814.22      0.00      1
1      3917 14.0       1.74e+09     65.81     19.59   3413.23   2532.85      0.00      1
1      3918 14.0       2.29e+10     84.76    291.45  -4295.38 -11067.21      0.00      1
1      3919 14.0       6.76e+10     73.11    265.05  -3737.01    807.39      0.00      1
1      3920 14.0       1.00e+10     65.37     86.28  -1098.96  -7543.39      0.00      0
1      3921 14.0       6.61e+09     72.25     16.46  -1934.47  -2959.54      0.00      1
1      3922 14.0       2.51e+09     85.48    317.66   3192.20 -10383.78      0.00      1
1      3923 14.0       1.15e+09     73.90    342.30  -1440.30   4844.30      0.00      1
1      3924 14.0       2.63e+10     87.95     63.86    997.58  -1052.42      0.00      1
1      3925 14.0       3.80e+09     76.72    165.55    -91.61  -3550.84      0.00      1
1      3926 14.0       4.79e+09     73.75    100.36   -122.76   2478.46      0.00      1
1      3927 14.0       1.07e+10     75.10    216.06   3726.43  -8399.13      0.00      1
1      3928 14.0       4.07e+09     65.01    200.25  -2331.36  -3269.02      0.00      0
1      3929 14.0       9.33e+10     66.11     48.33  -3759.23  -4767.69      0.00      1
1      3930 14.0       2.75e+09     77.46    154.43   -842.30   -945.73      0.00      1
1      3931 14.0       7.59e+09     72.96    341.56  -3295.06  -7236.03      0.00      1
1      3932 14.0       5.89e+10     76.44    102.82   -618.17   -316.42      0.00      1
1      3933 14.0       2.69e+09     72.23    306.34   3533.66 -10480.17      0.00      1
1      3934 14.0       6.76e+10     80.67    128.09  -3344.93  -1906.20      0.00      1
1      3935 14.0       6.61e+10     77.30     40.76   3215.52   5143.20      0.00      1
1      3936 14.0       1.70e+10     65.06    184.12   5113.16  -2278.88      0.00      1
1      3937 14.0       8.91e+09     68.63     39.48   -214.31     27.88      0.00      1
1      3938 14.0       4.17e+09     66.81    269.48   1288.60  -1367.86      0.00      1
1      3939 14.0       1.55e+09     81.61    117.50  -2645.74  -4757.90      0.00      1
1      3940 14.0       4.68e+10     76.07    240.37   -648.70  -2686.95      0.00      1
1      3941 14.0       7.08e+09     77.70     20.15   3437.05  -9759.67      0.00      1
1      3942 14.0       6.17e+10     75.53     29.83  -3998.74   1602.33      0.00      1
1      3943 14.0       1.32e+09     81.95    350.07    769.50  -1459.07      0.00      1
1      3944 14.0       4.79e+09     80.65    188.38   6080.44  -9196.41      0.00      1
1      3945 14.0       2.19e+09     70.34    351.35   3246.11  -2949.70      0.00      1
1      3946 14.0       2.14e+09     78.72    236.38    533.34  -2681.90      0.00      1
1      3947 14.0       6.61e+09     81.21    289.30  -2432.32   2977.42      0.00      1
1      3948 14.0       7.94e+09     77.18     46.30  -3502.53   5061.40      0.00      1
1      3949 14.0       1.55e+09     69.92    166.48   1045.88  -2997.13      0.00      1
1      3950 14.0       1.38e+09     75.98    242.52    520.65   -138.73      0.00      1
1      3951 14.0       1.10e+09     78.50     58.19   6050.03  -2810.74      0.00      1
1      3952 14.0       2.63e+10     71.90    244.95  -1941.53  -9909.95      0.00      1
1      3953 14.0       3.39e+10     82.99    127.85   2344.43   2520.00      0.00      1
1      3954 14.0       1.15e+09     75.06     97.58   3357.11    916.18      0.00      1
1      3955 14.0       5.37e+10     75.39    279.59  -1388.45   4976.22      0.00      1
1      3956 14.0       1.32e+10     65.98     23.72   2591.49  -8862.35      0.00      1
1      3957 14.0       4.27e+10     81.49    151.87   2463.94   3945.48      0.00      1
1      3958 14.0       4.27e+09     84.10     28.31   2925.66  -4401.62      0.00      1
1      3959 14.0       7.59e+10     79.75     91.23   3427.98  -4153.67      0.00      1
1      3960 14.0       9.12e+10     74.18     20.42   2832.25   3044.02      0.00      1
1      3961 14.0       4.79e+09     81.61     58.02   1485.83  -7917.00      0.00      1
1      3962 14.0       1.51e+09     79.07     23.23   1481.87  -2853.80      0.00      1
1      3963 14.0       1.32e+10     70.82     52.93    352.98   2869.87      0.00      1
1      3964 14.0       3.55e+10     75.09    345.20  -3544.53  -2949.61      0.00      1
1      3965 14.0       1.12e+09     72.83    330.15   -641.85   2727.30      0.00      1
1      3966 14.0       6.61e+09     67.02      6.63   1489.43 -11110.68      0.00      1
1      3967 14.0       1.02e+10     77.23    198.32    308.31   5030.91      0.00      1
1      3968 14.0       4.37e+09     74.26    336.98  -4103.40   3174.48      0.00      1
1      3969 14.0       1.02e+09     84.24    235.32  -3950.08  -1954.52      0.00      1
1      3970 14.0       5.01e+10     83.46    223.54   2247.35   4240.84      0.00      1
1      3971 14.0       7.59e+09     87.71     73.62   3027.78 -10191.38      0.00      1
1      3972 14.0       2.24e+09     87.87    150.33   2787.04   4119.43      0.00      0
1      3973 14.0       9.77e+09     74.80     36.93   4811.55  -1950.96      0.00      1
1      3974 14.0       1.62e+10     79.93    210.95  -4310.31   1957.57      0.00      1
1      3975 14.0       2.82e+10     74.21     12.22    878.10   -810.39      0.00      1
1      3976 14.0       6.76e+10     67.01    145.85  -4381.38  -5681.76      0.00      0
1      3977 14.0       1.26e+09     69.89    210.40   3459.64   2402.22      0.00      1
1      3978 14.0       3.16e+09     75.24    302.66   3855.59  -4122.67      0.00      1
1      3979 14.0       3.47e+10     78.33    216.27     21.55  -6184.05      0.00      1
1      3980 14.0       2.09e+10     68.03    238.74    411.84  -1960.07      0.00      1
1      3981 14.0       7.24e+10     83.18    187.27     15.13  -8480.42      0.00      1
1      3982 14.0       1.00e+10     82.52     10.50   2550.89  -4129.44      0.00      1
1      3983 14.0       6.61e+09     71.28    215.63    536.96  -7678.58      0.00      1
1      3984 14.0       7.41e+10     66.48    351.67   3366.23    456.28      0.00      1
1      3985 14.0       7.76e+10     73.04     22.64   4374.21  -8224.98      0.00      1
1      3986 14.0       1.45e+10     74.03    340.44  -1428.64  -9309.66      0.00      1
1      3987 14.0       1.95e+09     86.25    158.64   6435.45   1706.06      0.00      1
1      3988 14.0       1.48e+10     81.40    356.87   2843.07  -7882.88      0.00      1
1      3989 14.0       4.07e+10     68.43    127.56  -1274.91  -4410.96      0.00      1
1      3990 14.0       1.48e+10     75.35    313.00   -244.10 -10206.73      0.00      1
1      3991 14.0       7.08e+10     82.82     38.18  -4226.92  -8620.19      0.00      1
1      3992 14.0       5.25e+09     76.04    344.45   -243.01  -4294.46      0.00      1
1      3993 14.0       1.78e+09     73.22    206.64  -2017.51  -4275.27      0.00      1
1      3994 14.0       9.55e+09     68.67    300.30   6146.74  -6857.88      0.00      0
1      3995 14.0       8.51e+10     68.97    234.75    448.66  -6824.80      0.00      1
1      3996 14.0       6.76e+09     85.25     29.19   5249.00   4765.77      0.00      1
1      3997 14.0       6.61e+10     72.10    246.97  -3040.42  -3260.58      0.00      1
1      3998 14.0       1.70e+10     75.95    323.61   3762.64  -2277.50      0.00      1
1      3999 14.0       6.92e+09     83.20    110.14   6216.90  -5859.14      0.00      1
