1    106100 5626.0     2.51e+08     84.24    162.11  -4172.11   3473.14      0.00      0
1    106101 5626.0     6.31e+08     84.98     78.59   3445.20  -8680.69      0.00      0
1    106102 5626.0     1.17e+08     82.62     85.21  -3498.09  -6259.37      0.00      0
1    106103 5626.0     3.72e+08     86.30    358.84   -679.42  -6733.78      0.00      0
1    106104 5626.0     1.45e+08     68.30    282.13  -3602.89  -5884.02      0.00      0
1    106105 5626.0     3.72e+08     85.12    150.09   3187.77   -902.63      0.00      0
1    106106 5626.0     6.76e+08     83.80     35.75   3782.16   3145.73      0.00      0
1    106107 5626.0     4.47e+08     81.18    227.39   1130.65  -5117.39      0.00      0
1    106108 5626.0     6.92e+08     72.25    262.72  -3430.12  -7169.82      0.00      1
1    106109 5626.0     3.80e+08     80.12      5.16    676.59 -10620.33      0.00      1
1    106110 5626.0     1.02e+08     77.26    124.20  -2854.74    -63.97      0.00      0
1    106111 5626.0     4.79e+08     71.32    294.13  -1002.10    385.59      0.00      1
1    106112 5626.0     3.72e+08     82.79    239.28   4776.72    569.98      0.00      0
1    106113 5626.0     4.47e+08     71.29     57.48  -2378.09  -6292.83      0.00      1
1    106114 5626.0     3.02e+08     69.46    184.25  -3105.99   -492.98      0.00      0
1    106115 5626.0     2.88e+08     84.31    338.83   3858.82  -6239.32      0.00      0
1    106116 5626.0     6.03e+08     69.66     36.79   2042.60  -9857.56      0.00      1
1    106117 5626.0     2.04e+08     84.01    286.52  -3799.55  -6547.23      0.00      0
1    106118 5626.0     4.17e+08     82.76    331.33   -137.43  -3374.43      0.00      0
1    106119 5626.0     4.07e+08     74.14    164.41  -3860.33  -2122.90      0.00      1
1    106120 5626.0     6.31e+08     66.14    279.67    105.69  -7765.64      0.00      1
1    106121 5626.0     7.08e+08     86.56    125.57   2527.66   4493.45      0.00      0
1    106122 5626.0     3.39e+08     65.26    251.71   5372.25  -4234.82      0.00      0
1    106123 5626.0     5.89e+08     65.63     43.57   5006.39   3626.67      0.00      0
1    106124 5626.0     4.68e+08     66.29    337.03   4651.00   5087.66      0.00      0
1    106125 5626.0     5.13e+08     86.99     17.14   1788.55  -4795.74      0.00      0
1    106126 5626.0     2.69e+08     78.72    279.78  -2300.75  -4668.92      0.00      0
1    106127 5626.0     5.13e+08     68.29      6.92   6204.31  -6505.85      0.00      0
1    106128 5626.0     1.70e+08     78.80    139.97   -795.11  -2882.79      0.00      0
1    106129 5626.0     2.69e+08     84.92    350.44  -4241.66   2784.40      0.00      0
1    106130 5626.0     4.27e+08     83.49    322.93  -3269.59  -1452.56      0.00      0
1    106131 5626.0     9.55e+08     68.11    156.37   3260.55  -6157.38      0.00      1
1    106132 5626.0     1.41e+08     75.10    186.19   6030.18  -3157.02      0.00      0
1    106133 5626.0     4.68e+08     80.19    259.89  -1913.11  -7967.34      0.00      1
1    106134 5626.0     2.04e+08     86.29    138.96    255.08   2701.05      0.00      0
1    106135 5626.0     3.16e+08     81.37    337.30   5335.84  -7087.88      0.00      0
1    106136 5626.0     1.70e+08     75.58    221.97    254.49   3320.47      0.00      0
1    106137 5626.0     5.89e+08     67.61    221.79  -1621.57   4203.27      0.00      0
1    106138 5626.0     2.04e+08     69.45    305.06    351.18  -3549.30      0.00      0
1    106139 5626.0     3.16e+08     82.20     85.96   3522.28 -10133.12      0.00      0
1    106140 5626.0     8.71e+08     70.24    220.15   5409.88   1869.55      0.00      1
1    106141 5626.0     9.12e+08     87.81    148.90   2610.70   3759.40      0.00      0
1    106142 5626.0     2.75e+08     87.98    305.22  -1006.30   -162.91      0.00      0
1    106143 5626.0     3.98e+08     78.15    116.97   3612.92  -8938.74      0.00      1
1    106144 5626.0     1.35e+08     65.09    204.50   3384.37   1454.51      0.00      0
1    106145 5626.0     7.76e+08     85.54    196.98   5019.61  -8500.80      0.00      0
1    106146 5626.0     1.38e+08     72.61    205.05  -2303.24  -5401.60      0.00      0
1    106147 5626.0     1.66e+08     66.27     57.57   -572.99 -10682.88      0.00      0
1    106148 5626.0     7.76e+08     81.66    236.25   1089.79   -147.44      0.00      1
1    106149 5626.0     2.57e+08     68.45     51.12   -854.82   1948.31      0.00      0
1    106150 5626.0     5.25e+08     69.21    323.83   2077.76  -1380.66      0.00      1
1    106151 5626.0     9.33e+08     68.88      9.20   5589.44  -2001.01      0.00      1
1    106152 5626.0     1.20e+08     79.91     27.32   4433.47  -4222.40      0.00      0
1    106153 5626.0     3.80e+08     84.33     73.05   3520.55  -4661.74      0.00      0
1    106154 5626.0     2.75e+08     80.56    100.88   1256.47  -2322.70      0.00      0
1    106155 5626.0     6.17e+08     87.68    119.01   -398.60  -3922.98      0.00      0
1    106156 5626.0     2.57e+08     71.43    150.77  -2990.19  -6109.25      0.00      0
1    106157 5626.0     3.89e+08     66.96    234.01   4759.33   -233.63      0.00      0
1    106158 5626.0     1.15e+08     70.55     44.24  -1384.13 -11049.87      0.00      0
1    106159 5626.0     1.10e+08     82.89    174.90    270.57   1240.66      0.00      0
1    106160 5626.0     3.89e+08     65.43    166.04    280.36  -3987.27      0.00      0
1    106161 5626.0     3.02e+08     78.72     81.13   5678.69  -4592.24      0.00      1
1    106162 5626.0     9.55e+08     67.60    175.22   1797.24  -7244.18      0.00      1
1    106163 5626.0     1.82e+08     87.01    154.18  -3700.91   3947.73      0.00      0
1    106164 5626.0     8.51e+08     72.75    273.21   2393.36  -4010.79      0.00      1
1    106165 5626.0     2.19e+08     76.86     58.07   1092.59    748.16      0.00      0
1    106166 5626.0     2.82e+08     73.30    226.65   3961.63   2288.12      0.00      0
1    106167 5626.0     2.40e+08     80.95     21.76  -3542.45 -11199.96      0.00      0
1    106168 5626.0     3.80e+08     77.49    305.07   4170.66  -5261.95      0.00      1
1    106169 5626.0     8.13e+08     75.69    225.62   -485.29    326.56      0.00      1
1    106170 5626.0     1.00e+09     82.73     57.82  -3395.72   4452.95      0.00      1
1    106171 5626.0     1.45e+08     85.30    244.47   3264.33  -5877.08      0.00      0
1    106172 5626.0     1.32e+08     68.95     34.77   1284.61  -8677.03      0.00      0
1    106173 5626.0     5.37e+08     75.95    268.62   3248.76  -4206.33      0.00      1
1    106174 5626.0     5.50e+08     70.15     16.02   4992.92    190.24      0.00      1
1    106175 5626.0     1.91e+08     72.70     54.23   1521.42   1263.25      0.00      0
1    106176 5626.0     5.25e+08     78.86    332.58   3058.49 -10094.41      0.00      1
1    106177 5626.0     2.75e+08     85.81     51.24  -2239.20   3460.84      0.00      0
1    106178 5626.0     3.72e+08     65.52     34.71   3050.15  -9174.63      0.00      0
1    106179 5626.0     9.77e+08     86.36    331.53   3185.04  -5635.41      0.00      0
1    106180 5626.0     7.94e+08     78.91    323.10   6180.31   4680.88      0.00      0
1    106181 5626.0     4.37e+08     80.18    124.38  -4396.91  -1400.66      0.00      0
1    106182 5626.0     6.61e+08     79.27     96.87   3429.38   -444.80      0.00      1
1    106183 5626.0     1.00e+08     76.39     38.21  -2642.16   1321.79      0.00      0
1    106184 5626.0     1.29e+08     80.14    207.75   3574.01  -9410.14      0.00      0
1    106185 5626.0     5.89e+08     87.30    178.93   3468.44   1292.99      0.00      0
1    106186 5626.0     3.47e+08     72.62    246.83    794.97  -4660.13      0.00      1
1    106187 5626.0     8.51e+08     71.82    204.95  -1845.18  -7221.46      0.00      1
1    106188 5626.0     1.07e+08     69.07    244.91   4124.20  -3898.28      0.00      0
1    106189 5626.0     7.41e+08     69.88    116.62   5954.40  -9314.09      0.00      0
1    106190 5626.0     3.39e+08     82.86    331.92  -1840.16  -3294.42      0.00      0
1    106191 5626.0     6.17e+08     79.87    138.79   2463.05  -6990.35      0.00      1
1    106192 5626.0     1.91e+08     87.87    109.20   4549.31   3314.48      0.00      0
1    106193 5626.0     1.58e+08     72.77    185.07    380.22  -6798.05      0.00      0
1    106194 5626.0     1.02e+08     77.56    138.26  -2688.26  -4328.52      0.00      0
1    106195 5626.0     1.35e+08     84.29     13.12  -3616.23  -1482.70      0.00      0
1    106196 5626.0     5.01e+08     66.52    169.66   2256.15  -9544.75      0.00      0
1    106197 5626.0     4.57e+08     80.92     53.71    323.97   2457.98      0.00      1
1    106198 5626.0     1.10e+08     78.43     92.23   -575.59  -5079.63      0.00      0
1    106199 5626.0     1.20e+08     66.39     64.28   2336.14  -6821.09      0.00      0
