1    101100 5626.0     3.89e+09     84.27     60.72   1522.07  -3134.18      0.00      1
1    101101 5626.0     4.79e+10     85.39    332.55  -3860.54  -3429.52      0.00      1
1    101102 5626.0     8.32e+09     73.82     98.57   6024.88    205.02      0.00      1
1    101103 5626.0     5.01e+09     86.80    243.97   2897.82  -7536.42      0.00      1
1    101104 5626.0     2.29e+09     70.59    127.79  -3240.28  -7283.62      0.00      1
1    101105 5626.0     7.94e+09     78.18    260.81  -1816.25  -3777.38      0.00      1
1    101106 5626.0     1.20e+09     66.04    340.40    724.16   1575.69      0.00      1
1    101107 5626.0     3.16e+09     70.38    354.37  -1978.85   3122.45      0.00      1
1    101108 5626.0     1.23e+09     81.70    331.40   3959.04   3040.54      0.00      1
1    101109 5626.0     1.70e+10     84.63    281.95   3249.58  -3811.71      0.00      1
1    101110 5626.0     5.13e+10     72.82      5.18   4572.49    288.43      0.00      1
1    101111 5626.0     4.47e+10     79.02    100.42  -1578.32  -6092.56      0.00      1
1    101112 5626.0     8.91e+10     77.64    340.82   4903.21   -840.30      0.00      1
1    101113 5626.0     4.27e+09     81.16    292.94   -322.78   1722.39      0.00      1
1    101114 5626.0     3.72e+09     79.74    268.69   4532.65  -2783.94      0.00      1
1    101115 5626.0     5.01e+09     85.52     60.31   2107.30  -8243.50      0.00      1
1    101116 5626.0     3.47e+09     82.27    168.25   -881.53  -6060.90      0.00      1
1    101117 5626.0     1.48e+09     65.18    182.90  -3791.68  -9334.83      0.00      0
1    101118 5626.0     2.63e+09     75.33    296.76  -1560.86   1749.62      0.00      1
1    101119 5626.0     3.72e+10     80.40    272.35   2750.53  -3673.37      0.00      1
1    101120 5626.0     1.38e+10     75.19    282.42   6385.03  -7391.35      0.00      1
1    101121 5626.0     5.01e+09     86.44    262.78   2685.32    467.82      0.00      1
1    101122 5626.0     3.80e+10     68.44    170.97   4455.08  -8030.13      0.00      0
1    101123 5626.0     1.62e+09     78.82     21.32   2741.84  -9464.22      0.00      1
1    101124 5626.0     5.62e+10     72.84     75.60    250.76  -4209.20      0.00      1
1    101125 5626.0     1.12e+10     84.84    328.08   5568.81  -2500.97      0.00      1
1    101126 5626.0     4.79e+09     80.31    242.06  -2602.46  -6553.87      0.00      1
1    101127 5626.0     3.72e+10     65.75    241.13   4700.15  -1637.03      0.00      1
1    101128 5626.0     5.75e+10     75.43     22.01  -3721.70  -8159.85      0.00      1
1    101129 5626.0     2.45e+09     77.21    255.76  -1135.35 -10299.58      0.00      1
1    101130 5626.0     1.29e+09     74.65    315.91    -38.79  -2169.55      0.00      1
1    101131 5626.0     1.12e+10     85.12    157.21   2460.43  -3742.26      0.00      1
1    101132 5626.0     1.26e+09     86.12    201.52  -1497.88  -2986.65      0.00      0
1    101133 5626.0     1.17e+09     71.79    331.76    628.88   2104.40      0.00      1
1    101134 5626.0     8.13e+10     82.25    333.96  -1484.39  -6412.86      0.00      1
1    101135 5626.0     6.61e+09     79.05    207.76   3333.73  -8195.33      0.00      1
1    101136 5626.0     1.48e+09     81.97     46.28   -586.37  -3211.11      0.00      1
1    101137 5626.0     5.25e+10     78.37    248.65   3738.82  -2847.51      0.00      1
1    101138 5626.0     4.57e+09     86.74    327.05  -2514.58  -5804.07      0.00      1
1    101139 5626.0     1.20e+09     77.62     48.39    761.50  -4305.38      0.00      1
1    101140 5626.0     6.17e+10     76.08     84.82  -2989.99  -5548.71      0.00      1
1    101141 5626.0     3.80e+09     73.58    251.30   4829.74    990.48      0.00      1
1    101142 5626.0     1.20e+10     76.24    266.06    -38.44   -389.69      0.00      1
1    101143 5626.0     3.31e+09     78.89    253.45   6490.93  -4295.20      0.00      1
1    101144 5626.0     2.34e+09     67.53    240.41   1393.45   2665.85      0.00      1
1    101145 5626.0     6.92e+09     80.40    193.66     62.76   4280.09      0.00      1
1    101146 5626.0     1.95e+10     78.65      0.43    770.00 -11244.03      0.00      1
1    101147 5626.0     1.78e+10     72.60     63.60   2634.64     82.97      0.00      1
1    101148 5626.0     1.29e+10     79.31    330.57   -199.11   3076.27      0.00      1
1    101149 5626.0     4.37e+10     78.53     95.23  -1723.30  -4556.27      0.00      1
1    101150 5626.0     5.89e+09     78.89    244.99   1885.09   5142.30      0.00      1
1    101151 5626.0     6.17e+10     79.51    335.28    390.14   1215.02      0.00      1
1    101152 5626.0     2.88e+10     71.90    244.22    192.15  -8603.49      0.00      1
1    101153 5626.0     9.77e+09     79.15    105.90   -769.40  -2003.72      0.00      1
1    101154 5626.0     3.47e+10     72.60    142.10  -1765.31  -1946.33      0.00      1
1    101155 5626.0     2.40e+09     73.79    194.42   3331.99   2672.51      0.00      1
1    101156 5626.0     8.51e+10     83.18    109.33  -4052.33  -4733.88      0.00      1
1    101157 5626.0     2.19e+09     86.68    135.07   -162.33 -10005.65      0.00      0
1    101158 5626.0     9.12e+09     82.22    272.36   1435.18  -4743.60      0.00      1
1    101159 5626.0     2.29e+09     71.89     65.37   1893.56    -37.67      0.00      1
1    101160 5626.0     4.47e+10     79.56    155.14   2657.97   4875.45      0.00      1
1    101161 5626.0     1.29e+10     75.00     67.45  -3671.82   2414.66      0.00      1
1    101162 5626.0     1.26e+10     78.31    282.00   2954.24  -8459.84      0.00      1
1    101163 5626.0     1.78e+10     75.53     33.13    577.39  -8161.38      0.00      1
1    101164 5626.0     8.71e+09     74.70    273.51   1852.18   4270.08      0.00      1
1    101165 5626.0     6.76e+09     66.72    159.50   3915.50    394.55      0.00      1
1    101166 5626.0     1.82e+10     87.06    188.08   2080.24  -5729.13      0.00      1
1    101167 5626.0     2.09e+10     79.50    278.87   -579.00   -575.21      0.00      1
1    101168 5626.0     9.33e+10     71.43    339.17   4536.07   4730.37      0.00      1
1    101169 5626.0     4.17e+10     85.13    358.74  -2930.96 -10739.55      0.00      1
1    101170 5626.0     3.39e+10     79.85    201.50   2576.04  -9727.72      0.00      1
1    101171 5626.0     3.55e+10     84.17    305.09  -3339.85   3042.49      0.00      1
1    101172 5626.0     1.86e+09     85.87    351.79   1776.00   3311.41      0.00      1
1    101173 5626.0     7.59e+09     72.25     87.58    814.02  -8396.52      0.00      1
1    101174 5626.0     1.32e+09     76.21    323.66    230.25  -3889.12      0.00      1
1    101175 5626.0     6.31e+10     86.15    127.54   1766.04  -1977.52      0.00      1
1    101176 5626.0     3.98e+10     87.47     97.73  -1233.39  -2071.79      0.00      1
1    101177 5626.0     3.63e+10     73.76     28.90    696.99  -5680.41      0.00      1
1    101178 5626.0     1.05e+10     83.66     57.96   -885.04  -3315.48      0.00      1
1    101179 5626.0     6.61e+10     85.07    149.35   2955.75   3033.89      0.00      1
1    101180 5626.0     4.47e+10     79.59    292.75   6412.95  -9332.30      0.00      1
1    101181 5626.0     2.19e+09     79.00     88.34  -2463.06 -11178.48      0.00      1
1    101182 5626.0     6.17e+10     87.30    288.45  -3097.90  -3994.66      0.00      1
1    101183 5626.0     1.55e+09     81.23    166.64  -2980.68 -10094.36      0.00      1
1    101184 5626.0     6.03e+09     80.96    255.55    -41.10  -7666.55      0.00      1
1    101185 5626.0     4.90e+10     77.87    345.32  -2460.45  -9196.31      0.00      1
1    101186 5626.0     1.17e+10     83.98    160.47   2936.81 -10157.61      0.00      1
1    101187 5626.0     1.48e+10     79.63    195.45  -2063.02  -6311.31      0.00      1
1    101188 5626.0     1.07e+10     80.97    238.81  -4326.51  -9898.35      0.00      1
1    101189 5626.0     3.47e+10     78.67    316.90   1474.51   1962.60      0.00      1
1    101190 5626.0     2.19e+09     75.03     88.84   1779.71   1246.56      0.00      1
1    101191 5626.0     1.05e+09     87.32    200.35  -3524.29   3397.40      0.00      0
1    101192 5626.0     3.80e+09     84.97    268.29   1057.21  -9616.29      0.00      1
1    101193 5626.0     1.74e+10     77.90    349.48   3409.66   1838.49      0.00      1
1    101194 5626.0     2.82e+09     69.99    168.90  -1329.62  -6421.47      0.00      1
1    101195 5626.0     1.23e+09     69.95     35.72    585.84  -5081.62      0.00      1
1    101196 5626.0     1.17e+09     71.99    201.94  -3837.45   4901.14      0.00      0
1    101197 5626.0     7.41e+09     75.90     21.63  -1619.27  -5997.99      0.00      1
1    101198 5626.0     8.51e+10     84.50     23.21  -4145.53  -2639.41      0.00      1
1    101199 5626.0     2.00e+09     83.70    214.56    754.95  -7953.38      0.00      1
