1      5500 14.0       2.51e+08     82.80    148.73   4416.66  -2265.43      0.00      0
1      5501 14.0       2.69e+08     75.63    239.09  -3392.22  -7163.58      0.00      0
1      5502 14.0       4.07e+08     69.21    258.64  -2666.67  -8700.88      0.00      0
1      5503 14.0       2.14e+08     85.14     60.00  -1616.85   1793.69      0.00      0
1      5504 14.0       1.07e+08     73.36      3.27   3117.82  -6409.70      0.00      0
1      5505 14.0       6.61e+08     77.19    181.79   1836.44   2435.87      0.00      1
1      5506 14.0       3.80e+08     82.99     17.46  -1100.60   3833.22      0.00      0
1      5507 14.0       6.31e+08     78.75    126.64    817.03  -4143.20      0.00      1
1      5508 14.0       3.98e+08     68.95      7.62   5813.38   1539.28      0.00      0
1      5509 14.0       1.10e+08     87.15    300.84   -480.87   3635.19      0.00      0
1      5510 14.0       6.31e+08     84.77     59.81  -1526.07  -8030.26      0.00      0
1      5511 14.0       1.35e+08     79.15    212.72   1236.67  -7095.33      0.00      0
1      5512 14.0       6.61e+08     78.30    153.10   3179.76  -8662.71      0.00      1
1      5513 14.0       1.48e+08     79.80     81.29   4169.66  -4985.18      0.00      0
1      5514 14.0       1.38e+08     66.33     99.38     31.93   4723.99      0.00      0
1      5515 14.0       4.79e+08     76.42    251.10   5493.74 -10825.74      0.00      0
1      5516 14.0       2.88e+08     87.72    110.38  -2518.18  -6418.27      0.00      0
1      5517 14.0       1.17e+08     82.94    155.88  -2997.09   3106.94      0.00      0
1      5518 14.0       4.90e+08     81.93    313.74  -3300.97   -591.83      0.00      0
1      5519 14.0       9.55e+08     83.83     54.49   -707.95   2528.97      0.00      1
1      5520 14.0       2.69e+08     74.59    179.24   5939.77    616.07      0.00      1
1      5521 14.0       4.57e+08     65.83    145.18  -4203.00   2157.85      0.00      0
1      5522 14.0       4.17e+08     84.46    159.40   1068.41 -10443.71      0.00      0
1      5523 14.0       8.91e+08     76.36    154.44   4110.79  -5831.40      0.00      1
1      5524 14.0       3.09e+08     73.17     55.58    247.95  -2912.95      0.00      1
1      5525 14.0       2.14e+08     83.42    294.09   -736.09   -716.49      0.00      0
1      5526 14.0       2.40e+08     73.51    159.31    658.64   3841.70      0.00      0
1      5527 14.0       3.09e+08     71.05     41.25   2355.70  -9753.73      0.00      0
1      5528 14.0       2.00e+08     76.10    219.74  -1625.73  -4696.19      0.00      0
1      5529 14.0       2.88e+08     66.32     45.52  -4308.96    822.44      0.00      0
1      5530 14.0       9.55e+08     79.41     85.25   4022.26  -1519.21      0.00      1
1      5531 14.0       5.89e+08     70.40     35.50   4991.25 -10189.29      0.00      0
1      5532 14.0       8.13e+08     83.02     64.68   2860.14  -6143.37      0.00      1
1      5533 14.0       1.26e+08     70.38    192.30  -3911.31  -3297.21      0.00      0
1      5534 14.0       1.66e+08     73.83    207.87   2342.90   2084.31      0.00      0
1      5535 14.0       9.77e+08     85.93     26.89  -2690.97   5024.12      0.00      0
1      5536 14.0       2.75e+08     85.07    328.45  -3181.43  -6229.62      0.00      0
1      5537 14.0       1.51e+08     70.20    151.94  -2917.94   2457.50      0.00      0
1      5538 14.0       2.75e+08     74.88    173.80   2264.33 -11266.59      0.00      0
1      5539 14.0       9.55e+08     84.84    113.47   2206.02  -4966.99      0.00      1
1      5540 14.0       6.46e+08     83.88     91.70    589.51  -4985.83      0.00      1
1      5541 14.0       3.63e+08     72.27    119.16    -62.90  -6104.89      0.00      1
1      5542 14.0       4.07e+08     80.01    124.59    111.53 -10990.03      0.00      1
1      5543 14.0       8.51e+08     66.70      9.89  -2659.59  -4957.60      0.00      1
1      5544 14.0       1.51e+08     83.10    234.18    690.44  -8868.07      0.00      0
1      5545 14.0       1.58e+08     68.18     51.64   1978.41  -5034.55      0.00      0
1      5546 14.0       5.25e+08     78.13    105.13   4528.23    257.12      0.00      1
1      5547 14.0       8.51e+08     74.28     75.03   1932.44  -9904.53      0.00      1
1      5548 14.0       7.76e+08     83.52     71.09  -1201.51  -6046.49      0.00      1
1      5549 14.0       2.45e+08     83.16    352.47   4770.71   -391.09      0.00      0
1      5550 14.0       1.38e+08     81.77    302.51  -3446.80  -6225.41      0.00      0
1      5551 14.0       1.55e+08     66.74    307.61   2286.35  -5699.83      0.00      0
1      5552 14.0       3.47e+08     79.76     55.89   1182.97   1903.80      0.00      1
1      5553 14.0       9.77e+08     67.78    188.94   -214.32    142.10      0.00      1
1      5554 14.0       9.12e+08     72.18    160.76    157.41  -2042.34      0.00      1
1      5555 14.0       3.31e+08     66.95    318.25     58.68  -5506.80      0.00      0
1      5556 14.0       1.48e+08     75.93     41.04   2517.07  -6882.13      0.00      0
1      5557 14.0       8.51e+08     78.66     36.68   -513.93   2975.78      0.00      1
1      5558 14.0       8.51e+08     85.33      1.22  -1344.11   3456.45      0.00      1
1      5559 14.0       6.61e+08     69.57     60.60  -4139.65   2534.94      0.00      1
1      5560 14.0       3.80e+08     84.34      4.64   1956.58   4298.76      0.00      0
1      5561 14.0       2.95e+08     76.24    282.20   4100.64   2375.66      0.00      1
1      5562 14.0       8.32e+08     75.91     34.01   5704.53  -2764.43      0.00      1
1      5563 14.0       4.37e+08     86.55    148.69   5657.93   2537.96      0.00      0
1      5564 14.0       4.47e+08     80.52    185.52    414.66   3815.43      0.00      1
1      5565 14.0       6.46e+08     87.17    262.17  -3181.54  -9075.11      0.00      0
1      5566 14.0       1.17e+08     72.27    311.62    797.08  -5759.96      0.00      0
1      5567 14.0       1.17e+08     81.18    181.75   1161.66  -3758.81      0.00      0
1      5568 14.0       1.07e+08     67.51    295.31  -1877.02  -6712.48      0.00      0
1      5569 14.0       1.91e+08     73.44    242.69   1733.47   2496.75      0.00      0
1      5570 14.0       1.66e+08     81.28     44.02  -2401.32  -4664.50      0.00      0
1      5571 14.0       6.31e+08     83.31    276.03   2662.90  -7004.15      0.00      1
1      5572 14.0       6.76e+08     77.83    195.13   4614.79 -11183.05      0.00      0
1      5573 14.0       9.33e+08     84.61     94.99   5800.17   2913.98      0.00      1
1      5574 14.0       9.12e+08     80.42    304.23  -4223.75   3360.07      0.00      1
1      5575 14.0       6.92e+08     80.41    359.44  -1258.45   2313.63      0.00      1
1      5576 14.0       3.80e+08     74.01    142.78   5914.77  -6071.28      0.00      1
1      5577 14.0       4.37e+08     73.59     26.39   4292.97 -10142.60      0.00      0
1      5578 14.0       9.12e+08     71.40    263.60  -1498.02  -8741.67      0.00      1
1      5579 14.0       8.51e+08     82.37    309.91   2417.56  -1589.08      0.00      1
1      5580 14.0       5.89e+08     71.79    192.37   2573.06  -8263.76      0.00      1
1      5581 14.0       3.24e+08     73.27    229.60  -3004.96   4454.15      0.00      1
1      5582 14.0       2.75e+08     85.57    232.19   6013.02   3450.56      0.00      0
1      5583 14.0       5.01e+08     68.92    154.85  -1397.93     17.33      0.00      1
1      5584 14.0       4.79e+08     70.70      3.05   6179.16   1883.17      0.00      1
1      5585 14.0       1.20e+08     70.02    319.99   -551.77  -4510.70      0.00      0
1      5586 14.0       3.39e+08     85.88    305.33   4034.11  -4370.25      0.00      0
1      5587 14.0       8.71e+08     85.94    206.37   3065.72  -1047.90      0.00      0
1      5588 14.0       7.24e+08     69.31    322.52    592.49  -5721.12      0.00      0
1      5589 14.0       1.29e+08     70.65    164.70  -2489.27 -10307.94      0.00      0
1      5590 14.0       1.86e+08     76.56    359.04     79.90   1786.28      0.00      0
1      5591 14.0       1.62e+08     80.29    255.08   2557.15  -6206.77      0.00      0
1      5592 14.0       5.50e+08     71.75     27.75   -743.34 -10230.08      0.00      1
1      5593 14.0       2.82e+08     86.67     39.96   4073.38  -6722.88      0.00      0
1      5594 14.0       3.31e+08     70.80    172.41  -2139.13     16.83      0.00      1
1      5595 14.0       4.27e+08     78.36    187.12   -664.93 -10028.31      0.00      1
1      5596 14.0       1.29e+08     87.43    355.24    889.43   2690.51      0.00      0
1      5597 14.0       2.57e+08     84.30    248.36   1796.13  -4443.20      0.00      0
1      5598 14.0       3.63e+08     68.43    199.90   4093.65   -558.06      0.00      0
1      5599 14.0       1.20e+08     65.62      9.47  -1270.60 -11018.50      0.00      0
