1    102500 5626.0     1.62e+09     69.39    143.90   1622.08  -3857.49      0.00      1
1    102501 5626.0     4.68e+09     66.68     70.45   3229.00  -8069.39      0.00      1
1    102502 5626.0     1.38e+09     80.96    183.01   4945.92   -479.35      0.00      1
1    102503 5626.0     3.80e+09     84.98     80.58   4979.80  -2177.31      0.00      1
1    102504 5626.0     2.00e+10     80.26    131.49   3387.10  -3016.03      0.00      1
1    102505 5626.0     5.25e+09     82.90    285.83   4277.62  -3092.32      0.00      1
1    102506 5626.0     5.13e+09     77.31    134.91  -3118.63   4253.00      0.00      1
1    102507 5626.0     6.61e+10     82.74    268.36  -1979.95   3898.54      0.00      1
1    102508 5626.0     1.51e+09     86.04    243.08  -3044.04  -1443.36      0.00      0
1    102509 5626.0     6.76e+09     86.90    217.60   -258.26  -8831.66      0.00      1
1    102510 5626.0     1.20e+10     82.16     52.95    844.50  -3200.00      0.00      1
1    102511 5626.0     9.77e+10     78.02    225.35  -4046.18  -9493.79      0.00      1
1    102512 5626.0     7.41e+10     73.00    197.59   2084.41   3154.06      0.00      1
1    102513 5626.0     9.12e+10     84.88    234.26   5216.41   -500.18      0.00      1
1    102514 5626.0     2.57e+09     82.50    333.61  -1680.29  -1343.89      0.00      1
1    102515 5626.0     3.39e+09     67.67    239.35   4804.22  -2427.14      0.00      1
1    102516 5626.0     6.03e+10     69.37     52.25   5884.95   4603.26      0.00      0
1    102517 5626.0     3.47e+09     70.12    329.71  -1554.16  -8820.93      0.00      1
1    102518 5626.0     3.98e+10     70.87     76.21  -2951.01   1560.09      0.00      1
1    102519 5626.0     9.77e+09     76.45    137.25   3253.13  -4467.09      0.00      1
1    102520 5626.0     3.47e+09     68.62    199.06   4942.14   2186.67      0.00      1
1    102521 5626.0     7.24e+10     79.96    121.77   4274.19   1395.73      0.00      1
1    102522 5626.0     9.12e+10     83.52     27.68   5148.33   1398.08      0.00      1
1    102523 5626.0     5.62e+09     85.73    202.55   3412.82 -10714.02      0.00      1
1    102524 5626.0     3.89e+10     73.66    190.41   -935.79  -1815.44      0.00      1
1    102525 5626.0     1.48e+10     85.51     51.80   -345.76  -4190.62      0.00      1
1    102526 5626.0     1.70e+09     78.72    206.21  -3181.85    468.45      0.00      1
1    102527 5626.0     4.47e+10     69.10    208.91   -651.82  -4023.11      0.00      1
1    102528 5626.0     9.12e+09     66.19    278.90   4590.03  -2033.83      0.00      1
1    102529 5626.0     3.09e+10     67.72     30.58   -157.41  -1426.41      0.00      1
1    102530 5626.0     3.80e+09     83.15    216.05  -3912.93  -4790.04      0.00      1
1    102531 5626.0     1.66e+10     83.31    144.90  -3905.74   1165.36      0.00      1
1    102532 5626.0     1.32e+09     65.80    302.83   2199.19   5087.20      0.00      0
1    102533 5626.0     8.71e+09     76.04     60.31   3872.88   2448.84      0.00      1
1    102534 5626.0     2.75e+10     82.43    109.53  -2044.43  -8668.32      0.00      1
1    102535 5626.0     1.78e+10     74.10    208.92   2900.02  -1653.92      0.00      1
1    102536 5626.0     4.79e+10     67.44     81.07   4186.48   3789.67      0.00      1
1    102537 5626.0     9.33e+09     75.00    115.56  -2333.82  -7013.22      0.00      1
1    102538 5626.0     1.29e+09     81.52     85.78   3340.67   1406.89      0.00      1
1    102539 5626.0     2.95e+09     82.94    157.45   4474.13   2372.34      0.00      1
1    102540 5626.0     3.16e+09     69.08    290.71   5959.71   3221.36      0.00      1
1    102541 5626.0     1.07e+09     67.29     58.43  -1465.03   2154.23      0.00      1
1    102542 5626.0     1.35e+10     84.39    225.26   2556.81  -3736.12      0.00      1
1    102543 5626.0     3.89e+09     78.59    150.34   4493.40  -6818.42      0.00      1
1    102544 5626.0     9.55e+09     86.52    332.47  -1394.51   -614.04      0.00      1
1    102545 5626.0     7.08e+09     87.73    261.43  -1740.42 -11283.00      0.00      1
1    102546 5626.0     1.38e+10     86.64    307.96   5459.86  -9384.00      0.00      1
1    102547 5626.0     2.63e+10     71.47     74.22  -2156.36   -312.11      0.00      1
1    102548 5626.0     4.90e+10     83.48    270.26  -2633.96 -10450.39      0.00      1
1    102549 5626.0     1.48e+09     75.55    240.92   1255.54   -153.88      0.00      1
1    102550 5626.0     2.14e+10     71.42    347.62  -1096.06    921.56      0.00      1
1    102551 5626.0     1.32e+10     77.03    115.56  -3973.08  -3930.86      0.00      1
1    102552 5626.0     1.15e+09     83.08     92.99   5693.25  -9225.22      0.00      1
1    102553 5626.0     9.12e+10     68.01     69.63  -1579.23 -10244.09      0.00      0
1    102554 5626.0     2.24e+09     85.41    104.78   1666.26    314.13      0.00      1
1    102555 5626.0     6.92e+10     80.84     49.77   -875.78  -5130.16      0.00      1
1    102556 5626.0     5.62e+10     83.23     18.03  -4185.16   4471.40      0.00      1
1    102557 5626.0     4.17e+09     68.57     48.21   3051.99    665.27      0.00      1
1    102558 5626.0     6.76e+09     77.64    222.11   4845.46  -4390.12      0.00      1
1    102559 5626.0     1.91e+10     72.10     52.74   5407.94  -4579.01      0.00      1
1    102560 5626.0     1.02e+09     70.58    230.65   -724.38  -5481.70      0.00      1
1    102561 5626.0     1.82e+10     67.97     98.32   4028.94    566.11      0.00      1
1    102562 5626.0     1.00e+10     86.71    309.76   -535.76   -769.65      0.00      1
1    102563 5626.0     1.70e+09     81.84     11.42    766.85  -7689.12      0.00      1
1    102564 5626.0     2.95e+09     72.26     59.75  -3328.83  -9720.88      0.00      1
1    102565 5626.0     1.15e+10     86.51    307.48  -4217.50  -3441.14      0.00      1
1    102566 5626.0     1.35e+10     78.19     57.61  -3653.71  -6735.00      0.00      1
1    102567 5626.0     1.48e+10     78.24      3.40  -3137.82   2612.48      0.00      1
1    102568 5626.0     3.16e+09     85.77    357.04   3206.23    166.29      0.00      1
1    102569 5626.0     3.80e+10     70.14    263.30   5915.95  -7943.01      0.00      1
1    102570 5626.0     1.00e+10     65.00      1.02  -4369.60  -2062.65      0.00      0
1    102571 5626.0     4.37e+09     80.96    230.63   4948.16  -2877.64      0.00      1
1    102572 5626.0     1.35e+09     80.58     72.40  -3586.40  -7546.00      0.00      1
1    102573 5626.0     1.26e+10     84.54     22.60   3227.23  -7572.82      0.00      1
1    102574 5626.0     3.55e+10     72.85     86.39   4088.61    167.20      0.00      1
1    102575 5626.0     1.45e+09     73.95    108.15   3664.40  -9934.88      0.00      1
1    102576 5626.0     1.62e+10     73.23    126.90  -2594.64   3979.81      0.00      1
1    102577 5626.0     3.63e+10     81.53    280.93  -2683.66  -9067.40      0.00      1
1    102578 5626.0     5.01e+09     74.63    116.08   -604.98  -9184.65      0.00      1
1    102579 5626.0     6.61e+10     68.57     65.89   1741.89  -2061.22      0.00      1
1    102580 5626.0     1.41e+09     82.56    258.80  -1052.45  -7680.68      0.00      1
1    102581 5626.0     3.72e+09     67.12    307.69   4285.72 -10485.29      0.00      0
1    102582 5626.0     7.76e+09     65.68    222.33   3084.14    345.47      0.00      0
1    102583 5626.0     5.13e+09     81.68     21.65   5533.21  -2744.48      0.00      1
1    102584 5626.0     8.51e+09     80.68    154.32   4954.62  -3345.12      0.00      1
1    102585 5626.0     1.15e+09     71.70    316.13  -3168.74   3961.94      0.00      1
1    102586 5626.0     1.48e+09     74.25    251.56  -3280.33  -1947.99      0.00      1
1    102587 5626.0     1.23e+09     69.59    283.09  -3434.65   4449.93      0.00      0
1    102588 5626.0     1.32e+10     73.36    202.32   1851.59   -199.06      0.00      1
1    102589 5626.0     2.29e+10     79.05    154.26  -1034.11   4262.91      0.00      1
1    102590 5626.0     6.92e+10     66.51     96.69    461.33   4206.83      0.00      1
1    102591 5626.0     4.07e+10     72.22    303.00  -2204.98   3130.31      0.00      1
1    102592 5626.0     1.05e+09     74.77    146.55   1960.28   -992.79      0.00      1
1    102593 5626.0     3.39e+10     65.14     34.37   4292.60  -2743.51      0.00      1
1    102594 5626.0     8.91e+10     83.29    308.85   1951.42  -8980.66      0.00      1
1    102595 5626.0     2.19e+09     66.49    169.70   6039.73    861.92      0.00      0
1    102596 5626.0     1.32e+10     81.13    292.47  -3488.43  -6536.81      0.00      1
1    102597 5626.0     2.88e+10     78.44    298.73   3992.66   2818.19      0.00      1
1    102598 5626.0     2.40e+10     82.15    110.35   5705.96   1102.33      0.00      1
1    102599 5626.0     1.78e+10     78.61    151.61  -3213.64 -10447.26      0.00      0
