1       100 14.0       1.10e+09     70.53    273.90  -4368.89   3357.70      0.00      0
1       101 14.0       1.02e+10     85.29    124.74   4761.50 -10909.79      0.00      1
1       102 14.0       6.46e+10     68.85    294.07   -266.99  -1517.61      0.00      1
1       103 14.0       3.80e+09     87.50    211.56  -1686.86  -1498.91      0.00      1
1       104 14.0       5.50e+10     68.19    343.82   4205.72  -3467.04      0.00      1
1       105 14.0       2.57e+09     75.44     48.82   6432.89  -7125.51      0.00      1
1       106 14.0       3.02e+10     86.90    284.71  -2336.02  -6013.19      0.00      1
1       107 14.0       1.26e+09     86.56    196.62   3818.70   4934.38      0.00      0
1       108 14.0       1.26e+10     83.67    351.67  -1250.33    590.03      0.00      1
1       109 14.0       9.77e+09     65.57    320.95   2622.65 -10441.63      0.00      0
1       110 14.0       3.39e+09     70.35    141.06  -1720.84  -4072.34      0.00      1
1       111 14.0       5.50e+10     82.17    259.84   -768.21  -2510.98      0.00      1
1       112 14.0       7.94e+09     80.11    177.98   1333.07   -139.41      0.00      1
1       113 14.0       4.79e+10     79.44    292.33    195.43  -3610.11      0.00      1
1       114 14.0       3.16e+09     78.78     32.81   1757.81 -10797.97      0.00      1
1       115 14.0       1.20e+09     85.46    288.01   4949.61   -510.16      0.00      0
1       116 14.0       5.01e+10     77.04    339.35   6404.39  -9473.38      0.00      1
1       117 14.0       9.33e+10     70.48    254.04  -1742.26   1542.65      0.00      1
1       118 14.0       6.17e+09     69.38    201.47   3690.79  -2475.30      0.00      1
1       119 14.0       8.91e+10     87.11    306.22   4830.11 -10978.13      0.00      1
1       120 14.0       5.50e+09     76.45    224.53   5988.86   1515.37      0.00      1
1       121 14.0       3.72e+09     74.00    156.62  -3560.96   2125.92      0.00      1
1       122 14.0       3.09e+09     67.06    146.96   5457.57  -3672.27      0.00      1
1       123 14.0       3.47e+10     67.76     25.16  -3546.96   1677.20      0.00      1
1       124 14.0       4.79e+10     67.63    122.69  -3292.78 -10393.94      0.00      1
1       125 14.0       2.29e+09     83.71     84.90   5294.74  -5746.34      0.00      1
1       126 14.0       2.57e+10     83.68     77.93  -3484.73  -8057.95      0.00      1
1       127 14.0       2.19e+09     66.50    303.48  -1053.31 -10907.15      0.00      1
1       128 14.0       3.31e+09     85.71    174.47   5701.58   4846.35      0.00      1
1       129 14.0       1.45e+09     85.12     31.71  -3430.75  -1065.40      0.00      1
1       130 14.0       2.09e+10     80.03     29.53   5464.42   5010.44      0.00      1
1       131 14.0       6.61e+10     83.04     39.05    -35.99   4128.38      0.00      1
1       132 14.0       2.69e+10     65.72     81.83    194.27  -2258.20      0.00      1
1       133 14.0       2.04e+10     79.81    139.29   3281.85 -10151.74      0.00      1
1       134 14.0       6.46e+10     81.51     84.45   4409.94 -10600.57      0.00      1
1       135 14.0       5.01e+10     79.25    154.78  -3263.70   2849.41      0.00      1
1       136 14.0       3.55e+09     79.18     14.62   5083.05   4539.75      0.00      1
1       137 14.0       1.45e+10     85.30    335.16   2841.05   3874.39      0.00      1
1       138 14.0       1.20e+10     67.73    110.04   4407.38  -5398.25      0.00      1
1       139 14.0       1.05e+09     81.58    154.54  -3140.98    720.22      0.00      1
1       140 14.0       1.95e+10     76.45     54.26  -3309.51  -3035.52      0.00      1
1       141 14.0       7.08e+10     84.36     71.17  -3523.29   2292.53      0.00      1
1       142 14.0       6.76e+09     67.25     44.65    753.29   2327.85      0.00      1
1       143 14.0       1.02e+10     77.15     81.04   4143.50  -7549.54      0.00      1
1       144 14.0       6.61e+10     74.52    122.17  -4019.66   1799.72      0.00      1
1       145 14.0       2.69e+09     83.02    229.05  -2317.41  -6377.11      0.00      1
1       146 14.0       2.45e+09     79.61    228.26  -3580.20  -1801.63      0.00      1
1       147 14.0       3.98e+09     85.18    292.08    358.34  -6673.21      0.00      1
1       148 14.0       5.50e+10     85.51    189.95   4039.40 -10794.88      0.00      1
1       149 14.0       1.29e+09     75.23    293.08  -2998.19 -11285.58      0.00      1
1       150 14.0       1.66e+09     82.59    210.64    -69.80  -6933.26      0.00      1
1       151 14.0       3.16e+10     71.30    330.95   5081.51   4852.39      0.00      0
1       152 14.0       1.62e+09     77.24     61.71   1815.45    511.89      0.00      1
1       153 14.0       2.24e+10     75.01    203.65  -3618.63  -8889.93      0.00      1
1       154 14.0       6.76e+09     87.58    280.42   1856.99  -2796.89      0.00      1
1       155 14.0       3.02e+09     78.85     76.05   -258.20  -6686.45      0.00      1
1       156 14.0       2.29e+09     70.60    161.53   2459.37   4660.88      0.00      1
1       157 14.0       1.82e+09     71.87    341.73  -2013.90  -2711.47      0.00      1
1       158 14.0       8.32e+10     83.97    209.58   1313.30  -6761.61      0.00      1
1       159 14.0       8.51e+10     84.49     68.39  -2282.87  -9892.35      0.00      1
1       160 14.0       8.51e+09     85.64    162.10    -19.38   1041.70      0.00      1
1       161 14.0       6.31e+09     76.03     23.76   4853.47  -1530.26      0.00      1
1       162 14.0       2.00e+10     70.81    108.62   1611.70    388.30      0.00      1
1       163 14.0       1.74e+09     86.76    308.45  -1446.18   1530.11      0.00      1
1       164 14.0       3.09e+10     75.07    354.54   3295.02 -10450.54      0.00      1
1       165 14.0       1.86e+10     80.53    350.33   3755.98  -5490.10      0.00      1
1       166 14.0       2.04e+09     82.88    110.48   3706.77   1325.71      0.00      1
1       167 14.0       1.58e+10     81.04      8.85  -1922.87   5036.32      0.00      1
1       168 14.0       2.88e+09     73.13    190.29  -4141.56   -716.92      0.00      1
1       169 14.0       1.35e+09     83.49    140.02    840.77  -7429.77      0.00      1
1       170 14.0       2.29e+10     65.00    241.17    101.14 -10040.42      0.00      0
1       171 14.0       8.32e+09     76.88    269.49   -737.80 -10857.50      0.00      1
1       172 14.0       6.61e+10     86.50    103.64    364.58  -9951.13      0.00      1
1       173 14.0       2.29e+10     83.36    102.47   1445.49     14.36      0.00      1
1       174 14.0       6.17e+10     72.67    250.34  -3627.79  -6522.13      0.00      1
1       175 14.0       1.41e+10     74.13    225.66   4030.20  -8121.28      0.00      1
1       176 14.0       5.25e+10     80.53    182.65   5859.62 -10863.22      0.00      1
1       177 14.0       2.88e+10     75.39    141.75   4236.57  -6082.22      0.00      1
1       178 14.0       1.17e+09     77.35    125.76   -835.85   4220.52      0.00      1
1       179 14.0       1.26e+09     75.38     47.91   1887.68   -779.09      0.00      1
1       180 14.0       3.16e+10     65.57     56.74    728.88  -8636.48      0.00      0
1       181 14.0       2.95e+09     83.23    227.28   6343.67  -1315.79      0.00      1
1       182 14.0       6.92e+10     71.46      0.58   2842.97   5198.71      0.00      1
1       183 14.0       1.45e+10     87.53    156.03   4783.77  -2996.37      0.00      1
1       184 14.0       4.07e+09     69.13    118.92  -3676.35  -2557.67      0.00      1
1       185 14.0       1.38e+09     84.22    219.05  -2970.84   2406.60      0.00      1
1       186 14.0       4.79e+09     84.64    231.33   5080.69    174.51      0.00      1
1       187 14.0       1.20e+09     68.75    325.73   4287.23  -3915.77      0.00      1
1       188 14.0       7.94e+09     67.83    251.33  -4332.78   2256.81      0.00      1
1       189 14.0       1.05e+10     85.96     75.20  -4330.59   4807.29      0.00      1
1       190 14.0       1.48e+10     78.02     29.05   3849.82  -1442.83      0.00      1
1       191 14.0       1.29e+10     68.62    140.77   1717.72  -4072.23      0.00      0
1       192 14.0       1.32e+09     81.33    254.98  -4276.10  -5905.09      0.00      1
1       193 14.0       2.40e+10     68.04      6.84   4037.46  -9810.57      0.00      0
1       194 14.0       3.31e+09     66.68    144.82   -559.32  -4802.68      0.00      1
1       195 14.0       3.72e+10     70.92    111.69  -4196.26   2188.29      0.00      1
1       196 14.0       3.47e+09     65.80    231.29  -2129.21   1517.29      0.00      1
1       197 14.0       2.63e+10     74.35    104.79  -3457.09  -6438.34      0.00      1
1       198 14.0       1.82e+09     72.39     35.63   5103.97  -4297.63      0.00      1
1       199 14.0       5.37e+10     72.53    217.12  -1057.05  -7266.99      0.00      1
