1      2900 14.0       1.91e+10     80.56    114.26  -1488.51  -2045.45      0.00      1
1      2901 14.0       3.55e+10     68.77    107.12  -2659.99   3886.00      0.00      1
1      2902 14.0       7.08e+09     81.95    113.61  -3525.14  -8145.56      0.00      1
1      2903 14.0       6.03e+09     76.81    103.35   4858.84  -3747.01      0.00      1
1      2904 14.0       2.24e+09     67.71    120.29   4830.58  -1854.96      0.00      1
1      2905 14.0       2.69e+10     80.25    239.52   4174.15  -3210.34      0.00      1
1      2906 14.0       2.57e+09     65.04    260.57  -2028.41   4244.31      0.00      1
1      2907 14.0       4.79e+09     74.31    161.88   2126.07  -1657.45      0.00      1
1      2908 14.0       8.13e+09     80.65    293.14    326.41  -6566.92      0.00      1
1      2909 14.0       3.24e+09     84.84    158.72   1136.04  -2445.61      0.00      1
1      2910 14.0       1.62e+10     75.27     46.99  -2307.66  -4177.52      0.00      1
1      2911 14.0       1.38e+10     80.73     85.17   4194.46  -9727.83      0.00      1
1      2912 14.0       2.51e+10     79.75    257.91   2854.51   2108.67      0.00      1
1      2913 14.0       3.02e+10     71.73    202.19   4162.85  -1662.83      0.00      1
1      2914 14.0       7.08e+10     78.80      5.68   5984.81  -6124.66      0.00      1
1      2915 14.0       2.29e+09     85.45    152.40  -2107.72   4936.67      0.00      1
1      2916 14.0       3.47e+09     82.58      4.08   3260.91  -8588.03      0.00      1
1      2917 14.0       7.94e+09     80.68     97.55   1816.17   4058.63      0.00      1
1      2918 14.0       4.17e+09     71.12    287.87   -259.80 -11236.56      0.00      1
1      2919 14.0       8.51e+09     79.47    294.64  -2663.25   4419.63      0.00      1
1      2920 14.0       4.17e+09     82.92     50.94   -879.42  -3844.55      0.00      1
1      2921 14.0       1.48e+10     73.61      3.29   1079.02  -5026.09      0.00      1
1      2922 14.0       1.35e+10     71.70    161.55   2014.82  -2863.93      0.00      1
1      2923 14.0       9.33e+10     73.99    303.97   1392.07   1077.15      0.00      1
1      2924 14.0       3.02e+10     67.19     69.21  -1489.64  -4533.52      0.00      0
1      2925 14.0       2.82e+09     84.79    168.53   6181.81  -8164.44      0.00      1
1      2926 14.0       2.19e+10     71.56    348.61   1682.79 -10147.01      0.00      1
1      2927 14.0       6.31e+09     81.15     93.95    312.53   4526.40      0.00      1
1      2928 14.0       7.24e+10     72.43    237.61   5440.15  -8022.05      0.00      1
1      2929 14.0       2.51e+10     81.32     58.65   1414.00    730.22      0.00      1
1      2930 14.0       7.24e+09     68.43     98.92    175.48   4413.77      0.00      1
1      2931 14.0       7.94e+09     84.57    322.93   -910.02 -10312.75      0.00      1
1      2932 14.0       3.55e+09     77.77    169.71  -2471.58  -7085.34      0.00      1
1      2933 14.0       1.15e+10     79.01     95.40   4843.38  -5223.94      0.00      1
1      2934 14.0       2.19e+09     69.31    157.52  -1937.83 -10999.87      0.00      1
1      2935 14.0       1.91e+09     83.77    308.88   4812.35  -3386.75      0.00      1
1      2936 14.0       4.27e+09     78.46    310.01  -1022.74   2207.37      0.00      1
1      2937 14.0       9.12e+09     78.90    129.39   2534.28  -8261.19      0.00      1
1      2938 14.0       4.68e+09     72.27    282.78   4569.14  -5923.77      0.00      1
1      2939 14.0       7.24e+09     77.88    291.92    -94.85  -8855.17      0.00      1
1      2940 14.0       2.04e+10     77.53     62.68   4893.41  -8610.05      0.00      1
1      2941 14.0       5.50e+10     69.71    158.48   3449.24  -8242.48      0.00      0
1      2942 14.0       1.07e+10     87.45     95.98   3325.37  -5654.11      0.00      1
1      2943 14.0       1.23e+10     81.94     48.93  -1296.03  -4725.83      0.00      1
1      2944 14.0       1.48e+09     65.08      7.58   6467.10   1054.92      0.00      0
1      2945 14.0       1.05e+09     67.42    119.33   4488.95    -68.91      0.00      0
1      2946 14.0       8.71e+09     69.80    231.74   5913.24   3440.19      0.00      0
1      2947 14.0       3.72e+09     73.22    164.34   -395.39    351.39      0.00      1
1      2948 14.0       1.74e+10     72.96    182.05    -54.76  -6244.67      0.00      1
1      2949 14.0       4.68e+10     67.30    299.85   3024.70  -8981.91      0.00      0
1      2950 14.0       2.69e+09     71.35    226.90   3670.42 -10387.19      0.00      1
1      2951 14.0       1.58e+10     80.96     15.29  -3167.69  -9407.52      0.00      1
1      2952 14.0       6.46e+10     87.89    164.06   4623.67 -11245.16      0.00      1
1      2953 14.0       5.25e+10     87.57    201.56  -3179.91   4821.55      0.00      1
1      2954 14.0       3.02e+09     78.22    227.13   5784.88  -3749.43      0.00      1
1      2955 14.0       1.78e+10     79.56    207.86   1474.80  -4761.94      0.00      1
1      2956 14.0       5.50e+09     75.94    127.23   3229.86  -9203.02      0.00      1
1      2957 14.0       4.27e+09     82.28     13.31   1323.07  -3750.46      0.00      1
1      2958 14.0       7.08e+10     67.63    116.47  -1539.06   4105.07      0.00      1
1      2959 14.0       3.72e+09     77.89     92.57   5411.13  -6561.74      0.00      1
1      2960 14.0       2.14e+10     81.79    242.17   3207.34  -7399.42      0.00      1
1      2961 14.0       7.08e+10     84.00    219.27   1008.15  -8008.39      0.00      1
1      2962 14.0       7.94e+10     72.80     59.39   -472.88  -9605.29      0.00      1
1      2963 14.0       7.08e+09     70.12    316.59   3361.71  -5678.26      0.00      1
1      2964 14.0       3.02e+10     85.18    149.70   -903.94   -921.60      0.00      1
1      2965 14.0       3.98e+09     87.54    205.73  -4104.70   3656.26      0.00      1
1      2966 14.0       4.47e+10     84.01    147.51   2288.38  -6559.62      0.00      1
1      2967 14.0       1.48e+10     66.07    318.68    474.20   -402.02      0.00      1
1      2968 14.0       2.29e+10     80.43    350.27   6282.56   1384.68      0.00      1
1      2969 14.0       6.76e+10     66.66    133.70   3417.85  -4781.95      0.00      0
1      2970 14.0       2.75e+10     72.16    248.24  -1970.13  -6840.39      0.00      1
1      2971 14.0       5.62e+09     74.26    218.14  -2734.32  -3829.55      0.00      1
1      2972 14.0       1.74e+10     80.26    199.05   5842.50  -5528.98      0.00      1
1      2973 14.0       2.19e+09     68.67    198.28   6267.78  -5613.55      0.00      1
1      2974 14.0       8.32e+09     75.14    317.36   3231.89   1540.11      0.00      1
1      2975 14.0       6.46e+10     69.43    218.89   -856.53  -4010.49      0.00      1
1      2976 14.0       2.04e+10     72.40    184.68   1830.63 -11293.17      0.00      1
1      2977 14.0       9.33e+10     67.14    246.12   1428.24  -2195.49      0.00      1
1      2978 14.0       1.10e+10     65.27    216.84   6193.05   3581.94      0.00      0
1      2979 14.0       9.55e+10     81.48    128.31    549.60  -7712.06      0.00      1
1      2980 14.0       3.31e+09     74.21    127.66   5514.70  -5830.67      0.00      1
1      2981 14.0       2.04e+10     67.20    119.32   3640.83 -10200.05      0.00      0
1      2982 14.0       2.04e+10     68.68    235.30  -3545.91  -1656.19      0.00      1
1      2983 14.0       4.27e+09     79.68    140.96   5523.92  -9263.46      0.00      1
1      2984 14.0       4.79e+09     81.61    340.31   -962.46   3149.91      0.00      1
1      2985 14.0       1.38e+09     67.99    312.34   6173.61  -6904.90      0.00      0
1      2986 14.0       4.07e+09     81.71      8.84  -1687.61 -10992.94      0.00      1
1      2987 14.0       4.47e+10     78.64    243.22  -3342.69  -7129.27      0.00      1
1      2988 14.0       8.32e+10     86.36    276.79   1714.75   -919.53      0.00      1
1      2989 14.0       9.55e+09     66.08     64.92   3882.52   3173.92      0.00      0
1      2990 14.0       1.17e+09     85.56    156.08    457.78   4513.75      0.00      1
1      2991 14.0       1.62e+09     76.35     50.13  -3601.82   -964.39      0.00      1
1      2992 14.0       1.23e+09     86.54     79.47   4683.71  -7587.24      0.00      1
1      2993 14.0       5.89e+09     86.56    258.00   3790.78   1537.33      0.00      1
1      2994 14.0       1.62e+09     87.70    255.21   3435.04  -6309.00      0.00      0
1      2995 14.0       1.66e+09     80.82    306.73     95.12  -2800.83      0.00      1
1      2996 14.0       7.94e+10     85.40     12.47   3929.83     36.62      0.00      1
1      2997 14.0       2.29e+10     76.53     83.41   4996.09   -712.49      0.00      1
1      2998 14.0       6.31e+10     70.32    328.29   3600.88  -2644.11      0.00      1
1      2999 14.0       2.82e+10     79.02    169.35   5789.74  -1495.89      0.00      1
