1    100200 5626.0     2.00e+09     86.89    137.70   5877.81   1976.74      0.00      0
1    100201 5626.0     5.01e+10     85.57    334.64   1016.63  -5761.60      0.00      1
1    100202 5626.0     1.35e+10     71.74    186.69   -364.00  -4922.22      0.00      1
1    100203 5626.0     1.70e+10     69.74    153.47  -2695.81   1668.39      0.00      1
1    100204 5626.0     9.33e+09     82.54    183.24   5958.21   1198.63      0.00      1
1    100205 5626.0     1.00e+10     80.10    194.59  -2437.47   3729.01      0.00      1
1    100206 5626.0     6.17e+10     66.31    355.47   2214.74   2071.57      0.00      1
1    100207 5626.0     5.62e+09     74.52    163.25  -3807.55  -9009.11      0.00      1
1    100208 5626.0     2.82e+09     80.47     61.23   4566.04  -9703.70      0.00      1
1    100209 5626.0     1.26e+10     76.79    256.13  -1725.58 -10280.42      0.00      1
1    100210 5626.0     2.51e+09     70.90    234.23  -1084.96  -4529.62      0.00      1
1    100211 5626.0     2.19e+10     73.07    152.37   4059.19 -10853.89      0.00      1
1    100212 5626.0     1.05e+09     76.50     40.43   -164.79  -5238.94      0.00      1
1    100213 5626.0     5.75e+09     65.19    161.08  -2939.38  -5805.61      0.00      1
1    100214 5626.0     1.02e+09     77.83     61.14   3348.75  -3418.55      0.00      1
1    100215 5626.0     2.40e+09     82.55    218.67   3138.09  -5690.48      0.00      1
1    100216 5626.0     2.95e+10     69.12    276.76   1696.15  -8705.93      0.00      1
1    100217 5626.0     3.09e+09     72.22    242.47   5083.72   4195.34      0.00      1
1    100218 5626.0     4.17e+09     73.80    340.73  -1775.03   1546.37      0.00      1
1    100219 5626.0     4.68e+10     71.53     74.71   -304.05  -6731.29      0.00      1
1    100220 5626.0     3.47e+09     65.19     16.41   4536.98  -6407.39      0.00      1
1    100221 5626.0     3.09e+10     70.59    343.00    688.85   1679.82      0.00      1
1    100222 5626.0     5.13e+09     72.66    334.31  -3174.86     33.81      0.00      1
1    100223 5626.0     9.12e+09     76.92    299.26   1995.27  -2246.67      0.00      1
1    100224 5626.0     6.92e+10     87.05     59.63   1577.25  -5602.83      0.00      1
1    100225 5626.0     2.29e+09     86.83    268.70   3608.26   4808.61      0.00      1
1    100226 5626.0     5.50e+10     65.53     10.32   3338.86   2831.11      0.00      1
1    100227 5626.0     9.55e+10     76.46     97.80   6270.49  -8821.73      0.00      1
1    100228 5626.0     1.23e+09     86.58     88.89  -3487.88  -4746.69      0.00      0
1    100229 5626.0     1.10e+10     76.76    309.19  -3660.97   4135.53      0.00      1
1    100230 5626.0     6.61e+09     67.09    284.40  -3710.84   3594.22      0.00      0
1    100231 5626.0     1.17e+09     75.71     62.30   1064.09   1601.63      0.00      1
1    100232 5626.0     7.76e+09     70.13      6.74   1762.02   5090.41      0.00      1
1    100233 5626.0     6.31e+10     71.42     36.22  -1661.45   4717.75      0.00      1
1    100234 5626.0     3.72e+10     76.90    345.87  -1899.71   4506.36      0.00      1
1    100235 5626.0     6.31e+10     72.17    298.18  -3422.77  -4656.72      0.00      1
1    100236 5626.0     1.23e+09     75.12    335.13   4758.14  -9972.92      0.00      1
1    100237 5626.0     2.75e+10     87.22    132.67   5698.23  -8067.77      0.00      1
1    100238 5626.0     1.29e+09     74.19    150.00    220.80   4702.66      0.00      1
1    100239 5626.0     3.89e+09     67.72    343.15  -3716.08   5078.40      0.00      0
1    100240 5626.0     3.55e+10     66.71    244.26   1338.63  -6123.28      0.00      1
1    100241 5626.0     6.76e+10     78.07     10.60   1431.73   -818.74      0.00      1
1    100242 5626.0     2.45e+09     79.19     72.20   2805.75   -436.50      0.00      1
1    100243 5626.0     2.24e+10     70.74    239.97  -2067.15  -3389.41      0.00      1
1    100244 5626.0     4.90e+10     72.93    193.97   -160.78  -1207.55      0.00      1
1    100245 5626.0     1.74e+10     86.88      9.07  -4057.06  -8582.58      0.00      1
1    100246 5626.0     5.25e+09     65.43    310.80  -2473.18  -2507.41      0.00      0
1    100247 5626.0     1.74e+09     75.25    127.63   2886.59  -5272.47      0.00      1
1    100248 5626.0     2.29e+10     70.36    126.92   5249.44  -5304.85      0.00      0
1    100249 5626.0     2.14e+09     70.64    306.54  -4281.31  -8078.38      0.00      1
1    100250 5626.0     1.55e+10     80.40    131.88    858.72   3210.73      0.00      1
1    100251 5626.0     2.29e+09     77.45    144.51  -3066.87   2806.64      0.00      1
1    100252 5626.0     3.02e+09     74.46    197.67  -3580.81  -6085.50      0.00      1
1    100253 5626.0     7.76e+09     74.33    220.22   4925.54  -2887.70      0.00      1
1    100254 5626.0     1.55e+10     86.69     44.08   5156.33  -5725.13      0.00      1
1    100255 5626.0     4.47e+10     67.24    218.16  -1570.70 -11147.17      0.00      1
1    100256 5626.0     1.45e+09     78.25     45.63     -7.54  -3884.27      0.00      1
1    100257 5626.0     1.12e+10     73.55    190.02   5501.11  -4209.33      0.00      1
1    100258 5626.0     1.38e+10     69.37    132.85    599.51  -1689.06      0.00      1
1    100259 5626.0     4.27e+10     86.27    236.21    993.49 -11008.26      0.00      1
1    100260 5626.0     2.63e+09     86.44    138.92  -4100.34  -4351.85      0.00      1
1    100261 5626.0     9.12e+09     72.67    167.80   2923.36  -7474.56      0.00      1
1    100262 5626.0     2.45e+09     84.57     91.73   4815.47  -2913.00      0.00      1
1    100263 5626.0     1.17e+09     76.75    184.12    310.19  -2881.10      0.00      1
1    100264 5626.0     3.63e+10     80.32    252.46   5368.06   1555.79      0.00      1
1    100265 5626.0     2.29e+09     77.43    241.62  -1916.80   2504.60      0.00      1
1    100266 5626.0     1.07e+09     84.35    149.19   4137.04 -11054.94      0.00      1
1    100267 5626.0     4.79e+09     73.93    217.15  -1043.42   3697.86      0.00      1
1    100268 5626.0     1.15e+10     66.39    152.07   4236.08  -1925.17      0.00      0
1    100269 5626.0     3.98e+09     67.55    275.11   3844.10   -248.95      0.00      1
1    100270 5626.0     1.86e+10     79.25    266.25   3879.76   1958.27      0.00      1
1    100271 5626.0     2.34e+10     66.42    188.23   5692.82  -5823.61      0.00      1
1    100272 5626.0     8.51e+10     82.08    311.71  -1952.23   2886.02      0.00      1
1    100273 5626.0     2.24e+09     82.12    246.53   4684.00  -4954.29      0.00      1
1    100274 5626.0     5.62e+10     68.70     14.41  -3416.92  -8227.78      0.00      0
1    100275 5626.0     1.41e+09     80.53     92.60  -4382.28  -2149.03      0.00      1
1    100276 5626.0     1.38e+10     70.63     85.91  -2548.88  -5848.36      0.00      1
1    100277 5626.0     1.74e+09     72.51     63.21   5517.23  -5134.47      0.00      1
1    100278 5626.0     2.14e+09     80.08    232.93  -1655.20     47.03      0.00      1
1    100279 5626.0     3.47e+09     69.71     38.27   5316.37  -6274.07      0.00      1
1    100280 5626.0     2.95e+10     68.90    214.66   3302.60 -10062.37      0.00      1
1    100281 5626.0     1.91e+09     67.66    218.26    583.20 -10262.86      0.00      1
1    100282 5626.0     6.17e+10     71.74    353.22   4073.83  -6395.18      0.00      1
1    100283 5626.0     1.20e+09     80.52    282.80  -2778.91   -570.22      0.00      1
1    100284 5626.0     8.71e+10     79.60      2.06   2302.16  -6622.15      0.00      1
1    100285 5626.0     2.34e+09     80.57    238.95   3687.53  -4372.84      0.00      1
1    100286 5626.0     4.57e+10     82.95    272.30  -2039.80   1533.83      0.00      1
1    100287 5626.0     6.31e+09     86.94    134.84  -1920.53   1648.74      0.00      1
1    100288 5626.0     2.51e+10     74.80    202.91    915.55   5059.40      0.00      1
1    100289 5626.0     1.00e+11     76.56     67.70   -449.63 -10119.39      0.00      1
1    100290 5626.0     1.17e+10     78.92    137.28   1754.62   -405.06      0.00      1
1    100291 5626.0     8.91e+10     75.59    127.94   1826.80  -5701.03      0.00      1
1    100292 5626.0     6.46e+09     66.35    117.76   4463.00  -2726.96      0.00      1
1    100293 5626.0     8.13e+10     85.68    235.40    499.20  -9737.78      0.00      1
1    100294 5626.0     5.50e+09     80.35    108.94  -1329.47  -5049.44      0.00      1
1    100295 5626.0     9.33e+09     72.72     80.76   1219.58  -8379.10      0.00      1
1    100296 5626.0     6.76e+10     69.32     26.63   3316.78   -419.58      0.00      1
1    100297 5626.0     1.86e+09     83.10    162.90  -2464.30   -445.24      0.00      1
1    100298 5626.0     1.95e+10     81.01     93.19  -2584.95  -7752.73      0.00      1
1    100299 5626.0     9.12e+09     77.40    345.65  -1170.18  -8967.81      0.00      1
