1      5100 14.0       3.63e+08     87.63    288.26   2607.71  -5435.33      0.00      0
1      5101 14.0       2.14e+08     86.06    285.07  -2167.56   3722.12      0.00      0
1      5102 14.0       7.94e+08     86.62    162.88   4807.98  -2003.25      0.00      0
1      5103 14.0       8.32e+08     81.22     55.31  -1113.24  -9655.32      0.00      1
1      5104 14.0       7.94e+08     77.49    300.99   2735.42 -10446.95      0.00      1
1      5105 14.0       5.62e+08     70.39    127.19   2748.12  -8593.21      0.00      1
1      5106 14.0       5.50e+08     69.77    217.25  -1281.57   1582.72      0.00      1
1      5107 14.0       8.13e+08     84.77    114.82  -1251.06   -373.68      0.00      1
1      5108 14.0       5.62e+08     76.36    283.98   2874.44  -9218.94      0.00      1
1      5109 14.0       8.51e+08     68.31     63.34   5093.25   3972.78      0.00      0
1      5110 14.0       1.58e+08     83.15     30.32   5245.50   3407.90      0.00      0
1      5111 14.0       2.19e+08     78.60     29.12   -931.25  -9318.75      0.00      0
1      5112 14.0       1.86e+08     70.92    330.68  -4237.39    678.28      0.00      0
1      5113 14.0       5.13e+08     79.92    192.23    374.45   2443.00      0.00      1
1      5114 14.0       2.69e+08     83.87    288.75   3189.96     23.89      0.00      0
1      5115 14.0       8.13e+08     85.22    331.17   1132.30  -1728.89      0.00      1
1      5116 14.0       1.95e+08     86.40    152.74  -2879.13    958.62      0.00      0
1      5117 14.0       1.48e+08     79.81    238.07  -2924.14    758.05      0.00      0
1      5118 14.0       1.62e+08     75.94    169.57   1225.91  -9108.92      0.00      0
1      5119 14.0       6.46e+08     87.28    144.57     24.77  -8470.41      0.00      0
1      5120 14.0       5.50e+08     85.80    244.44   4905.47   2387.64      0.00      0
1      5121 14.0       3.31e+08     81.54    278.55    370.58   1241.95      0.00      0
1      5122 14.0       9.55e+08     72.61    210.40   -492.33    299.25      0.00      1
1      5123 14.0       8.32e+08     80.52    186.39   4419.75  -5909.95      0.00      1
1      5124 14.0       7.41e+08     70.21    232.55    420.01  -1148.97      0.00      1
1      5125 14.0       2.34e+08     87.23    246.41    997.95  -5076.92      0.00      0
1      5126 14.0       2.19e+08     72.40     48.87   -902.92  -4271.27      0.00      0
1      5127 14.0       1.02e+08     71.95    248.90   2207.69  -3259.01      0.00      0
1      5128 14.0       5.62e+08     82.31    230.19  -2870.35  -9244.45      0.00      1
1      5129 14.0       1.91e+08     84.68    341.27   5732.61   -320.75      0.00      0
1      5130 14.0       9.12e+08     85.64     30.20   -875.77  -1134.17      0.00      0
1      5131 14.0       6.61e+08     81.57    287.32   6389.03   2020.69      0.00      1
1      5132 14.0       8.13e+08     70.54    206.36  -2606.75  -2641.82      0.00      1
1      5133 14.0       9.12e+08     67.80    342.42  -1701.39 -10980.61      0.00      1
1      5134 14.0       8.51e+08     78.12    329.47   5517.39  -8755.23      0.00      1
1      5135 14.0       1.70e+08     74.73    294.18   -636.84  -5848.48      0.00      0
1      5136 14.0       4.68e+08     82.66    200.99    957.41   2142.55      0.00      1
1      5137 14.0       4.37e+08     86.77    247.43   3703.36  -5915.75      0.00      0
1      5138 14.0       1.48e+08     70.49    295.67   6199.96  -4714.12      0.00      0
1      5139 14.0       1.10e+08     78.40    226.14   -645.34  -6400.62      0.00      0
1      5140 14.0       3.63e+08     67.71     58.24   3281.15  -5970.03      0.00      0
1      5141 14.0       3.47e+08     66.32    156.27  -1992.76  -6845.98      0.00      0
1      5142 14.0       1.74e+08     75.53    299.09   3674.97   -435.39      0.00      0
1      5143 14.0       2.14e+08     82.07      8.90   2350.27   2861.64      0.00      0
1      5144 14.0       3.31e+08     69.32    254.83   4226.94  -9514.25      0.00      0
1      5145 14.0       2.69e+08     67.87      9.66   2373.83   2192.88      0.00      0
1      5146 14.0       2.69e+08     69.33     14.68   1134.17  -4763.29      0.00      0
1      5147 14.0       8.51e+08     77.07    112.10    753.26  -3588.49      0.00      1
1      5148 14.0       8.32e+08     71.23    332.77   -842.05  -3863.26      0.00      1
1      5149 14.0       2.04e+08     79.33    320.61   6305.30   4839.59      0.00      0
1      5150 14.0       7.08e+08     68.45    192.31  -3628.24  -2005.65      0.00      0
1      5151 14.0       5.50e+08     68.10    272.22   1428.79  -2169.96      0.00      1
1      5152 14.0       2.95e+08     78.91    243.25   3973.59  -2941.63      0.00      0
1      5153 14.0       1.66e+08     83.07     14.40  -3503.68  -4444.96      0.00      0
1      5154 14.0       9.77e+08     74.93     86.21   -590.16 -10445.63      0.00      1
1      5155 14.0       3.47e+08     74.44    139.98  -3685.11   4747.14      0.00      0
1      5156 14.0       1.12e+08     81.20    286.71   2614.71    110.06      0.00      0
1      5157 14.0       2.95e+08     87.17    331.95   2595.89  -8087.54      0.00      0
1      5158 14.0       5.25e+08     72.54     58.89  -1231.06   3694.24      0.00      1
1      5159 14.0       5.01e+08     86.52    339.64    170.60   4003.80      0.00      0
1      5160 14.0       4.27e+08     78.37    106.79   2784.23  -5032.93      0.00      1
1      5161 14.0       4.68e+08     68.63    275.49   2097.61  -5295.24      0.00      1
1      5162 14.0       1.41e+08     79.17    113.88   -889.02   5014.47      0.00      0
1      5163 14.0       1.51e+08     66.42     86.43   2342.55   -272.83      0.00      0
1      5164 14.0       1.12e+08     66.89     47.37   1177.33   4899.64      0.00      0
1      5165 14.0       6.92e+08     82.67     85.52  -3912.49  -2903.86      0.00      1
1      5166 14.0       6.03e+08     69.52    265.41   -539.09   2416.33      0.00      1
1      5167 14.0       1.78e+08     65.85    147.40  -1860.92   1712.37      0.00      0
1      5168 14.0       3.16e+08     84.68    138.12   5363.71 -10943.49      0.00      0
1      5169 14.0       1.91e+08     84.90    253.70   2286.46  -7804.04      0.00      0
1      5170 14.0       1.29e+08     84.61     83.37  -1992.20  -3667.14      0.00      0
1      5171 14.0       1.35e+08     83.96    350.81  -3730.81   -943.06      0.00      0
1      5172 14.0       9.12e+08     74.06    178.50   3243.04   -437.34      0.00      1
1      5173 14.0       8.71e+08     67.40    138.83   1787.79   1468.18      0.00      1
1      5174 14.0       6.46e+08     65.51    252.14    382.24   1416.01      0.00      1
1      5175 14.0       2.51e+08     67.11    190.24   2380.87  -6759.09      0.00      0
1      5176 14.0       1.41e+08     66.44    347.85  -1675.04  -2854.71      0.00      0
1      5177 14.0       2.24e+08     82.23    305.51  -3928.51    577.94      0.00      0
1      5178 14.0       1.15e+08     74.59     78.48    995.41  -8184.62      0.00      0
1      5179 14.0       1.32e+08     85.88    190.95   2947.91  -9498.20      0.00      0
1      5180 14.0       5.75e+08     66.59    312.96   3011.12  -2876.17      0.00      0
1      5181 14.0       6.17e+08     74.31    263.49   5617.30  -8349.31      0.00      1
1      5182 14.0       4.37e+08     77.36    207.39  -1696.94  -3770.97      0.00      1
1      5183 14.0       3.31e+08     75.33     75.69  -2698.69  -4973.88      0.00      1
1      5184 14.0       7.94e+08     68.42    289.33  -1543.02  -7191.52      0.00      1
1      5185 14.0       1.41e+08     79.89    312.89  -3714.37  -7087.31      0.00      0
1      5186 14.0       2.40e+08     84.09      5.54   2995.96  -3364.14      0.00      0
1      5187 14.0       1.29e+08     79.69     78.55   1556.01  -9955.84      0.00      0
1      5188 14.0       1.17e+08     75.07    236.35    416.31  -1607.09      0.00      0
1      5189 14.0       1.55e+08     76.97    122.35   4060.97  -7358.71      0.00      0
1      5190 14.0       1.07e+08     80.59    338.39    632.33   3595.46      0.00      0
1      5191 14.0       1.35e+08     80.26     34.13   2007.62  -1453.09      0.00      0
1      5192 14.0       3.80e+08     84.34    199.98   2232.57   -885.32      0.00      0
1      5193 14.0       1.02e+08     77.64    185.12   1842.39  -5961.60      0.00      0
1      5194 14.0       1.15e+08     74.58    238.35   5507.03  -4299.41      0.00      0
1      5195 14.0       1.02e+08     74.88    329.20   5448.23   3561.60      0.00      0
1      5196 14.0       6.46e+08     80.77    162.14  -3379.55   3639.32      0.00      1
1      5197 14.0       8.51e+08     81.98    225.45    926.76   -839.82      0.00      1
1      5198 14.0       5.62e+08     85.81    182.23  -4060.50  -7932.40      0.00      0
1      5199 14.0       3.39e+08     73.96     43.91   1900.47  -8449.15      0.00      1
