1      6100 14.0       3.02e+08     70.41    173.70  -1971.27   4681.64      0.00      0
1      6101 14.0       3.31e+08     85.01    131.45   4986.40 -10297.11      0.00      0
1      6102 14.0       4.90e+08     75.90     54.03   3994.80  -2279.04      0.00      1
1      6103 14.0       1.32e+08     69.99    249.10  -1331.31 -10585.85      0.00      0
1      6104 14.0       3.02e+08     84.29    260.14  -1165.04   4059.71      0.00      0
1      6105 14.0       1.26e+08     80.59    294.43  -1175.83   3744.44      0.00      0
1      6106 14.0       5.62e+08     65.10    254.52  -1310.32   1610.20      0.00      1
1      6107 14.0       1.78e+08     65.75     63.16    392.21  -1640.45      0.00      0
1      6108 14.0       7.24e+08     84.53    227.13  -1786.16 -10946.98      0.00      0
1      6109 14.0       1.95e+08     85.49     73.15    849.25   2143.92      0.00      0
1      6110 14.0       1.74e+08     82.12    221.40    470.47    651.97      0.00      0
1      6111 14.0       1.12e+08     74.56     56.85  -2856.74   4626.18      0.00      0
1      6112 14.0       4.79e+08     87.73    346.40  -4065.04  -8095.23      0.00      0
1      6113 14.0       2.45e+08     67.73    275.36   2644.19    337.37      0.00      0
1      6114 14.0       5.89e+08     68.66      0.89   6443.72  -1134.93      0.00      1
1      6115 14.0       1.20e+08     70.08     25.93   -581.07   1545.60      0.00      0
1      6116 14.0       4.47e+08     79.73    292.19   3343.64  -8415.59      0.00      1
1      6117 14.0       4.68e+08     70.90    302.59  -1085.16   -926.94      0.00      1
1      6118 14.0       7.59e+08     79.29    350.38   5301.32  -3477.88      0.00      1
1      6119 14.0       1.55e+08     87.96     79.62   3232.97  -5720.03      0.00      0
1      6120 14.0       5.01e+08     68.77     98.31   2597.51  -6934.93      0.00      1
1      6121 14.0       1.15e+08     70.13    274.68  -2398.33  -1764.78      0.00      0
1      6122 14.0       1.38e+08     82.53    290.07  -3761.87   5176.31      0.00      0
1      6123 14.0       2.14e+08     70.83    148.04   2309.87   3526.43      0.00      0
1      6124 14.0       1.05e+08     86.37    223.61   4654.70  -2157.66      0.00      0
1      6125 14.0       2.82e+08     69.33     46.07  -3058.82  -6355.87      0.00      0
1      6126 14.0       2.29e+08     86.49    271.58  -1360.18  -8173.38      0.00      0
1      6127 14.0       3.24e+08     65.47     96.47  -1616.22  -7550.89      0.00      0
1      6128 14.0       3.98e+08     66.59    312.06  -1748.20  -2857.01      0.00      0
1      6129 14.0       6.92e+08     78.65    339.81  -1459.13  -4147.16      0.00      1
1      6130 14.0       7.59e+08     72.09    291.83   4435.09 -11261.46      0.00      0
1      6131 14.0       7.59e+08     82.10    265.27   -142.66   1079.71      0.00      1
1      6132 14.0       1.91e+08     73.05    349.15   1533.67  -8894.46      0.00      0
1      6133 14.0       8.91e+08     77.46    348.39   3119.06  -2910.72      0.00      1
1      6134 14.0       2.40e+08     77.15     85.16  -1196.96  -5358.09      0.00      1
1      6135 14.0       3.63e+08     69.22    194.61   1140.10  -2012.73      0.00      1
1      6136 14.0       2.29e+08     77.21    319.73  -2565.83  -7709.89      0.00      1
1      6137 14.0       2.57e+08     72.50     88.12  -4170.86   3433.96      0.00      0
1      6138 14.0       1.55e+08     71.72     62.52  -1530.64  -9297.04      0.00      0
1      6139 14.0       1.45e+08     66.97    103.93  -1354.23  -3484.24      0.00      0
1      6140 14.0       5.89e+08     75.85    326.36   4374.72  -4314.57      0.00      1
1      6141 14.0       1.07e+08     85.01    125.71   1016.27  -5958.00      0.00      0
1      6142 14.0       9.77e+08     82.74    316.20  -2780.18   1516.45      0.00      1
1      6143 14.0       2.95e+08     87.06    287.42   1903.94  -2253.83      0.00      0
1      6144 14.0       3.63e+08     65.71     75.39   2619.94  -1628.24      0.00      0
1      6145 14.0       1.78e+08     70.16    342.02   1818.66 -10528.88      0.00      0
1      6146 14.0       2.75e+08     71.41    316.26   4090.26  -8285.34      0.00      0
1      6147 14.0       4.17e+08     69.24    255.71  -1381.91   1381.89      0.00      1
1      6148 14.0       3.63e+08     87.75    332.75   1307.03  -4800.20      0.00      0
1      6149 14.0       6.31e+08     82.02    309.73    404.58   1913.68      0.00      1
1      6150 14.0       2.14e+08     79.53    329.23  -3675.68  -8950.67      0.00      0
1      6151 14.0       9.55e+08     70.97    223.85    717.14    275.86      0.00      1
1      6152 14.0       1.74e+08     87.36    335.56  -3842.83   -856.75      0.00      0
1      6153 14.0       6.17e+08     86.01    159.95   4444.56  -4551.46      0.00      0
1      6154 14.0       2.69e+08     82.27    120.07   5111.47  -2237.05      0.00      0
1      6155 14.0       3.55e+08     78.25     73.81   2580.46 -11087.24      0.00      1
1      6156 14.0       2.19e+08     71.73    224.12  -1404.91 -11184.64      0.00      0
1      6157 14.0       1.07e+08     85.94    157.17    160.52  -7223.11      0.00      0
1      6158 14.0       1.32e+08     77.90     49.75  -3970.45   2304.68      0.00      0
1      6159 14.0       4.17e+08     84.46     19.17    832.50    700.14      0.00      0
1      6160 14.0       2.34e+08     72.81    291.19  -3673.69   -233.15      0.00      1
1      6161 14.0       2.51e+08     81.74    234.12   3662.77  -3899.14      0.00      0
1      6162 14.0       1.55e+08     80.65    283.65  -2192.47 -11010.50      0.00      0
1      6163 14.0       4.37e+08     77.40    136.37  -1066.21   3815.07      0.00      1
1      6164 14.0       1.10e+08     80.40    195.72   2488.75   -764.15      0.00      0
1      6165 14.0       5.50e+08     76.73    313.56  -2992.92   1873.75      0.00      1
1      6166 14.0       3.98e+08     80.73     63.73   4966.64   3081.73      0.00      1
1      6167 14.0       1.20e+08     66.60    165.19   -507.77  -7962.78      0.00      0
1      6168 14.0       8.91e+08     82.35    197.09   4828.50  -2257.20      0.00      1
1      6169 14.0       5.01e+08     87.12     33.53  -3304.50  -2397.58      0.00      0
1      6170 14.0       5.01e+08     83.02    303.73   5827.02   5094.98      0.00      0
1      6171 14.0       5.01e+08     73.77    164.14    602.24   -174.21      0.00      1
1      6172 14.0       3.55e+08     73.11    178.04   4398.88   3638.95      0.00      1
1      6173 14.0       3.16e+08     65.98    126.78  -2643.11   3868.40      0.00      0
1      6174 14.0       5.13e+08     78.00     26.61  -1281.84  -2487.65      0.00      1
1      6175 14.0       5.13e+08     86.17    359.83  -4045.99  -4275.21      0.00      0
1      6176 14.0       1.17e+08     83.68    340.51  -3660.42   1537.66      0.00      0
1      6177 14.0       3.31e+08     85.27    141.22   4833.69  -6734.86      0.00      0
1      6178 14.0       4.47e+08     68.59    173.50   2432.44   4385.55      0.00      0
1      6179 14.0       3.16e+08     85.13    274.61   -818.91 -10258.48      0.00      0
1      6180 14.0       3.24e+08     81.79    171.54    743.36  -5976.85      0.00      1
1      6181 14.0       3.89e+08     86.64    223.55   3340.11   -990.76      0.00      0
1      6182 14.0       4.07e+08     67.60    253.80  -4383.93   -822.07      0.00      0
1      6183 14.0       4.90e+08     75.92    244.95  -2925.57   2582.79      0.00      1
1      6184 14.0       2.69e+08     68.11    136.81   -196.81   1873.28      0.00      0
1      6185 14.0       3.31e+08     75.92    253.19  -3388.19    529.70      0.00      1
1      6186 14.0       7.24e+08     72.06    344.03  -2804.22  -5496.32      0.00      1
1      6187 14.0       9.33e+08     72.24    145.32   1240.58   -763.53      0.00      1
1      6188 14.0       4.90e+08     78.07    224.60   3869.34  -9691.46      0.00      1
1      6189 14.0       1.45e+08     86.30    131.17   3398.93  -6835.37      0.00      0
1      6190 14.0       1.12e+08     69.59     83.69  -1590.11  -7541.06      0.00      0
1      6191 14.0       6.46e+08     86.87     10.31  -4051.15  -7646.21      0.00      0
1      6192 14.0       4.57e+08     69.92     94.34  -2270.41   4768.33      0.00      1
1      6193 14.0       4.17e+08     86.11    297.49   1645.98 -10427.58      0.00      0
1      6194 14.0       1.78e+08     74.51    359.27   4453.09  -5194.25      0.00      0
1      6195 14.0       3.89e+08     78.73     25.18      9.07  -9443.88      0.00      1
1      6196 14.0       1.23e+08     80.20    160.53   2524.33  -9852.72      0.00      0
1      6197 14.0       3.31e+08     85.58    143.02   4462.36  -7702.06      0.00      0
1      6198 14.0       6.92e+08     78.46    232.92  -3840.05 -11260.74      0.00      1
1      6199 14.0       2.51e+08     87.82     90.52   4276.77  -4731.52      0.00      0
