1      1700 14.0       4.17e+09     69.41     33.77   1461.60  -5667.43      0.00      1
1      1701 14.0       6.92e+09     68.40    329.68   3448.68   4527.11      0.00      1
1      1702 14.0       7.59e+10     84.21    196.32  -2964.66   4551.24      0.00      1
1      1703 14.0       4.57e+10     72.44    255.88   1138.31   1992.04      0.00      1
1      1704 14.0       2.14e+10     80.37    296.58   6102.14   -737.00      0.00      1
1      1705 14.0       4.17e+09     67.15    194.79   -457.26  -6821.95      0.00      1
1      1706 14.0       9.77e+09     87.59    246.45   3047.99 -10695.66      0.00      1
1      1707 14.0       1.58e+09     68.42    133.30   4460.33   -967.50      0.00      0
1      1708 14.0       6.61e+09     71.00    157.75   4007.05  -1231.32      0.00      1
1      1709 14.0       2.34e+10     81.36    319.05  -2023.87  -4784.19      0.00      1
1      1710 14.0       6.46e+10     74.12     39.32  -1319.46  -3959.55      0.00      1
1      1711 14.0       1.70e+09     65.44    200.86   4041.23  -4164.82      0.00      0
1      1712 14.0       4.37e+10     82.11      4.94  -1529.04  -7058.57      0.00      1
1      1713 14.0       1.91e+10     82.72     85.75  -1730.83  -7265.01      0.00      1
1      1714 14.0       1.74e+10     67.62      3.49  -3066.79  -6980.28      0.00      1
1      1715 14.0       1.66e+10     70.37     10.21   3505.19  -6498.33      0.00      1
1      1716 14.0       9.55e+09     71.93    341.94  -2377.38 -10478.08      0.00      1
1      1717 14.0       1.74e+09     87.46     65.84   2067.52  -4094.87      0.00      0
1      1718 14.0       5.89e+09     69.85    288.60   4751.23  -4723.80      0.00      1
1      1719 14.0       5.01e+09     67.44     68.23   3882.71  -8646.19      0.00      0
1      1720 14.0       2.95e+09     71.58    331.61   5463.51  -8660.47      0.00      1
1      1721 14.0       2.95e+09     78.45    348.39    -15.41  -7676.53      0.00      1
1      1722 14.0       5.50e+10     72.74     45.17  -4171.44  -4370.03      0.00      1
1      1723 14.0       1.62e+09     77.18    258.30  -2897.08   1803.06      0.00      1
1      1724 14.0       6.92e+09     74.75     87.60  -1583.20  -9220.41      0.00      1
1      1725 14.0       1.15e+10     70.04    337.36   6156.41   -646.95      0.00      1
1      1726 14.0       2.29e+10     83.87    340.81   4036.47 -11190.37      0.00      1
1      1727 14.0       5.50e+10     80.58     16.35   2114.33  -9719.98      0.00      1
1      1728 14.0       2.40e+10     68.78    192.90   1552.76  -4101.65      0.00      1
1      1729 14.0       3.89e+09     65.41     46.61   -564.04  -6138.54      0.00      0
1      1730 14.0       1.45e+10     75.69    208.82  -1870.03  -9846.16      0.00      1
1      1731 14.0       1.05e+10     66.49    175.97  -1223.93  -1708.05      0.00      1
1      1732 14.0       2.82e+10     82.14    224.58     82.51  -6821.73      0.00      1
1      1733 14.0       1.38e+09     83.37    222.70   2186.24  -8107.67      0.00      1
1      1734 14.0       1.35e+10     71.64    269.80    197.42  -1452.86      0.00      1
1      1735 14.0       7.08e+10     75.13    207.90   5266.08  -6164.47      0.00      1
1      1736 14.0       1.15e+09     65.85    339.90  -2014.08  -7227.60      0.00      0
1      1737 14.0       7.59e+09     87.10     59.33   4976.79 -11136.05      0.00      1
1      1738 14.0       1.70e+09     65.96    178.77    403.94   4183.57      0.00      0
1      1739 14.0       1.29e+09     73.01    328.61   -946.09   2692.78      0.00      1
1      1740 14.0       2.69e+10     85.45    169.47    112.42   4602.54      0.00      1
1      1741 14.0       3.39e+10     68.51    195.16    150.55  -9745.60      0.00      1
1      1742 14.0       7.76e+09     72.35    241.18  -1769.06  -1735.51      0.00      1
1      1743 14.0       8.32e+09     65.98    334.98  -3961.42   -242.72      0.00      0
1      1744 14.0       1.12e+10     65.69    284.60  -3500.73   -267.03      0.00      1
1      1745 14.0       4.07e+10     66.89    142.89   5356.37  -1607.87      0.00      0
1      1746 14.0       1.51e+10     72.36     38.61   -213.23  -6335.65      0.00      1
1      1747 14.0       5.25e+09     68.86    134.58   4405.02 -10064.88      0.00      0
1      1748 14.0       2.88e+10     87.07    243.11   2208.77  -8821.80      0.00      1
1      1749 14.0       2.14e+10     76.69    240.85   1377.33  -4764.18      0.00      1
1      1750 14.0       3.80e+10     85.39    266.29   4230.80   3069.12      0.00      1
1      1751 14.0       3.98e+09     76.38     82.93   2345.07  -5594.81      0.00      1
1      1752 14.0       1.17e+09     74.26     60.85   1821.72  -8440.81      0.00      1
1      1753 14.0       1.95e+09     66.44    312.55   5272.18   3353.46      0.00      0
1      1754 14.0       1.38e+09     68.55    123.91   2928.53   1976.90      0.00      0
1      1755 14.0       3.24e+09     85.90    286.11   4172.41  -5289.42      0.00      1
1      1756 14.0       1.70e+10     67.68    210.58   -205.25   1427.51      0.00      1
1      1757 14.0       3.39e+10     82.28     78.92   3654.46  -7628.24      0.00      1
1      1758 14.0       6.61e+10     80.49     33.41    207.80   -459.62      0.00      1
1      1759 14.0       6.03e+10     71.76    187.11  -3505.42  -8241.53      0.00      1
1      1760 14.0       2.45e+09     86.57    316.00   4511.99 -10090.49      0.00      1
1      1761 14.0       5.37e+10     85.19    136.33   3239.63  -3714.53      0.00      1
1      1762 14.0       1.38e+09     75.34    313.29   4671.70    406.68      0.00      1
1      1763 14.0       9.77e+10     81.83    290.01   -731.85  -8467.91      0.00      1
1      1764 14.0       4.17e+10     72.42    144.03    411.35   1674.43      0.00      1
1      1765 14.0       2.34e+09     87.93    359.57  -1257.62 -10766.53      0.00      0
1      1766 14.0       3.09e+09     83.49     86.28   -272.33   2179.14      0.00      1
1      1767 14.0       4.17e+09     81.98    280.52   3405.78  -7470.58      0.00      1
1      1768 14.0       5.50e+10     73.65    340.03  -2960.44  -9624.69      0.00      1
1      1769 14.0       8.51e+10     70.28    173.46  -2884.58   4578.66      0.00      1
1      1770 14.0       9.77e+09     68.59    203.39   3132.06   2605.26      0.00      1
1      1771 14.0       7.24e+09     70.38    358.03  -2154.01   -462.11      0.00      1
1      1772 14.0       7.94e+09     72.77    225.83   2986.15  -7839.55      0.00      0
1      1773 14.0       1.62e+10     78.72     65.61   4787.68    475.39      0.00      1
1      1774 14.0       3.47e+09     84.74     43.28  -3134.64  -3370.13      0.00      1
1      1775 14.0       8.91e+10     84.65    101.07  -2467.18  -8139.97      0.00      1
1      1776 14.0       1.55e+09     83.93    224.78   3889.25  -8744.59      0.00      1
1      1777 14.0       3.39e+09     87.38    340.27   1030.36  -5416.97      0.00      1
1      1778 14.0       1.38e+10     71.11    290.09  -1364.57  -9590.28      0.00      1
1      1779 14.0       4.90e+09     73.25    255.33  -1669.54  -4190.48      0.00      1
1      1780 14.0       1.55e+09     72.13    156.99   5135.84  -7188.89      0.00      1
1      1781 14.0       1.48e+10     76.43    337.17   6445.20   2140.58      0.00      1
1      1782 14.0       2.69e+10     86.64    290.65  -1568.09  -4224.68      0.00      1
1      1783 14.0       5.01e+10     76.62    225.21   -593.40  -9525.36      0.00      1
1      1784 14.0       1.20e+10     87.46    287.19   -148.98   1606.61      0.00      1
1      1785 14.0       1.35e+09     81.33    328.53   6315.72   5176.54      0.00      0
1      1786 14.0       1.58e+10     87.13    333.85  -3374.83  -9701.61      0.00      1
1      1787 14.0       5.25e+10     72.45    302.39  -3899.11  -7527.20      0.00      1
1      1788 14.0       3.39e+10     76.58     26.25  -3243.63  -9822.89      0.00      1
1      1789 14.0       4.17e+09     79.63    250.22    176.48  -3785.01      0.00      1
1      1790 14.0       1.41e+09     78.37    228.57   6136.11   -693.88      0.00      1
1      1791 14.0       1.82e+10     67.61    283.50  -2509.19  -5524.50      0.00      1
1      1792 14.0       4.07e+10     68.38     94.56   -981.08  -7339.63      0.00      0
1      1793 14.0       8.71e+09     67.13    192.66   4775.17  -8929.63      0.00      1
1      1794 14.0       3.02e+09     85.98     93.64  -1283.93   -744.23      0.00      1
1      1795 14.0       1.17e+10     67.35     66.18   1890.93 -10221.39      0.00      0
1      1796 14.0       1.74e+09     83.00     61.76   3000.08  -9625.96      0.00      1
1      1797 14.0       1.41e+09     87.30    185.64   1964.31   -329.93      0.00      0
1      1798 14.0       5.89e+09     86.96    264.87   6222.24   1979.87      0.00      1
1      1799 14.0       1.23e+09     75.39     68.76   5079.66  -9783.24      0.00      1
