1    101200 5626.0     6.03e+09     86.26    165.35  -4060.95  -4515.85      0.00      1
1    101201 5626.0     4.47e+09     65.65    219.96    265.32  -7361.81      0.00      0
1    101202 5626.0     5.62e+09     81.95    155.07  -4399.40   4329.29      0.00      1
1    101203 5626.0     4.68e+09     75.27    214.48   1305.09  -7384.51      0.00      1
1    101204 5626.0     1.70e+09     69.90     55.15   1223.64  -8961.91      0.00      1
1    101205 5626.0     9.12e+10     68.02    330.65  -1793.62  -5494.72      0.00      1
1    101206 5626.0     1.12e+09     80.95    308.61   4255.67  -9388.89      0.00      1
1    101207 5626.0     7.08e+09     81.64     48.16  -3666.97   2416.73      0.00      1
1    101208 5626.0     6.61e+09     84.71     29.39   5255.98  -9119.15      0.00      1
1    101209 5626.0     5.62e+10     69.80     68.49   3162.56  -7701.76      0.00      0
1    101210 5626.0     1.05e+09     66.37    112.92  -1939.00   2731.32      0.00      1
1    101211 5626.0     1.82e+10     69.27    217.15   2109.99 -10668.35      0.00      1
1    101212 5626.0     2.75e+10     70.48    301.32   3955.51  -3743.53      0.00      1
1    101213 5626.0     1.66e+09     65.28     19.34   4473.38  -7190.40      0.00      1
1    101214 5626.0     2.14e+09     72.79    155.23  -2918.23    -70.29      0.00      1
1    101215 5626.0     5.13e+10     70.60    247.50   2857.30    323.87      0.00      1
1    101216 5626.0     1.91e+09     74.77    260.44   2669.74  -2990.65      0.00      1
1    101217 5626.0     1.45e+09     67.01    125.14  -1936.99  -8242.13      0.00      0
1    101218 5626.0     2.19e+10     80.13    123.25   -565.57  -3129.94      0.00      1
1    101219 5626.0     2.29e+10     69.95    167.05   4690.77   3831.15      0.00      0
1    101220 5626.0     1.32e+10     83.83     42.38   4441.53  -5765.31      0.00      1
1    101221 5626.0     1.07e+10     85.91    274.52  -3011.97  -3071.79      0.00      1
1    101222 5626.0     5.50e+09     73.54    268.02    826.67  -7029.67      0.00      1
1    101223 5626.0     1.70e+09     65.73    284.98    175.78  -3892.61      0.00      0
1    101224 5626.0     1.45e+10     84.45    198.82    509.23  -8487.72      0.00      1
1    101225 5626.0     7.24e+10     85.29    208.01   3445.17  -8095.22      0.00      1
1    101226 5626.0     5.37e+10     65.54    198.00   4791.96  -7584.90      0.00      0
1    101227 5626.0     6.03e+09     73.91    342.70   3056.72  -7579.80      0.00      1
1    101228 5626.0     1.10e+10     67.31     85.99  -3894.99  -8079.94      0.00      0
1    101229 5626.0     4.47e+10     69.99      3.49   -649.16 -11063.02      0.00      1
1    101230 5626.0     2.09e+09     70.77     21.09  -3906.22  -2421.69      0.00      1
1    101231 5626.0     3.02e+10     77.25     24.81  -3681.47    765.15      0.00      1
1    101232 5626.0     1.35e+10     82.45    336.19   2918.56  -2944.07      0.00      1
1    101233 5626.0     9.55e+10     66.74    329.33    750.82   4204.01      0.00      0
1    101234 5626.0     5.50e+10     79.21     97.18     87.66  -7052.79      0.00      1
1    101235 5626.0     2.88e+10     83.14    320.53  -1496.43  -4446.63      0.00      1
1    101236 5626.0     8.71e+09     68.67    229.26   3460.47   1744.63      0.00      1
1    101237 5626.0     1.55e+09     73.52    228.79   5686.84   2645.27      0.00      1
1    101238 5626.0     1.48e+10     69.71    164.16   3189.82   -838.48      0.00      1
1    101239 5626.0     1.62e+10     65.45     87.85    634.46 -10350.91      0.00      0
1    101240 5626.0     3.98e+10     79.10     46.62   3710.82   3924.18      0.00      1
1    101241 5626.0     1.62e+09     84.75    147.55   2458.28   1253.76      0.00      1
1    101242 5626.0     2.51e+10     72.75      0.68   3427.27   4112.37      0.00      1
1    101243 5626.0     7.94e+09     83.62    206.22  -1530.39  -4679.46      0.00      1
1    101244 5626.0     1.58e+10     65.16    252.45   2704.12    -34.95      0.00      1
1    101245 5626.0     4.79e+09     74.22    343.14   2139.47 -10459.38      0.00      1
1    101246 5626.0     2.88e+09     71.28     45.70  -3612.26   4212.42      0.00      1
1    101247 5626.0     6.03e+10     68.45     99.35  -4031.86   3002.37      0.00      0
1    101248 5626.0     5.13e+09     87.37    142.30   3983.56 -10098.63      0.00      1
1    101249 5626.0     6.17e+10     77.76     27.49  -1558.99 -11050.34      0.00      1
1    101250 5626.0     2.04e+09     68.91    320.80  -3009.72 -10015.86      0.00      1
1    101251 5626.0     8.13e+09     65.69    121.67  -2773.52  -9200.33      0.00      0
1    101252 5626.0     2.34e+09     83.29    134.25  -3455.14   -405.52      0.00      1
1    101253 5626.0     1.86e+10     78.71    222.54  -4278.49   2718.16      0.00      1
1    101254 5626.0     1.74e+09     67.53    236.70  -3006.53   -749.89      0.00      1
1    101255 5626.0     8.32e+09     83.95    239.07   3216.81  -1064.88      0.00      1
1    101256 5626.0     7.08e+10     86.98    273.70   6045.21  -1528.16      0.00      1
1    101257 5626.0     1.00e+10     80.81    246.15   4450.61  -2435.40      0.00      1
1    101258 5626.0     3.02e+09     83.97    224.86   2656.67   -803.59      0.00      1
1    101259 5626.0     4.68e+09     77.46    123.51  -2580.02   2421.25      0.00      1
1    101260 5626.0     5.01e+09     75.21    244.39    204.21  -7742.37      0.00      1
1    101261 5626.0     3.47e+09     87.51    271.07    650.72   1395.05      0.00      1
1    101262 5626.0     1.20e+09     82.41     50.90  -4271.86   -668.01      0.00      1
1    101263 5626.0     1.62e+09     74.79    215.85   1952.22  -6559.59      0.00      1
1    101264 5626.0     7.24e+09     69.32      5.44    267.95  -5272.16      0.00      1
1    101265 5626.0     1.23e+09     80.15    209.33   -231.92   5073.48      0.00      1
1    101266 5626.0     2.40e+10     67.65    262.85   5347.03   2085.49      0.00      0
1    101267 5626.0     2.57e+09     73.14    298.75   6196.04  -8427.85      0.00      1
1    101268 5626.0     4.57e+10     85.58    190.69  -2775.06  -4883.99      0.00      1
1    101269 5626.0     4.90e+10     74.69    337.22   -522.82  -2317.57      0.00      1
1    101270 5626.0     4.27e+09     81.59    182.46  -2176.31 -10303.88      0.00      1
1    101271 5626.0     9.33e+10     74.92    111.97  -2220.49  -3831.37      0.00      1
1    101272 5626.0     4.90e+09     78.28    349.58   1799.41  -4337.75      0.00      1
1    101273 5626.0     4.57e+09     68.42    139.77  -2656.82 -11112.10      0.00      1
1    101274 5626.0     2.00e+10     82.34    134.94   1430.69 -11140.84      0.00      1
1    101275 5626.0     1.17e+10     81.68    287.19   4628.48  -7531.60      0.00      1
1    101276 5626.0     2.34e+10     75.03    329.60  -2812.74  -2216.80      0.00      1
1    101277 5626.0     6.61e+10     86.42    268.01   1553.67  -1196.61      0.00      1
1    101278 5626.0     4.37e+09     84.28    148.57  -3621.43    847.39      0.00      1
1    101279 5626.0     2.57e+10     75.90    277.41   6417.93  -6157.18      0.00      1
1    101280 5626.0     4.37e+09     65.75    330.02  -1174.22   3647.64      0.00      1
1    101281 5626.0     6.31e+10     69.38     38.23  -2703.67  -2453.27      0.00      1
1    101282 5626.0     3.89e+10     79.31    252.67    666.48  -5526.80      0.00      1
1    101283 5626.0     3.16e+10     74.52     35.12    607.61  -2809.53      0.00      1
1    101284 5626.0     5.13e+09     71.53    320.60  -2398.45  -4195.90      0.00      1
1    101285 5626.0     4.90e+10     82.00    311.07   2339.90  -2286.20      0.00      1
1    101286 5626.0     3.39e+09     87.49     18.87  -1739.57  -2070.59      0.00      1
1    101287 5626.0     5.13e+10     75.74     28.41   2612.98   2672.24      0.00      1
1    101288 5626.0     6.31e+10     73.21     37.43  -2162.78  -9642.19      0.00      1
1    101289 5626.0     1.82e+10     81.40    110.73   3802.95   -514.06      0.00      1
1    101290 5626.0     5.50e+09     86.07     96.34   3460.80  -4461.89      0.00      1
1    101291 5626.0     4.68e+09     69.13    194.37   5623.13  -6150.11      0.00      1
1    101292 5626.0     4.47e+10     80.11    246.47    220.21 -11038.84      0.00      1
1    101293 5626.0     5.25e+09     67.89    167.45   4436.95  -3181.21      0.00      1
1    101294 5626.0     3.80e+09     77.93    104.20  -2093.78   2851.16      0.00      1
1    101295 5626.0     1.86e+10     75.76    332.10    520.59  -1735.09      0.00      1
1    101296 5626.0     1.17e+09     69.92     93.18    155.34  -9747.32      0.00      1
1    101297 5626.0     2.88e+10     82.61    333.62  -1749.06 -11283.63      0.00      1
1    101298 5626.0     6.46e+09     70.49     24.84   5843.99  -1630.59      0.00      1
1    101299 5626.0     3.89e+09     80.79    254.94  -1520.53   4738.56      0.00      1
