1    100000 5626.0     1.35e+10     72.03     74.48   -703.62   -727.18      0.00      1
1    100001 5626.0     6.31e+09     73.95    212.01   5593.76  -8769.17      0.00      1
1    100002 5626.0     4.37e+10     69.75     74.91  -4235.50  -5885.81      0.00      1
1    100003 5626.0     5.75e+10     78.07    228.88   5373.78 -10564.49      0.00      1
1    100004 5626.0     1.38e+09     71.11    202.59   5008.39  -2570.21      0.00      1
1    100005 5626.0     8.13e+09     67.42      1.57   3909.61    558.05      0.00      1
1    100006 5626.0     1.10e+09     80.15    229.04   5028.20   3242.39      0.00      1
1    100007 5626.0     4.79e+09     85.75     70.01  -2503.36  -9768.25      0.00      1
1    100008 5626.0     1.45e+09     85.81    296.07   -170.73    -72.54      0.00      1
1    100009 5626.0     2.88e+10     66.87     12.41   -638.45  -5979.56      0.00      1
1    100010 5626.0     2.69e+10     77.30     72.92  -2713.30   2341.48      0.00      1
1    100011 5626.0     6.46e+10     78.22    245.74  -3703.86  -8469.57      0.00      1
1    100012 5626.0     1.55e+10     83.98    265.05  -4390.89   -755.38      0.00      1
1    100013 5626.0     1.38e+09     83.69    124.98   1360.46  -3167.29      0.00      1
1    100014 5626.0     3.24e+09     76.79    304.29   2052.25   1639.32      0.00      1
1    100015 5626.0     2.45e+10     83.98    157.44   2643.05    381.47      0.00      1
1    100016 5626.0     1.41e+10     69.48    334.88   3565.57  -2693.46      0.00      1
1    100017 5626.0     2.40e+09     84.01    182.45  -1029.55  -9243.18      0.00      1
1    100018 5626.0     7.08e+10     80.15     52.62  -2810.47   3749.59      0.00      1
1    100019 5626.0     7.94e+09     66.69     38.42   1818.43  -1033.71      0.00      1
1    100020 5626.0     3.72e+09     81.84    148.33   3469.93    -34.80      0.00      1
1    100021 5626.0     1.95e+10     84.18     39.20   2817.57  -2438.79      0.00      1
1    100022 5626.0     8.71e+09     68.39    330.50  -3684.65  -9094.39      0.00      0
1    100023 5626.0     3.16e+10     71.42    299.67   4166.08   2105.17      0.00      1
1    100024 5626.0     1.38e+09     70.21    319.80   3664.76  -6693.62      0.00      1
1    100025 5626.0     6.92e+09     81.76    280.84  -3763.09  -3702.21      0.00      1
1    100026 5626.0     3.02e+09     81.59    198.03   3614.17  -8241.43      0.00      1
1    100027 5626.0     1.12e+09     77.08    140.44  -2826.35  -9183.63      0.00      1
1    100028 5626.0     2.69e+09     65.67    196.08   1284.70  -1613.75      0.00      1
1    100029 5626.0     1.78e+10     84.61    128.95    832.51  -7480.45      0.00      1
1    100030 5626.0     1.86e+10     68.42    299.54   3043.61   -733.17      0.00      1
1    100031 5626.0     5.50e+09     85.70    232.84    146.71   1490.56      0.00      1
1    100032 5626.0     8.71e+10     77.44    125.03   5487.38  -9344.45      0.00      1
1    100033 5626.0     3.31e+10     84.93     86.93   3848.16   -593.98      0.00      1
1    100034 5626.0     2.09e+10     78.09     12.87   3410.65   4227.95      0.00      1
1    100035 5626.0     6.03e+09     84.91    243.37   2953.45  -9194.28      0.00      1
1    100036 5626.0     1.35e+10     73.88    256.63   1837.45  -1799.92      0.00      1
1    100037 5626.0     2.14e+10     79.64    273.76   -433.37  -2998.21      0.00      1
1    100038 5626.0     1.05e+10     85.21     95.43   4315.61   1283.76      0.00      1
1    100039 5626.0     2.82e+09     77.27    339.40  -3082.69   1625.32      0.00      1
1    100040 5626.0     1.82e+09     86.32    283.76  -3947.22  -7472.51      0.00      0
1    100041 5626.0     2.09e+10     68.62    283.32   3991.72  -5100.73      0.00      1
1    100042 5626.0     6.17e+10     71.67    120.97  -1803.18  -6140.01      0.00      0
1    100043 5626.0     3.24e+10     79.07    198.37  -1127.15   2427.03      0.00      1
1    100044 5626.0     1.12e+09     65.22    336.11   -550.79  -7889.34      0.00      0
1    100045 5626.0     3.02e+10     67.55     73.60  -1935.54   1064.43      0.00      1
1    100046 5626.0     2.63e+10     78.42    217.01   3551.93    152.20      0.00      1
1    100047 5626.0     1.62e+10     83.19    231.15  -3748.76  -1803.80      0.00      1
1    100048 5626.0     3.47e+10     75.31     23.38  -4394.90   -889.75      0.00      1
1    100049 5626.0     5.13e+09     87.23    192.99   5314.21   1873.82      0.00      1
1    100050 5626.0     1.95e+10     80.07    341.25  -2951.25  -1994.80      0.00      1
1    100051 5626.0     1.51e+09     77.86     42.09   4908.64    807.76      0.00      1
1    100052 5626.0     1.05e+09     81.85    108.63     23.37   1528.93      0.00      1
1    100053 5626.0     1.58e+10     75.57    232.17   2342.70   3566.67      0.00      1
1    100054 5626.0     4.37e+10     69.45    111.88   1739.56  -3050.34      0.00      1
1    100055 5626.0     2.75e+10     71.58    249.83  -3417.33  -2652.12      0.00      1
1    100056 5626.0     6.46e+10     70.23    341.49   -202.51  -1879.92      0.00      1
1    100057 5626.0     4.07e+09     81.46    200.39  -2542.47   4404.21      0.00      1
1    100058 5626.0     1.82e+10     67.91    288.05   3612.04   -645.10      0.00      1
1    100059 5626.0     1.23e+10     86.71    295.84  -4356.79  -1858.73      0.00      1
1    100060 5626.0     1.62e+09     69.45    280.38     52.79  -4242.58      0.00      1
1    100061 5626.0     1.05e+10     70.01     40.81  -1551.13  -6477.33      0.00      1
1    100062 5626.0     1.10e+10     74.23    327.36   6268.11  -2601.08      0.00      1
1    100063 5626.0     2.34e+10     72.38    126.54   4083.46  -2891.55      0.00      1
1    100064 5626.0     6.46e+10     80.62    124.18   1376.62 -10521.51      0.00      1
1    100065 5626.0     2.75e+09     86.66    344.42   -777.25   2434.46      0.00      1
1    100066 5626.0     7.76e+10     82.00    356.23  -1828.97  -9430.89      0.00      1
1    100067 5626.0     5.62e+10     81.76    221.32   2728.83  -4859.16      0.00      1
1    100068 5626.0     6.03e+10     71.67    135.88  -4284.49    535.70      0.00      1
1    100069 5626.0     3.02e+10     72.53     12.64  -4118.20   4982.12      0.00      1
1    100070 5626.0     1.86e+10     69.08    186.83   3131.01 -10638.88      0.00      0
1    100071 5626.0     5.01e+10     72.26     61.61   4003.14  -5181.48      0.00      1
1    100072 5626.0     3.24e+09     65.61     67.34   4387.54   1759.82      0.00      1
1    100073 5626.0     1.05e+09     67.81    277.13    656.40   -824.61      0.00      1
1    100074 5626.0     1.62e+10     81.06    265.13   3623.69   2719.98      0.00      1
1    100075 5626.0     1.45e+09     70.25     56.21   6349.91      7.44      0.00      1
1    100076 5626.0     3.24e+09     65.16    226.97    820.41  -6748.29      0.00      0
1    100077 5626.0     8.13e+10     79.33    133.34    883.02  -1364.63      0.00      1
1    100078 5626.0     6.61e+09     70.10    349.49   6358.52    851.90      0.00      1
1    100079 5626.0     5.62e+09     73.13    309.60   5243.30  -5874.81      0.00      1
1    100080 5626.0     5.37e+09     82.52    134.93   4820.35   3409.10      0.00      1
1    100081 5626.0     1.45e+10     83.98     57.32   2441.06   4774.08      0.00      1
1    100082 5626.0     3.89e+09     78.53    230.75    965.21  -3765.78      0.00      1
1    100083 5626.0     6.92e+09     78.84    183.16  -2122.66 -10386.20      0.00      1
1    100084 5626.0     2.24e+09     82.19    245.38    112.40  -3700.14      0.00      1
1    100085 5626.0     7.24e+10     75.60    177.41   5774.06  -3746.60      0.00      1
1    100086 5626.0     3.31e+10     73.99     80.68   3365.01   5001.01      0.00      1
1    100087 5626.0     9.77e+10     84.81    176.90  -2533.08   1460.44      0.00      1
1    100088 5626.0     2.00e+10     69.13    271.91  -2901.44  -6324.36      0.00      1
1    100089 5626.0     6.03e+09     70.65     84.44   1954.67  -2420.21      0.00      1
1    100090 5626.0     4.07e+10     81.23    184.20  -2871.94  -5436.59      0.00      1
1    100091 5626.0     2.63e+09     83.48    268.02   1604.90   3127.67      0.00      1
1    100092 5626.0     8.51e+10     84.49     69.11  -2444.49  -9424.76      0.00      1
1    100093 5626.0     1.58e+09     86.74     86.90   3266.32   2116.74      0.00      0
1    100094 5626.0     2.40e+10     79.79    296.21   -970.79   -494.36      0.00      1
1    100095 5626.0     2.75e+09     80.33     59.46  -1970.68  -2944.74      0.00      1
1    100096 5626.0     7.08e+10     86.75      3.61  -3309.24   1828.40      0.00      1
1    100097 5626.0     6.61e+09     79.60      6.72   2376.67   1107.11      0.00      1
1    100098 5626.0     1.78e+09     69.89    198.95   6490.39  -9252.19      0.00      0
1    100099 5626.0     1.62e+10     83.74     37.35  -1581.84  -5843.22      0.00      1
