1    101700 5626.0     2.34e+09     78.52    175.54   -931.51   4249.43      0.00      1
1    101701 5626.0     3.55e+10     78.15    211.99   2748.79  -5331.31      0.00      1
1    101702 5626.0     5.50e+10     79.89    351.17   6277.19   2807.84      0.00      1
1    101703 5626.0     5.75e+10     78.80    300.40   4099.67 -10730.79      0.00      1
1    101704 5626.0     3.02e+10     80.62    100.68   3160.41  -1493.40      0.00      1
1    101705 5626.0     2.14e+10     77.73    352.84   4089.43   2830.56      0.00      1
1    101706 5626.0     9.33e+10     73.99    101.36    985.31 -10848.71      0.00      1
1    101707 5626.0     2.69e+10     80.74    184.87   1647.64 -10552.08      0.00      1
1    101708 5626.0     2.29e+10     86.07    211.76   3195.65  -3052.03      0.00      1
1    101709 5626.0     4.57e+09     65.19    254.92    -48.84  -6406.96      0.00      1
1    101710 5626.0     2.09e+09     79.63    225.21    -74.34  -6305.04      0.00      1
1    101711 5626.0     1.82e+10     66.67    172.48   6398.10  -8447.40      0.00      0
1    101712 5626.0     3.63e+10     82.96     63.87   4082.88   4808.36      0.00      1
1    101713 5626.0     2.88e+10     80.29    283.98  -3920.63   1566.15      0.00      1
1    101714 5626.0     5.62e+10     77.54     44.03   3083.52    441.59      0.00      1
1    101715 5626.0     9.33e+10     65.04    179.85   4714.84  -4034.74      0.00      1
1    101716 5626.0     1.45e+10     75.85    191.82  -1753.36   1607.13      0.00      1
1    101717 5626.0     2.14e+09     74.47    129.31  -2919.16  -4750.18      0.00      1
1    101718 5626.0     2.51e+10     85.15    101.11   5221.90  -4553.66      0.00      1
1    101719 5626.0     6.46e+09     79.46    134.22  -1448.89  -6911.88      0.00      1
1    101720 5626.0     7.94e+10     74.93     78.25   5057.76  -8713.50      0.00      1
1    101721 5626.0     1.23e+09     65.28    314.56   -258.07  -7059.87      0.00      0
1    101722 5626.0     2.51e+10     83.50     54.52  -1114.15  -5076.41      0.00      1
1    101723 5626.0     3.24e+09     86.01     23.27   -914.90  -4479.17      0.00      1
1    101724 5626.0     1.07e+10     74.52    147.56   2918.39  -6467.62      0.00      0
1    101725 5626.0     1.82e+10     66.14     83.70    415.39   -725.47      0.00      1
1    101726 5626.0     1.45e+09     75.14    294.12   2982.20  -4942.04      0.00      1
1    101727 5626.0     7.76e+09     69.48    325.54  -2277.57  -6091.31      0.00      1
1    101728 5626.0     2.82e+09     69.82     21.02   -581.22   1738.24      0.00      1
1    101729 5626.0     1.02e+10     86.27     80.49   -625.65  -8593.40      0.00      1
1    101730 5626.0     4.27e+10     71.45    283.51  -2951.19  -7724.93      0.00      1
1    101731 5626.0     3.89e+09     71.11    314.19   1327.61   2888.11      0.00      1
1    101732 5626.0     1.00e+10     68.72    272.01  -3498.80  -4534.41      0.00      1
1    101733 5626.0     1.62e+09     78.85    285.96   5855.77   5163.33      0.00      1
1    101734 5626.0     9.33e+10     67.21    173.12  -2038.99   2270.82      0.00      1
1    101735 5626.0     5.50e+10     72.96    109.65  -3093.03 -10542.68      0.00      1
1    101736 5626.0     1.51e+09     77.83    225.47   2724.79  -3124.79      0.00      1
1    101737 5626.0     4.90e+09     76.56    254.15  -3355.62  -1278.63      0.00      1
1    101738 5626.0     1.55e+10     84.91    157.31   2906.80  -7043.61      0.00      1
1    101739 5626.0     4.27e+09     84.21    154.25    -95.17    817.71      0.00      1
1    101740 5626.0     1.32e+09     68.44    210.08   5007.54  -3091.77      0.00      1
1    101741 5626.0     4.47e+10     66.95     18.09   3113.43   2522.06      0.00      1
1    101742 5626.0     2.88e+10     69.32      6.29   4580.98  -5313.00      0.00      1
1    101743 5626.0     5.25e+10     68.59     86.18   4346.86  -8972.05      0.00      0
1    101744 5626.0     8.51e+10     65.19    199.61   -177.25  -2809.17      0.00      1
1    101745 5626.0     2.34e+09     71.35    262.16   5597.14   4220.37      0.00      0
1    101746 5626.0     1.00e+10     79.20    279.77  -2706.61  -7728.85      0.00      1
1    101747 5626.0     4.07e+10     65.87     57.03   1485.75  -1075.76      0.00      1
1    101748 5626.0     3.89e+09     69.33     74.72  -1377.27    696.23      0.00      1
1    101749 5626.0     1.55e+09     87.70    300.50   4686.25   3827.67      0.00      0
1    101750 5626.0     6.76e+10     86.23    162.05  -3508.12   -153.51      0.00      1
1    101751 5626.0     2.00e+09     68.23     44.07  -2807.83   3866.65      0.00      0
1    101752 5626.0     9.33e+09     87.71    210.67   4341.40   2871.11      0.00      1
1    101753 5626.0     1.82e+10     81.58    117.01   -998.78    102.79      0.00      1
1    101754 5626.0     6.03e+09     78.39    338.76   -211.20  -1259.43      0.00      1
1    101755 5626.0     2.34e+10     71.42    118.75   5779.72  -2744.49      0.00      1
1    101756 5626.0     7.41e+09     81.56    251.08  -1279.71  -3164.98      0.00      1
1    101757 5626.0     2.40e+09     76.08    320.77   4031.25   3839.24      0.00      1
1    101758 5626.0     1.74e+10     68.62    120.73   3424.72  -8798.33      0.00      1
1    101759 5626.0     6.31e+09     77.09    308.01  -1062.89  -6830.67      0.00      1
1    101760 5626.0     2.51e+09     67.67    333.32   3302.17  -5164.76      0.00      1
1    101761 5626.0     2.29e+10     65.08    139.80   5236.70   2958.41      0.00      0
1    101762 5626.0     5.37e+10     68.84     38.06   -373.97  -4316.35      0.00      1
1    101763 5626.0     1.95e+09     86.73      0.91   1446.44   1044.35      0.00      1
1    101764 5626.0     1.15e+10     68.93     25.62   3873.60   2195.97      0.00      1
1    101765 5626.0     5.89e+09     81.78    298.30    832.21  -3755.37      0.00      1
1    101766 5626.0     1.70e+09     80.64    211.68     52.30   2471.20      0.00      1
1    101767 5626.0     1.95e+09     85.63     36.83   3329.60 -10959.64      0.00      1
1    101768 5626.0     4.27e+09     72.90    301.91  -4233.56  -5919.67      0.00      1
1    101769 5626.0     9.12e+09     77.13    332.23   2925.82  -3484.43      0.00      1
1    101770 5626.0     3.72e+10     77.86    238.55   4788.74  -1131.19      0.00      1
1    101771 5626.0     1.66e+09     87.11    263.63   4160.93  -7597.79      0.00      0
1    101772 5626.0     5.01e+09     71.39    113.39  -2856.76  -9826.74      0.00      1
1    101773 5626.0     1.23e+09     69.19    352.12  -2836.08  -7156.47      0.00      1
1    101774 5626.0     3.80e+09     77.03    277.88    249.48  -4224.07      0.00      1
1    101775 5626.0     1.35e+10     73.18     66.99    759.68  -6536.18      0.00      0
1    101776 5626.0     8.13e+10     84.50    191.43   4115.64  -8474.13      0.00      1
1    101777 5626.0     2.00e+10     74.35    342.62    -97.53   1237.39      0.00      1
1    101778 5626.0     1.00e+11     76.58    346.69   6053.63  -3625.10      0.00      1
1    101779 5626.0     1.74e+09     75.71     28.95   3529.33 -10789.37      0.00      1
1    101780 5626.0     2.82e+10     73.68    347.55  -3332.98   2056.04      0.00      1
1    101781 5626.0     3.39e+10     72.77     86.39   3323.89  -3922.91      0.00      1
1    101782 5626.0     2.00e+10     84.16    132.47   -252.00 -11016.87      0.00      1
1    101783 5626.0     1.00e+09     77.27     30.23   6483.54    778.30      0.00      1
1    101784 5626.0     1.02e+10     66.62    243.07  -2190.37 -10943.59      0.00      0
1    101785 5626.0     2.75e+09     77.84    136.19   4876.37   -657.32      0.00      1
1    101786 5626.0     4.27e+10     66.61    193.22   3249.64 -11014.57      0.00      0
1    101787 5626.0     1.45e+09     65.72      6.65   6024.84  -6560.53      0.00      1
1    101788 5626.0     2.69e+09     72.07    316.47   2697.65   2364.46      0.00      1
1    101789 5626.0     3.47e+09     83.21    217.68   1954.97   2947.00      0.00      1
1    101790 5626.0     4.79e+09     76.22    313.05   2586.67    767.45      0.00      1
1    101791 5626.0     1.55e+10     67.06     47.17    646.17  -5151.91      0.00      0
1    101792 5626.0     2.09e+09     78.55    275.10   -123.16  -6299.35      0.00      1
1    101793 5626.0     1.78e+09     85.84    136.96   5136.23  -4766.14      0.00      1
1    101794 5626.0     1.95e+09     72.63    188.79   2072.37  -8728.86      0.00      1
1    101795 5626.0     5.25e+09     68.66    117.34   1266.76  -4121.18      0.00      1
1    101796 5626.0     5.89e+10     70.55     26.55   3024.76  -6621.99      0.00      1
1    101797 5626.0     2.40e+10     87.71    223.87   4523.73 -10146.99      0.00      1
1    101798 5626.0     7.41e+10     73.21     46.74   5181.18  -2020.48      0.00      1
1    101799 5626.0     1.35e+09     67.04    215.70    -59.63  -6936.78      0.00      1
