1    102800 5626.0     2.69e+09     76.53    321.92    413.19  -7304.39      0.00      1
1    102801 5626.0     1.48e+10     71.16     23.93   6049.40  -1685.21      0.00      1
1    102802 5626.0     6.92e+10     83.70    337.07    695.43   2076.45      0.00      1
1    102803 5626.0     9.12e+10     82.07     22.63   -598.14  -3958.98      0.00      1
1    102805 5626.0     7.94e+10     77.68    186.04   4088.76  -2143.84      0.00      1
1    102806 5626.0     5.89e+10     76.98    358.99   -769.27  -4968.13      0.00      1
1    102807 5626.0     7.59e+09     79.71    143.21   3890.31 -10097.15      0.00      1
1    102808 5626.0     1.48e+09     78.85     75.40   3994.12    424.10      0.00      1
1    102809 5626.0     1.55e+10     75.68    275.92   2992.81 -10265.58      0.00      1
1    102810 5626.0     1.55e+10     68.67     49.84   2714.72  -9157.91      0.00      1
1    102811 5626.0     1.51e+10     82.02    257.37   5568.72  -4308.46      0.00      1
1    102812 5626.0     1.35e+10     77.56    112.72    130.16   1163.54      0.00      1
1    102813 5626.0     2.34e+09     66.25      2.64   4797.48  -4859.92      0.00      1
1    102814 5626.0     6.31e+10     87.68    203.24  -3237.63   2091.15      0.00      1
1    102815 5626.0     2.04e+10     85.97    300.14   2548.19  -5035.19      0.00      1
1    102816 5626.0     2.88e+10     84.64    102.73  -4300.98  -8111.74      0.00      1
1    102817 5626.0     2.00e+10     73.28    270.49   6350.49   -746.04      0.00      1
1    102818 5626.0     2.00e+09     68.67    258.23  -3471.37  -4598.42      0.00      1
1    102819 5626.0     1.12e+10     81.48    168.81  -2601.60 -11286.35      0.00      1
1    102820 5626.0     4.27e+10     67.16    190.65   5380.84  -4516.47      0.00      0
1    102821 5626.0     1.95e+09     73.50     40.24  -4332.99   3427.29      0.00      1
1    102822 5626.0     2.95e+10     76.99    207.91   4757.34  -2879.11      0.00      1
1    102823 5626.0     1.35e+10     83.94     73.53   6122.46  -3953.90      0.00      1
1    102824 5626.0     4.37e+09     77.59    172.12  -3517.60   -440.44      0.00      1
1    102825 5626.0     5.89e+09     68.52    174.36  -4092.36   1694.26      0.00      0
1    102826 5626.0     4.47e+09     65.83     85.79   -721.18  -3773.55      0.00      1
1    102827 5626.0     1.45e+10     72.61     76.45  -4340.53  -9173.39      0.00      0
1    102828 5626.0     1.58e+10     85.97    251.24  -1401.11  -9298.44      0.00      1
1    102829 5626.0     1.51e+10     86.50     37.23  -1825.69  -5701.61      0.00      1
1    102830 5626.0     6.31e+09     65.95    278.95  -3225.65  -9153.45      0.00      1
1    102831 5626.0     1.66e+09     76.34    150.55  -3585.23   -233.98      0.00      1
1    102832 5626.0     1.00e+10     70.38    144.18   4122.59  -7057.57      0.00      1
1    102833 5626.0     8.71e+09     66.32      2.13  -3933.00 -10855.88      0.00      0
1    102834 5626.0     2.40e+09     71.89    317.29  -3618.93 -10230.05      0.00      1
1    102835 5626.0     1.74e+09     68.36    258.99    475.88   -499.53      0.00      1
1    102836 5626.0     5.75e+09     72.12    346.18   1407.16   1653.16      0.00      1
1    102837 5626.0     1.86e+09     82.44     57.53   1345.56  -9249.78      0.00      1
1    102838 5626.0     1.82e+09     82.46    161.38  -2994.51   3634.33      0.00      1
1    102839 5626.0     1.35e+09     83.55    217.94  -2814.89  -5998.17      0.00      1
1    102840 5626.0     2.14e+10     86.36    156.64  -3519.94 -10245.78      0.00      1
1    102841 5626.0     2.82e+10     73.70    298.39    907.60 -10224.81      0.00      1
1    102842 5626.0     4.57e+09     83.28     30.16   1126.05   2926.22      0.00      1
1    102843 5626.0     2.95e+09     82.67    282.70  -1843.76   2819.50      0.00      1
1    102844 5626.0     1.70e+09     78.79    114.63  -3314.18  -8565.48      0.00      1
1    102845 5626.0     1.66e+09     75.41    210.66  -1933.13  -9000.01      0.00      1
1    102846 5626.0     1.15e+10     67.11     61.22    355.71 -10952.77      0.00      1
1    102847 5626.0     1.07e+09     74.45      4.05   5916.75  -9018.59      0.00      1
1    102848 5626.0     7.94e+10     77.63    159.26   3445.14  -3715.04      0.00      1
1    102849 5626.0     9.33e+10     72.02     34.89   4743.53   -600.82      0.00      1
1    102850 5626.0     6.31e+10     82.53     50.45  -1085.97   3417.80      0.00      1
1    102851 5626.0     8.71e+10     79.07     94.52  -3047.18   3965.50      0.00      1
1    102852 5626.0     2.00e+09     82.60     34.36    637.57  -4873.08      0.00      1
1    102853 5626.0     6.17e+09     74.83     47.12   6420.94   2897.19      0.00      0
1    102854 5626.0     1.07e+09     76.57     20.87   1939.54  -4285.02      0.00      1
1    102855 5626.0     3.16e+09     77.98    212.73   4775.44   -361.25      0.00      1
1    102856 5626.0     5.75e+09     83.95    298.64   -800.57  -4520.40      0.00      1
1    102857 5626.0     8.13e+10     76.40    357.52  -2419.24  -6900.55      0.00      1
1    102858 5626.0     7.41e+09     79.94    218.04  -2326.46    179.35      0.00      1
1    102859 5626.0     4.79e+10     74.81     69.71  -2260.23   4750.44      0.00      1
1    102860 5626.0     1.10e+10     85.94    248.90   3858.67  -6094.91      0.00      1
1    102861 5626.0     5.01e+10     70.67     65.20   -203.25   2837.28      0.00      1
1    102862 5626.0     2.63e+10     74.79     56.05  -2607.69   5178.41      0.00      0
1    102863 5626.0     9.33e+09     79.37     42.13   -650.20   4971.21      0.00      1
1    102864 5626.0     7.08e+09     73.31    233.09  -3296.12  -2409.94      0.00      1
1    102865 5626.0     1.51e+10     80.80    302.90   -426.81  -1583.18      0.00      1
1    102866 5626.0     1.10e+09     79.08    157.69   5101.26 -10280.70      0.00      1
1    102867 5626.0     3.80e+09     69.05     38.39  -1776.68  -1899.09      0.00      1
1    102868 5626.0     6.61e+09     85.46    308.45  -4187.40  -1532.46      0.00      1
1    102869 5626.0     1.95e+09     74.09    283.42   5477.41   3122.18      0.00      1
1    102870 5626.0     1.32e+10     68.81    283.27   4872.79  -1759.03      0.00      1
1    102871 5626.0     1.95e+09     83.00     14.94    965.02 -10159.86      0.00      1
1    102872 5626.0     2.14e+10     69.12    317.18   4357.52  -7706.99      0.00      1
1    102873 5626.0     2.88e+09     69.99    237.85   1016.94   4324.90      0.00      1
1    102874 5626.0     1.17e+10     85.74     45.72    412.60  -3493.55      0.00      1
1    102875 5626.0     3.55e+09     76.87     69.10   6135.77  -4135.79      0.00      1
1    102876 5626.0     1.15e+10     79.31     54.26   4926.21   4534.30      0.00      1
1    102877 5626.0     1.48e+10     77.29    139.29   4544.48   4052.79      0.00      1
1    102878 5626.0     1.55e+09     86.44     14.96   5320.87 -10009.78      0.00      0
1    102879 5626.0     5.13e+10     85.02     50.91   -259.24  -4604.61      0.00      1
1    102880 5626.0     1.82e+09     85.09    355.10   5336.87    -85.76      0.00      1
1    102881 5626.0     3.55e+10     87.57     16.94   3469.76  -5879.15      0.00      1
1    102882 5626.0     2.29e+09     66.31    255.02   3358.21  -1453.66      0.00      0
1    102883 5626.0     7.59e+09     85.48    288.58    322.63   4883.54      0.00      1
1    102884 5626.0     9.77e+10     73.31    175.87    417.30 -10422.59      0.00      1
1    102885 5626.0     3.72e+09     66.99    276.97  -2723.61   2249.76      0.00      1
1    102886 5626.0     1.70e+09     82.11    105.54  -1593.84  -8457.35      0.00      1
1    102887 5626.0     3.72e+09     87.65    263.51  -3533.71   1042.88      0.00      0
1    102888 5626.0     9.33e+09     77.12    248.09   4286.38  -5802.33      0.00      1
1    102889 5626.0     1.86e+09     69.52     38.53   -514.57  -8202.38      0.00      1
1    102890 5626.0     2.24e+09     74.24    290.98   3182.50   1328.77      0.00      1
1    102891 5626.0     5.75e+10     71.18    237.79   2812.58   2734.09      0.00      1
1    102892 5626.0     2.24e+09     82.80    161.97  -2877.86   2469.32      0.00      1
1    102893 5626.0     1.10e+09     69.99    114.82    519.57  -5122.60      0.00      1
1    102894 5626.0     4.90e+09     70.90    278.71    359.10    367.66      0.00      1
1    102895 5626.0     8.13e+10     75.78    350.36   2873.23  -7241.49      0.00      1
1    102896 5626.0     2.51e+10     76.34    314.14   3116.93   3787.57      0.00      1
1    102897 5626.0     1.58e+10     83.24    313.62  -2929.53 -10938.09      0.00      1
1    102898 5626.0     1.23e+10     75.38    270.65  -1264.20    251.84      0.00      1
1    102899 5626.0     9.33e+10     82.88    351.70   4769.60  -2116.13      0.00      1
