1    104000 5626.0     2.45e+09     68.95    228.32   -706.42  -6449.40      0.00      1
1    104001 5626.0     4.68e+09     67.31     77.39    238.19  -6922.00      0.00      1
1    104002 5626.0     6.31e+09     86.63    206.11  -3250.30  -3419.45      0.00      1
1    104003 5626.0     2.00e+09     84.27     45.96   6218.58   4855.49      0.00      1
1    104004 5626.0     3.31e+10     85.04     33.19   5606.69 -11264.80      0.00      1
1    104005 5626.0     2.63e+09     85.62     97.08   2647.63   -730.93      0.00      1
1    104006 5626.0     3.63e+09     67.83    304.60   -705.73  -6576.10      0.00      1
1    104007 5626.0     1.48e+10     72.56     67.67   4391.88  -2795.83      0.00      1
1    104008 5626.0     8.13e+10     71.00     88.13   3695.99   5030.59      0.00      1
1    104009 5626.0     1.95e+10     69.52    266.17   3218.72   3434.47      0.00      1
1    104010 5626.0     9.55e+09     72.01     77.35   2099.78  -7922.80      0.00      1
1    104011 5626.0     7.41e+09     77.23    292.74   1402.64  -1123.51      0.00      1
1    104012 5626.0     2.19e+09     68.72    356.97  -3030.98  -1905.23      0.00      1
1    104013 5626.0     8.71e+09     86.30    341.49    487.22 -10551.25      0.00      1
1    104014 5626.0     5.37e+10     84.09    359.41   5560.98   2462.73      0.00      1
1    104015 5626.0     4.47e+09     73.10    286.10   5340.30  -9777.39      0.00      1
1    104016 5626.0     1.51e+09     83.56    280.98   6261.75   3602.74      0.00      1
1    104017 5626.0     7.76e+10     76.98    209.96    849.30   1053.17      0.00      1
1    104018 5626.0     2.75e+09     81.64    229.07   2516.85  -8880.60      0.00      1
1    104019 5626.0     1.00e+10     73.79     20.41     97.30   2588.04      0.00      1
1    104020 5626.0     6.61e+10     81.29    282.89  -1755.81  -5710.37      0.00      1
1    104021 5626.0     3.80e+09     76.45     77.12  -4010.89  -8913.84      0.00      1
1    104022 5626.0     2.40e+10     68.52    193.88   4176.73  -4820.71      0.00      1
1    104023 5626.0     5.25e+10     86.41    352.29   1986.69  -9518.06      0.00      1
1    104024 5626.0     4.57e+09     80.22    117.73  -3677.93 -10110.08      0.00      1
1    104025 5626.0     3.39e+09     84.63     82.41   3777.67   -576.65      0.00      1
1    104026 5626.0     8.91e+09     87.90    122.86   5646.91   -387.98      0.00      1
1    104027 5626.0     3.72e+09     84.71     88.39   4789.16   1857.48      0.00      1
1    104028 5626.0     2.40e+09     67.27     26.10   3939.80  -2235.04      0.00      1
1    104029 5626.0     2.29e+09     77.69    250.75   5283.04  -6827.23      0.00      1
1    104030 5626.0     3.89e+09     75.68     92.99    928.96   2552.81      0.00      1
1    104031 5626.0     1.15e+09     84.38    330.37  -4080.72    285.63      0.00      1
1    104032 5626.0     8.71e+10     76.91    169.12   6130.87   1324.71      0.00      1
1    104033 5626.0     2.19e+09     78.94    144.77  -4159.31 -10294.29      0.00      1
1    104034 5626.0     2.69e+10     76.74    139.24   4609.89  -5932.15      0.00      1
1    104035 5626.0     3.09e+09     84.47     17.60    203.90   1594.70      0.00      1
1    104036 5626.0     4.68e+09     71.23    108.62  -1715.42  -7267.21      0.00      1
1    104037 5626.0     1.00e+10     87.92     21.88  -3645.43   4226.77      0.00      1
1    104038 5626.0     7.94e+10     75.95     12.28   6209.71  -1531.65      0.00      1
1    104039 5626.0     2.29e+10     80.08     41.64   5202.99   3844.83      0.00      1
1    104040 5626.0     5.89e+10     78.45    339.23  -1567.93  -1411.19      0.00      1
1    104041 5626.0     1.55e+09     85.58    219.03   -214.03  -4800.24      0.00      1
1    104042 5626.0     1.66e+10     65.15     71.54  -1911.94  -8982.35      0.00      0
1    104043 5626.0     5.62e+09     77.62    212.85  -3041.04   4944.56      0.00      1
1    104044 5626.0     8.13e+10     76.11    173.68   1127.71  -3597.14      0.00      1
1    104045 5626.0     5.89e+10     76.23    192.41    485.62  -1140.68      0.00      1
1    104046 5626.0     1.66e+10     76.47     87.52  -1928.47   -440.84      0.00      1
1    104047 5626.0     1.51e+09     70.50     56.79  -1709.68 -11147.71      0.00      1
1    104048 5626.0     1.78e+09     65.28    241.44   2051.81  -6980.51      0.00      0
1    104049 5626.0     3.63e+10     82.93     51.89   2579.13   -667.73      0.00      1
1    104050 5626.0     2.04e+10     69.14    337.73  -2477.72  -1665.82      0.00      1
1    104051 5626.0     3.39e+09     81.45    231.15   -213.85  -6393.65      0.00      1
1    104052 5626.0     2.34e+10     81.04      7.86   4764.38   -233.80      0.00      1
1    104053 5626.0     5.37e+09     77.12     18.55   -490.62  -7592.20      0.00      1
1    104054 5626.0     1.05e+09     78.34    342.46  -2825.00  -5632.57      0.00      1
1    104055 5626.0     3.16e+10     76.28    258.93   2824.69  -2107.55      0.00      1
1    104056 5626.0     1.38e+10     82.86     27.94   4140.39   4457.78      0.00      1
1    104057 5626.0     1.29e+09     73.17    240.07  -3890.63  -7746.58      0.00      1
1    104058 5626.0     4.47e+10     79.98    286.13   4362.70  -5179.70      0.00      1
1    104059 5626.0     3.02e+09     66.19    351.07   1677.40  -4386.63      0.00      0
1    104060 5626.0     1.35e+10     75.15    318.71   3559.73   -496.77      0.00      1
1    104061 5626.0     1.41e+10     70.37    189.03  -4138.65  -2122.73      0.00      1
1    104062 5626.0     4.79e+10     82.60     46.26   3386.35  -1112.55      0.00      1
1    104063 5626.0     7.08e+10     75.04    135.91   1875.44   -564.68      0.00      1
1    104064 5626.0     9.33e+10     86.16     16.74   -186.71    665.07      0.00      1
1    104065 5626.0     1.07e+09     79.76    115.39  -3852.52   4879.32      0.00      1
1    104066 5626.0     3.16e+09     87.58    344.17   3234.20  -7192.51      0.00      1
1    104067 5626.0     2.09e+10     70.40    262.42  -4044.81    161.34      0.00      1
1    104068 5626.0     5.37e+09     86.03    302.71   6287.74   3489.39      0.00      1
1    104069 5626.0     1.58e+10     77.53    317.28  -2414.83   1635.81      0.00      1
1    104070 5626.0     8.13e+09     87.24    129.23   4911.85  -7315.07      0.00      1
1    104071 5626.0     2.82e+09     66.90    289.45   -285.31 -10409.62      0.00      1
1    104072 5626.0     7.94e+10     79.98    155.90   -619.54   3793.54      0.00      1
1    104073 5626.0     8.51e+09     71.31    331.17  -4188.72  -6654.77      0.00      0
1    104074 5626.0     2.75e+10     81.79     13.96   1348.72  -8446.25      0.00      1
1    104075 5626.0     2.95e+10     77.94     71.43   6202.72 -10529.46      0.00      0
1    104076 5626.0     2.69e+09     79.34    262.42   -493.99  -6778.26      0.00      1
1    104077 5626.0     1.07e+10     85.34    313.18   -400.78  -3793.58      0.00      1
1    104078 5626.0     1.74e+10     75.57    304.59    902.60 -11153.11      0.00      1
1    104079 5626.0     2.24e+09     69.97    233.78  -1222.11   -747.36      0.00      1
1    104080 5626.0     1.02e+09     73.22    351.06   1816.14   2869.14      0.00      1
1    104081 5626.0     1.62e+09     85.71    114.67   -661.96  -8174.30      0.00      1
1    104082 5626.0     3.02e+09     68.47    310.55  -1862.29   2957.89      0.00      1
1    104083 5626.0     1.70e+09     77.56    107.01    819.29  -8607.17      0.00      1
1    104084 5626.0     1.78e+10     72.52    284.07   -493.65  -1116.25      0.00      1
1    104085 5626.0     5.37e+10     72.45    306.91   4157.92   3857.68      0.00      1
1    104086 5626.0     5.89e+10     86.35    151.63  -3823.42  -1418.43      0.00      1
1    104087 5626.0     1.12e+09     72.41    271.08   1630.37   3838.21      0.00      1
1    104088 5626.0     1.41e+10     72.78    289.85  -3565.12   3530.45      0.00      1
1    104089 5626.0     5.13e+09     75.23    163.37   4844.13   2467.25      0.00      1
1    104090 5626.0     3.98e+09     80.63    318.19   2395.67  -2344.49      0.00      1
1    104091 5626.0     6.17e+10     78.20    152.25   3398.57   1849.17      0.00      1
1    104092 5626.0     2.14e+09     85.56    206.61   4288.59  -9015.23      0.00      1
1    104093 5626.0     8.51e+10     67.62    298.10   6148.44  -1859.00      0.00      1
1    104094 5626.0     1.51e+09     71.08    299.34  -2039.29  -5663.58      0.00      1
1    104095 5626.0     2.14e+09     82.12    262.37   3446.40  -8567.44      0.00      1
1    104096 5626.0     1.17e+09     69.20    247.80  -3808.99    945.48      0.00      1
1    104097 5626.0     5.89e+09     67.53    236.29   5349.15  -9459.76      0.00      0
1    104098 5626.0     2.14e+09     78.46    118.75   1092.97   1309.92      0.00      1
1    104099 5626.0     4.47e+10     70.99     98.72   2976.65 -11282.57      0.00      1
