1    103000 5626.0     7.94e+10     66.92    103.66   5196.50   -572.50      0.00      1
1    103001 5626.0     6.31e+10     69.24     30.50   3662.35  -7945.41      0.00      1
1    103002 5626.0     1.07e+10     76.26     84.75   -110.05   -234.57      0.00      1
1    103003 5626.0     6.03e+10     76.71      9.72  -2053.04   3440.37      0.00      1
1    103004 5626.0     5.75e+10     72.39     57.33   5460.97   1411.67      0.00      0
1    103005 5626.0     3.09e+09     70.91    100.75   -770.74  -2428.32      0.00      1
1    103006 5626.0     1.32e+09     70.35     71.00    952.37  -9209.17      0.00      1
1    103007 5626.0     8.32e+09     72.63    237.95   1053.43  -5766.20      0.00      1
1    103008 5626.0     1.70e+10     75.47    190.97    161.03 -10777.92      0.00      1
1    103009 5626.0     2.29e+09     77.42      1.71   -595.60   -289.61      0.00      1
1    103010 5626.0     1.10e+10     76.15     53.39   2383.30   3999.92      0.00      1
1    103011 5626.0     5.25e+10     81.88    259.35    110.49 -10189.76      0.00      1
1    103012 5626.0     4.47e+09     65.53     39.65  -1988.67  -8973.13      0.00      0
1    103013 5626.0     1.51e+09     85.93    123.65    792.11  -4564.97      0.00      0
1    103014 5626.0     4.37e+09     77.39    150.65   6393.08  -8817.32      0.00      1
1    103015 5626.0     2.69e+10     83.77     87.86   4142.75  -5414.79      0.00      1
1    103016 5626.0     7.24e+09     83.55    316.54   1045.35  -5655.92      0.00      1
1    103017 5626.0     1.26e+09     86.55    300.84  -1802.22  -8413.86      0.00      0
1    103018 5626.0     1.12e+09     66.65     48.06   -751.51  -3486.26      0.00      1
1    103019 5626.0     1.95e+10     83.68    106.38  -1725.53  -9379.71      0.00      1
1    103020 5626.0     2.75e+10     72.96    190.46   -722.12   1111.28      0.00      1
1    103021 5626.0     1.26e+10     71.41    343.25   4976.22   2363.75      0.00      1
1    103022 5626.0     5.13e+10     81.19    238.59  -1662.02  -3441.16      0.00      1
1    103023 5626.0     2.45e+10     87.45    215.77   2916.70   2690.26      0.00      1
1    103024 5626.0     2.51e+09     68.31    123.94  -1920.83  -3252.19      0.00      1
1    103025 5626.0     1.45e+09     80.20    316.91  -3611.84   1864.18      0.00      1
1    103026 5626.0     1.15e+10     69.44    168.62   5277.40  -4812.93      0.00      1
1    103027 5626.0     4.90e+09     81.66    224.61   2757.32  -8691.42      0.00      1
1    103028 5626.0     8.71e+10     79.16    185.80   3618.58  -9229.53      0.00      1
1    103029 5626.0     6.17e+10     69.64     69.30   3739.06 -11240.52      0.00      0
1    103030 5626.0     1.91e+09     82.36    176.61  -1154.10   1592.29      0.00      1
1    103031 5626.0     2.75e+09     85.94    143.29   2249.82   3706.79      0.00      1
1    103032 5626.0     1.15e+09     70.83    234.10   4225.35  -6362.26      0.00      1
1    103033 5626.0     5.62e+09     86.40    189.35   2709.93  -1766.54      0.00      1
1    103034 5626.0     6.17e+09     74.27    177.76   5229.89   3601.47      0.00      1
1    103035 5626.0     2.19e+10     67.86    316.52  -4365.22   4481.84      0.00      0
1    103036 5626.0     3.98e+09     84.15     88.96   5651.40  -9163.98      0.00      1
1    103037 5626.0     1.12e+10     87.13    119.37  -2030.26 -10599.41      0.00      1
1    103038 5626.0     2.14e+09     75.84    170.71  -3169.14 -10223.76      0.00      1
1    103039 5626.0     1.41e+10     85.41    255.60  -3958.17 -11263.72      0.00      1
1    103040 5626.0     7.94e+10     73.67     53.69  -3695.67  -5550.66      0.00      1
1    103041 5626.0     1.45e+09     70.13     52.21   -703.29   3640.70      0.00      1
1    103042 5626.0     9.12e+09     85.23    197.60  -2640.72   4862.09      0.00      1
1    103043 5626.0     4.07e+09     68.88     79.21   1987.81  -5266.30      0.00      1
1    103044 5626.0     1.00e+10     66.26    179.09   5077.50  -1250.18      0.00      1
1    103045 5626.0     3.89e+09     84.09     43.58   2210.68  -9832.04      0.00      1
1    103046 5626.0     4.37e+09     78.79    194.54   4640.21  -7924.69      0.00      1
1    103047 5626.0     1.70e+09     72.26    332.05   3761.09  -8512.68      0.00      1
1    103048 5626.0     1.05e+09     81.99    217.16  -1183.16 -10293.22      0.00      1
1    103049 5626.0     3.16e+10     70.96     18.30   2586.14 -10368.99      0.00      1
1    103050 5626.0     6.31e+09     86.39    212.49  -1393.02  -9141.41      0.00      1
1    103051 5626.0     9.12e+09     67.52    174.90  -3095.04   4914.88      0.00      1
1    103052 5626.0     1.62e+09     77.65    262.93   2875.16  -9559.54      0.00      1
1    103053 5626.0     2.14e+10     78.74    291.27   -496.17  -4424.21      0.00      1
1    103054 5626.0     9.33e+09     68.75    212.44   -360.63  -4821.56      0.00      0
1    103055 5626.0     5.75e+10     86.43     81.52   1421.77   -698.23      0.00      1
1    103056 5626.0     2.45e+09     87.93    103.96  -3741.42   3639.01      0.00      0
1    103057 5626.0     4.57e+10     80.97     91.31   -656.60   3082.47      0.00      1
1    103058 5626.0     4.57e+10     74.16    282.72  -3158.14  -7342.45      0.00      1
1    103059 5626.0     3.02e+10     77.10    264.97   3393.80   2266.44      0.00      1
1    103060 5626.0     4.90e+10     74.02    228.19   6019.26  -1592.86      0.00      1
1    103061 5626.0     3.72e+10     77.96     85.33     55.58   3115.42      0.00      1
1    103062 5626.0     1.74e+09     83.54     20.65   5453.43  -5603.06      0.00      1
1    103063 5626.0     1.17e+09     71.63      8.50   6186.70 -10210.58      0.00      0
1    103064 5626.0     3.39e+09     75.62    156.07   4615.23   2171.98      0.00      1
1    103065 5626.0     3.55e+10     69.44    223.97   3123.30  -2684.06      0.00      1
1    103066 5626.0     9.12e+10     85.47    122.38   1967.92  -4079.48      0.00      1
1    103067 5626.0     1.51e+09     67.21     71.61   2402.38  -6820.19      0.00      1
1    103068 5626.0     8.91e+10     69.15    314.61   4398.79  -6760.91      0.00      0
1    103069 5626.0     1.20e+09     71.12    327.36   1119.14  -9431.91      0.00      1
1    103070 5626.0     2.45e+10     85.89    157.46   1436.88   -359.66      0.00      1
1    103071 5626.0     2.04e+09     86.51    180.00   3160.13   2536.52      0.00      1
1    103072 5626.0     9.33e+10     78.22    311.59    118.80 -10302.22      0.00      1
1    103073 5626.0     1.35e+10     81.94    266.68  -1875.49    317.66      0.00      1
1    103074 5626.0     4.37e+10     72.07     27.68    -75.75  -2616.54      0.00      1
1    103075 5626.0     1.55e+09     74.89     97.55  -1433.70    496.70      0.00      1
1    103076 5626.0     3.24e+09     73.03    232.92  -1545.54  -4274.61      0.00      1
1    103077 5626.0     1.07e+10     80.38    268.77   5413.62  -7895.58      0.00      1
1    103078 5626.0     4.79e+10     76.14     88.26   2173.60  -8701.38      0.00      1
1    103079 5626.0     9.55e+09     69.51    355.38  -1014.87    352.87      0.00      1
1    103080 5626.0     3.02e+09     72.06    224.88    968.62  -2955.38      0.00      1
1    103081 5626.0     9.33e+09     84.71    270.13   6264.81  -6318.32      0.00      1
1    103082 5626.0     1.95e+10     70.22    243.43  -3080.12    806.71      0.00      1
1    103083 5626.0     6.03e+10     72.94    209.40  -4063.02  -7752.64      0.00      1
1    103084 5626.0     1.48e+10     81.51    126.03   -754.64  -8334.19      0.00      1
1    103085 5626.0     1.66e+09     76.23    241.88   3017.55   2912.39      0.00      1
1    103086 5626.0     1.51e+10     68.94    261.13   -961.86  -9473.75      0.00      1
1    103087 5626.0     7.41e+09     86.62    238.31   -704.15  -6464.03      0.00      1
1    103088 5626.0     4.68e+10     70.25    211.62   4647.53   2554.05      0.00      0
1    103089 5626.0     4.07e+10     86.02    224.21   2349.45   -431.95      0.00      1
1    103090 5626.0     5.13e+09     72.99    279.74  -1701.77    654.67      0.00      1
1    103091 5626.0     2.82e+09     65.74    277.33   4902.46  -5294.59      0.00      1
1    103092 5626.0     8.91e+10     76.17    329.01  -3898.36  -5075.43      0.00      1
1    103093 5626.0     2.24e+09     79.19    356.21   2743.62  -1675.83      0.00      1
1    103094 5626.0     1.45e+09     71.79    213.70   3923.38  -9743.47      0.00      1
1    103095 5626.0     8.91e+10     68.62    134.10   2733.60 -11224.99      0.00      1
1    103096 5626.0     4.79e+09     65.19     53.24   5090.24   3891.68      0.00      0
1    103097 5626.0     6.61e+09     68.65    295.33   2059.14  -3342.32      0.00      1
1    103098 5626.0     3.80e+10     75.59     81.64  -4349.32  -8187.13      0.00      1
1    103099 5626.0     3.98e+09     65.24    108.53  -3652.21    614.99      0.00      1
