1    102000 5626.0     1.23e+09     79.46    103.62   2740.96 -11299.94      0.00      1
1    102001 5626.0     1.26e+10     72.35     27.50  -1850.00 -11129.61      0.00      0
1    102002 5626.0     3.02e+09     66.06     53.49   4080.50  -1164.78      0.00      1
1    102003 5626.0     4.27e+10     76.63     61.23   2535.61   -999.05      0.00      1
1    102004 5626.0     2.63e+09     80.55    287.37   5657.29  -9323.52      0.00      1
1    102005 5626.0     2.69e+09     72.26    211.56   -994.28   2899.61      0.00      1
1    102006 5626.0     3.09e+09     75.41     18.32  -1942.57  -4792.21      0.00      1
1    102007 5626.0     1.07e+09     73.24    307.07   -842.20   1467.80      0.00      1
1    102008 5626.0     9.77e+09     87.99    358.83    139.48  -6910.45      0.00      1
1    102009 5626.0     2.00e+10     82.77     29.32   4527.03  -5115.17      0.00      1
1    102010 5626.0     2.75e+10     84.89     97.90   5600.33  -5694.99      0.00      1
1    102011 5626.0     1.55e+10     87.93    172.57   1983.36  -3106.74      0.00      1
1    102012 5626.0     6.46e+10     73.50     63.83   3928.24  -9275.87      0.00      1
1    102013 5626.0     5.50e+09     80.69    301.72    462.13  -7187.01      0.00      1
1    102014 5626.0     2.19e+10     67.13    345.04  -3588.10  -6251.24      0.00      1
1    102015 5626.0     1.48e+10     73.61    325.84  -3919.84   1077.62      0.00      1
1    102017 5626.0     2.00e+10     86.89     54.23  -4082.57   3183.32      0.00      1
1    102018 5626.0     4.90e+09     86.77    164.66  -3674.83   2933.10      0.00      1
1    102019 5626.0     2.29e+10     77.97    173.31   1997.13  -6295.56      0.00      1
1    102020 5626.0     2.19e+09     79.54    210.48  -1657.70   4481.29      0.00      1
1    102021 5626.0     3.80e+09     74.02    306.76   5736.07    342.86      0.00      1
1    102022 5626.0     8.51e+10     72.12     75.77  -2036.54   1179.80      0.00      1
1    102023 5626.0     4.79e+10     84.01    182.99    943.77   1700.49      0.00      1
1    102024 5626.0     1.20e+09     86.50    326.53   1709.97  -5371.14      0.00      0
1    102025 5626.0     6.46e+10     69.44    105.02  -1140.97  -8403.44      0.00      1
1    102026 5626.0     4.37e+09     69.98     71.79   4375.90  -9293.03      0.00      1
1    102027 5626.0     6.61e+10     77.92    168.60  -1168.78  -9203.21      0.00      1
1    102028 5626.0     7.24e+10     75.66     41.00  -3376.02 -10367.18      0.00      0
1    102029 5626.0     5.13e+10     82.89    220.75   5775.83  -2120.59      0.00      1
1    102030 5626.0     8.32e+10     74.77    349.30   1306.99    439.40      0.00      1
1    102031 5626.0     8.13e+10     84.90     96.13   5734.99  -9177.99      0.00      1
1    102032 5626.0     1.23e+09     82.68     97.57   4047.96  -4381.09      0.00      1
1    102033 5626.0     7.59e+10     71.87    272.67   4366.26  -5822.19      0.00      1
1    102034 5626.0     1.58e+09     73.07    265.55  -2042.76   -992.92      0.00      1
1    102035 5626.0     3.89e+09     69.66    293.42   4102.65   4715.70      0.00      1
1    102036 5626.0     6.61e+09     85.71    115.76  -3916.97  -7095.62      0.00      1
1    102037 5626.0     8.13e+10     72.64    171.46   1492.00  -4545.22      0.00      1
1    102038 5626.0     2.00e+10     65.64     83.06   4399.27 -10699.92      0.00      0
1    102039 5626.0     3.63e+10     86.37    246.72    532.87  -6472.39      0.00      1
1    102040 5626.0     3.63e+10     85.92    104.72  -1098.24   1211.97      0.00      1
1    102041 5626.0     1.66e+09     71.38     20.54  -4079.93 -10672.76      0.00      1
1    102042 5626.0     5.13e+09     69.38    223.73  -2349.46   4907.23      0.00      1
1    102043 5626.0     1.95e+09     70.06      6.63    -20.15  -1080.18      0.00      1
1    102044 5626.0     2.95e+09     70.28    189.01   2041.19  -4949.77      0.00      1
1    102045 5626.0     1.41e+09     76.32    318.65   -223.44   2201.02      0.00      1
1    102046 5626.0     5.62e+09     84.02    290.07   1661.11   3177.36      0.00      1
1    102047 5626.0     8.51e+10     86.43     95.77   4007.73  -6105.63      0.00      1
1    102048 5626.0     3.89e+10     84.47    320.43   1632.08  -6217.96      0.00      1
1    102049 5626.0     6.61e+09     84.85      7.68   4566.87   4023.99      0.00      1
1    102051 5626.0     6.03e+10     74.60    320.95  -2037.07  -6430.20      0.00      1
1    102052 5626.0     5.89e+09     65.57    231.20   5359.27   2617.41      0.00      0
1    102053 5626.0     2.04e+10     65.74    178.25   4737.88   2853.26      0.00      1
1    102054 5626.0     6.76e+10     78.90    275.62   6096.01  -8796.02      0.00      1
1    102055 5626.0     5.25e+09     77.68    257.82  -1245.32  -4432.73      0.00      1
1    102056 5626.0     1.07e+09     78.30    215.82  -2126.33   2019.13      0.00      1
1    102057 5626.0     1.32e+09     71.89    104.95   2039.27   4298.15      0.00      1
1    102058 5626.0     1.38e+09     78.52    115.83   2249.23  -3305.82      0.00      1
1    102059 5626.0     8.71e+10     68.94    100.77   2136.00  -9522.53      0.00      0
1    102060 5626.0     1.10e+10     83.78    276.25  -3298.17   2643.50      0.00      1
1    102061 5626.0     3.89e+09     75.62     37.14   5096.06 -10044.97      0.00      0
1    102062 5626.0     6.03e+10     75.06     41.27   5132.74  -8513.44      0.00      1
1    102063 5626.0     1.51e+09     79.36    249.18  -2558.96  -7965.68      0.00      1
1    102064 5626.0     1.23e+09     74.08     26.16   -489.28  -2843.02      0.00      1
1    102065 5626.0     2.88e+10     65.65    184.69      6.02  -4096.04      0.00      1
1    102066 5626.0     8.51e+10     66.14     93.68   1954.71   -770.59      0.00      1
1    102067 5626.0     4.07e+10     79.26    146.84    363.20  -1696.44      0.00      1
1    102068 5626.0     4.37e+09     70.39    307.45   4677.88   1675.55      0.00      1
1    102069 5626.0     4.47e+09     82.96    253.40   2870.57   -993.22      0.00      1
1    102070 5626.0     3.80e+10     73.02    111.71   4195.06  -4281.92      0.00      1
1    102071 5626.0     2.95e+10     74.86    316.00   -726.43  -1415.96      0.00      1
1    102072 5626.0     3.63e+10     81.61    134.88   5652.40  -5793.20      0.00      1
1    102073 5626.0     8.71e+10     80.23     82.47  -1158.26  -1147.95      0.00      1
1    102074 5626.0     4.68e+09     71.16    251.91   3891.39   2347.21      0.00      1
1    102075 5626.0     5.13e+10     85.00    277.15   5744.37    310.68      0.00      1
1    102076 5626.0     1.74e+10     83.63    224.73   1768.29  -2261.44      0.00      1
1    102077 5626.0     3.02e+10     83.71    175.87  -3938.01   1236.02      0.00      1
1    102078 5626.0     1.86e+09     76.80    222.58   6285.91  -9584.89      0.00      0
1    102079 5626.0     4.27e+09     78.10    342.03  -2135.24   -540.76      0.00      1
1    102080 5626.0     1.62e+10     65.26    178.65   4500.23   3964.27      0.00      0
1    102081 5626.0     2.63e+10     66.86     65.41  -2467.57   4779.24      0.00      1
1    102082 5626.0     2.95e+10     67.65    208.25  -4278.93 -10460.30      0.00      0
1    102083 5626.0     6.92e+09     76.67    309.79    525.03  -5849.82      0.00      1
1    102084 5626.0     2.24e+10     87.71     72.25   1720.16  -4893.26      0.00      1
1    102085 5626.0     2.51e+10     72.77    255.38   1704.08   4664.64      0.00      1
1    102086 5626.0     4.07e+09     66.83    238.94   2032.63  -4615.56      0.00      1
1    102087 5626.0     2.45e+10     70.12    306.47    -33.86   4982.55      0.00      1
1    102088 5626.0     2.34e+10     67.48     77.16   3038.26   1141.59      0.00      1
1    102089 5626.0     4.68e+09     84.35    310.97    -47.72  -7101.05      0.00      1
1    102090 5626.0     3.16e+09     82.94    273.12   5788.92   3773.22      0.00      1
1    102091 5626.0     1.78e+10     68.58    119.04  -2844.30   -734.41      0.00      1
1    102092 5626.0     7.41e+10     69.34    113.69   4437.07   4853.52      0.00      0
1    102093 5626.0     2.09e+09     71.18     44.56   -319.19  -1885.07      0.00      1
1    102094 5626.0     1.29e+09     80.17    218.82   4440.45   -441.50      0.00      1
1    102095 5626.0     2.82e+10     79.96    103.46   2777.06  -3418.99      0.00      1
1    102096 5626.0     7.41e+09     72.92    221.12   2134.92  -1317.57      0.00      1
1    102097 5626.0     3.98e+09     83.11    322.92   1230.62  -8582.00      0.00      1
1    102098 5626.0     1.32e+09     80.56    120.64   6363.83    704.72      0.00      1
1    102099 5626.0     3.80e+10     79.75    222.11  -2599.99  -2046.44      0.00      1
