1      2600 14.0       2.24e+09     68.22    148.65   3994.18 -10647.68      0.00      0
1      2601 14.0       1.74e+09     79.00     87.04   2998.57  -8469.64      0.00      1
1      2602 14.0       5.75e+10     66.93    174.53   3231.87   2637.79      0.00      0
1      2603 14.0       1.07e+09     74.10    110.33   4723.11   3622.51      0.00      1
1      2604 14.0       2.09e+10     81.99    257.40  -3186.28  -5123.25      0.00      1
1      2605 14.0       2.04e+10     86.57    136.75    847.06   4483.81      0.00      1
1      2606 14.0       1.70e+09     74.08     46.67    336.51   5117.51      0.00      1
1      2607 14.0       2.14e+09     81.90    317.25    404.51  -6286.99      0.00      1
1      2608 14.0       1.32e+09     82.08    333.69   5263.94  -8728.33      0.00      1
1      2609 14.0       9.33e+10     73.40    213.49    549.50    601.90      0.00      1
1      2610 14.0       3.39e+09     67.90    116.04   3111.60  -4137.65      0.00      1
1      2611 14.0       1.23e+10     77.05     62.77   -990.19   2484.39      0.00      1
1      2612 14.0       5.75e+09     65.02     80.93  -2725.89  -8603.96      0.00      0
1      2613 14.0       1.07e+10     82.31    277.59   2329.38  -9069.95      0.00      1
1      2614 14.0       3.16e+09     82.21    305.06  -2483.38  -9610.11      0.00      1
1      2615 14.0       8.32e+09     71.16     55.03   -671.83  -1666.67      0.00      1
1      2616 14.0       1.07e+10     84.30      9.28   3453.36   2463.66      0.00      1
1      2617 14.0       5.37e+10     82.34    208.40   1296.45   4980.92      0.00      1
1      2618 14.0       2.82e+09     77.02     98.79   1078.71   3754.52      0.00      1
1      2619 14.0       7.24e+09     75.91    198.27   5313.35  -5804.31      0.00      1
1      2620 14.0       1.10e+10     74.49    210.10   3304.79  -9895.69      0.00      1
1      2621 14.0       6.17e+09     71.79    337.50   6298.82  -3633.31      0.00      1
1      2622 14.0       3.39e+10     82.75    145.20  -1537.73   2755.93      0.00      1
1      2623 14.0       4.27e+09     68.32    299.88  -1164.44  -9577.48      0.00      1
1      2624 14.0       1.26e+09     76.22    290.59   5290.16   -528.53      0.00      1
1      2625 14.0       3.80e+09     69.39     57.58   4680.89   2317.54      0.00      1
1      2626 14.0       1.78e+10     68.29    312.07   1421.41  -6017.85      0.00      0
1      2627 14.0       5.89e+10     75.82    307.75  -2676.10   4171.75      0.00      1
1      2628 14.0       3.47e+10     78.20      2.08  -3156.85 -10264.74      0.00      1
1      2629 14.0       5.01e+10     65.48    315.54   3470.02  -1425.33      0.00      0
1      2630 14.0       2.14e+09     80.37    142.05   4846.52 -10699.26      0.00      1
1      2631 14.0       1.23e+09     81.39    166.73  -2669.06  -9819.25      0.00      1
1      2632 14.0       5.62e+09     81.35    166.06  -3292.32   1000.41      0.00      1
1      2633 14.0       6.92e+10     67.74     16.06  -2592.07  -1611.09      0.00      1
1      2634 14.0       2.95e+10     74.56     25.85   -263.28  -2109.04      0.00      1
1      2635 14.0       3.72e+10     80.50    103.20  -4255.87    183.22      0.00      1
1      2636 14.0       2.00e+10     66.64    235.15    831.77  -8458.39      0.00      1
1      2637 14.0       2.29e+10     65.88    184.98   2453.29  -7210.35      0.00      1
1      2638 14.0       1.58e+10     78.95     53.97   5300.72  -9146.58      0.00      1
1      2639 14.0       3.89e+09     75.41    187.41   5604.24   3153.23      0.00      1
1      2640 14.0       1.82e+09     87.95     87.17   4573.93  -6582.65      0.00      0
1      2641 14.0       2.34e+10     75.50    232.48  -3827.04    412.61      0.00      1
1      2642 14.0       2.51e+10     87.99    333.98  -1709.96  -8770.07      0.00      1
1      2643 14.0       1.00e+11     71.87    287.90  -1289.53  -7939.96      0.00      1
1      2644 14.0       1.29e+09     86.43    161.11    102.19  -7238.26      0.00      0
1      2645 14.0       7.24e+10     69.88    137.88   1838.19  -4116.50      0.00      0
1      2646 14.0       2.34e+10     66.31     64.18   -674.36  -1571.92      0.00      1
1      2647 14.0       1.95e+10     74.19     88.40  -2597.37     -4.21      0.00      1
1      2648 14.0       1.02e+09     65.35    188.84    186.79  -1952.76      0.00      1
1      2649 14.0       1.07e+09     67.51    102.63   -109.94 -10918.68      0.00      1
1      2650 14.0       1.38e+09     77.04     34.89   4175.73  -8687.59      0.00      1
1      2651 14.0       4.37e+10     85.66     43.94  -2890.89  -3649.77      0.00      1
1      2652 14.0       1.10e+09     84.16     88.58  -2139.37   3526.22      0.00      1
1      2653 14.0       2.00e+09     65.02     21.39  -3662.11  -5193.21      0.00      0
1      2654 14.0       2.45e+10     77.03    355.76   1910.38  -8246.99      0.00      1
1      2655 14.0       2.51e+09     71.87    191.12   3391.68   4535.84      0.00      1
1      2656 14.0       3.63e+10     68.07     74.21    992.33  -5833.38      0.00      0
1      2657 14.0       2.34e+10     82.56     83.13  -3923.81   3466.89      0.00      1
1      2658 14.0       2.69e+09     75.84      1.47  -3308.45    -11.90      0.00      1
1      2659 14.0       6.31e+10     72.66    237.75  -1602.34  -5408.47      0.00      1
1      2660 14.0       1.12e+09     73.78     63.59  -2882.00    289.79      0.00      1
1      2661 14.0       2.29e+10     84.21    206.79   4325.74 -10248.38      0.00      1
1      2662 14.0       2.24e+09     85.69    162.34  -2257.49 -10250.22      0.00      1
1      2663 14.0       2.75e+09     80.88    299.44    914.64  -5471.28      0.00      1
1      2664 14.0       3.80e+10     78.72    246.77   4420.82   3942.88      0.00      1
1      2665 14.0       6.76e+09     84.58    322.18   -974.14 -10109.75      0.00      1
1      2666 14.0       1.07e+09     71.48    231.35   3113.18  -8223.61      0.00      1
1      2667 14.0       4.79e+09     76.98    194.51    -80.50   4314.96      0.00      1
1      2668 14.0       1.07e+09     77.55     76.86  -2073.41  -3069.59      0.00      1
1      2669 14.0       4.27e+10     71.82     23.91  -2806.42  -8804.86      0.00      1
1      2670 14.0       2.57e+09     83.44    137.60   1408.06   4086.56      0.00      1
1      2671 14.0       1.00e+10     77.41    100.74  -3088.47    105.51      0.00      1
1      2672 14.0       5.75e+09     87.24    168.79  -3256.20  -3785.53      0.00      1
1      2673 14.0       4.57e+09     85.34     47.99   4480.29  -4541.59      0.00      1
1      2674 14.0       4.17e+09     68.44    251.01   -885.30  -4340.99      0.00      1
1      2675 14.0       8.71e+10     67.38    271.71   6067.65 -11039.18      0.00      0
1      2676 14.0       3.98e+09     84.75     71.90   2323.78   -302.26      0.00      1
1      2677 14.0       6.92e+09     70.56    285.35    506.33   -313.80      0.00      1
1      2678 14.0       2.19e+10     83.61    158.14   4391.08   4938.05      0.00      1
1      2679 14.0       5.62e+10     70.25     42.68   5366.16   -304.18      0.00      1
1      2680 14.0       2.45e+09     76.17    110.05   4402.37  -7297.52      0.00      1
1      2681 14.0       7.76e+10     70.01     43.10   3374.30  -7634.57      0.00      1
1      2682 14.0       1.48e+09     77.71     56.81   6325.85    964.12      0.00      1
1      2683 14.0       4.47e+10     78.98    352.66  -2695.55   4548.82      0.00      1
1      2684 14.0       4.68e+09     70.19    115.82  -1766.45   -712.67      0.00      1
1      2685 14.0       1.10e+09     87.24    135.67  -4122.78   1029.16      0.00      0
1      2686 14.0       4.90e+09     81.86    320.81   5713.98   4133.70      0.00      1
1      2687 14.0       1.00e+11     71.92    125.76  -3056.74  -4495.47      0.00      0
1      2688 14.0       1.17e+09     84.40    230.22   -410.20 -10175.53      0.00      1
1      2689 14.0       2.14e+10     79.27    207.33   3696.62  -5617.21      0.00      1
1      2690 14.0       3.31e+09     86.59    239.30   5697.82  -3003.98      0.00      1
1      2691 14.0       7.76e+10     84.65     61.95   3137.41  -3533.56      0.00      1
1      2692 14.0       3.47e+09     79.34     66.02   6140.92  -6860.11      0.00      1
1      2693 14.0       9.12e+09     84.28     22.08   3281.62   3962.42      0.00      1
1      2694 14.0       2.51e+09     69.62    227.35  -1367.40   4179.25      0.00      1
1      2695 14.0       1.02e+10     75.02    208.43   5882.26  -1337.25      0.00      1
1      2696 14.0       6.46e+09     66.64    316.34   4158.82  -7031.44      0.00      1
1      2697 14.0       8.71e+10     80.29    285.55  -2173.45   2236.05      0.00      1
1      2698 14.0       1.10e+10     83.71     19.27   1227.72  -2676.98      0.00      1
1      2699 14.0       7.76e+09     73.45    125.02   5753.92  -6272.45      0.00      1
