1       500 14.0       5.50e+09     82.95    139.24  -3457.16  -8785.38      0.00      1
1       501 14.0       2.29e+10     72.49    205.35  -2075.69   5123.03      0.00      1
1       502 14.0       9.33e+10     80.92    231.97   3920.10  -1108.15      0.00      1
1       503 14.0       1.66e+10     80.39    292.14   1989.86  -4330.48      0.00      1
1       504 14.0       1.62e+10     75.80     49.07   1800.66  -3636.55      0.00      1
1       505 14.0       1.45e+10     70.88    159.77  -2476.96    768.97      0.00      1
1       506 14.0       6.61e+09     84.76    289.60   5822.72  -3942.59      0.00      1
1       507 14.0       9.77e+10     70.09     58.13  -3607.15 -10832.23      0.00      0
1       508 14.0       5.37e+09     85.90    347.09   6242.54   2069.43      0.00      1
1       509 14.0       1.17e+10     72.96     88.94   5174.66   -704.98      0.00      1
1       510 14.0       2.69e+10     67.27    126.31  -2221.96  -3448.92      0.00      0
1       511 14.0       8.51e+09     87.60    334.20   -987.92  -9234.86      0.00      1
1       512 14.0       6.92e+10     73.09    342.20   2056.12  -6926.66      0.00      1
1       513 14.0       1.29e+09     81.73    105.40   3244.19 -10763.93      0.00      1
1       514 14.0       4.90e+09     74.04    193.65   4320.21    208.18      0.00      1
1       515 14.0       2.88e+09     85.28    158.48   1123.71 -10195.15      0.00      1
1       516 14.0       2.88e+10     78.98    226.54  -1040.18  -3212.02      0.00      1
1       517 14.0       9.33e+09     87.57    160.00   2894.55 -11111.47      0.00      1
1       518 14.0       1.00e+09     82.75    208.12  -3370.48  -3731.89      0.00      1
1       519 14.0       2.45e+09     66.32     61.30   5990.86  -7033.40      0.00      1
1       520 14.0       8.71e+10     67.67     22.48  -1248.16  -5583.27      0.00      1
1       521 14.0       4.27e+09     87.07    228.57   3949.66  -9859.38      0.00      1
1       522 14.0       4.47e+10     79.17    116.67  -2714.85  -9946.96      0.00      1
1       523 14.0       7.08e+09     81.17    348.07   5464.80  -8674.06      0.00      1
1       524 14.0       9.33e+10     81.23    276.37  -1812.50    852.84      0.00      1
1       525 14.0       2.57e+10     66.16    154.32     31.63    -98.89      0.00      1
1       526 14.0       6.03e+09     83.78    299.54   -351.90  -7494.92      0.00      1
1       527 14.0       7.76e+10     86.80     65.34    517.76   -591.81      0.00      1
1       528 14.0       4.90e+10     67.45     86.54   6479.11  -2610.76      0.00      1
1       529 14.0       2.82e+09     86.16    303.86   2929.53  -9014.13      0.00      1
1       530 14.0       4.47e+09     87.80    197.89   2473.46  -2251.17      0.00      1
1       531 14.0       2.09e+10     70.99    149.15   2874.59  -1938.58      0.00      1
1       532 14.0       8.32e+10     75.66     61.34   3776.73  -9633.87      0.00      1
1       533 14.0       3.72e+09     82.92    279.48  -4357.90  -7320.29      0.00      1
1       534 14.0       2.63e+09     87.54    341.05  -1445.09  -9658.38      0.00      0
1       535 14.0       8.71e+09     71.96    158.65   -745.31  -9207.91      0.00      1
1       536 14.0       5.25e+10     85.55    140.84   3494.29  -9296.11      0.00      1
1       537 14.0       2.00e+09     83.34    116.20   4102.78 -10611.14      0.00      1
1       538 14.0       7.59e+10     78.87     91.64  -3077.84  -9498.41      0.00      1
1       539 14.0       8.51e+09     77.77    300.80   1668.35    974.43      0.00      1
1       540 14.0       8.51e+10     68.50    115.99   -481.78    980.91      0.00      1
1       541 14.0       8.91e+10     65.55    189.29   -686.58  -3852.77      0.00      1
1       542 14.0       4.07e+10     83.66     69.72   4399.41  -9086.85      0.00      1
1       543 14.0       7.41e+10     83.78    293.63   1414.84   2974.30      0.00      1
1       544 14.0       3.98e+09     82.04    242.72   3639.21  -9188.61      0.00      1
1       545 14.0       2.95e+09     69.35      8.06   4261.51  -4726.24      0.00      1
1       546 14.0       9.12e+10     74.17    280.85   6180.15  -1335.73      0.00      1
1       547 14.0       4.68e+09     82.84    335.04   3894.21   2427.67      0.00      1
1       548 14.0       5.13e+10     85.49     79.01  -1857.22  -9499.38      0.00      1
1       549 14.0       3.89e+10     78.36    100.74   3269.08  -7862.12      0.00      1
1       550 14.0       6.17e+09     76.04    325.16  -1346.46   4525.13      0.00      1
1       551 14.0       2.95e+10     80.43    246.58   1743.91  -3914.18      0.00      1
1       552 14.0       3.80e+09     70.93    116.47  -3106.05 -11024.95      0.00      1
1       553 14.0       1.38e+10     69.78    248.27   2374.15   4029.00      0.00      1
1       554 14.0       2.34e+10     70.92     12.20   3034.31  -1323.02      0.00      1
1       555 14.0       1.17e+09     69.16    231.76   6079.79   1730.72      0.00      0
1       556 14.0       3.24e+09     75.59    213.90  -1567.30  -8721.17      0.00      1
1       557 14.0       4.90e+10     77.07     37.64  -3751.78  -7917.92      0.00      1
1       558 14.0       1.12e+09     68.31     51.92   1401.98  -1012.14      0.00      1
1       559 14.0       6.31e+09     79.17    279.17   -273.80  -8251.82      0.00      1
1       560 14.0       1.58e+09     68.07    260.49    254.51  -8039.38      0.00      1
1       561 14.0       8.51e+09     78.47     73.14     25.41   -916.97      0.00      1
1       562 14.0       1.58e+10     83.44     48.90   -891.56   4634.10      0.00      1
1       563 14.0       3.63e+09     84.35    142.26    -14.72  -4350.34      0.00      1
1       564 14.0       1.20e+09     75.57    253.89   4639.99   4126.84      0.00      1
1       565 14.0       5.50e+09     66.95    240.54   5043.57  -2890.71      0.00      1
1       566 14.0       1.26e+09     72.59     17.76    489.34   2920.49      0.00      1
1       567 14.0       2.57e+10     71.58    302.59   4103.89  -1866.09      0.00      1
1       568 14.0       5.50e+09     67.07    258.56   3721.35   3412.68      0.00      1
1       569 14.0       1.35e+10     78.06    162.44    104.41  -1643.94      0.00      1
1       570 14.0       1.45e+10     75.88    341.41    597.13 -11170.68      0.00      1
1       571 14.0       1.55e+10     79.00    273.69   4189.71  -9054.56      0.00      1
1       572 14.0       1.23e+09     81.84     52.50  -2894.09  -5308.09      0.00      1
1       573 14.0       7.94e+10     86.12    293.87  -3767.12   2981.00      0.00      1
1       574 14.0       1.51e+10     77.67     46.88   1662.26   3865.61      0.00      1
1       575 14.0       2.40e+09     76.32    147.33   1692.46  -1956.24      0.00      1
1       576 14.0       2.45e+10     65.44     17.40  -2042.51    120.30      0.00      1
1       578 14.0       7.59e+10     68.64    219.56   3343.82  -3396.91      0.00      0
1       579 14.0       1.82e+09     78.36     60.19   5627.12  -1289.19      0.00      1
1       580 14.0       1.62e+09     69.85    174.50   3628.13 -10935.51      0.00      0
1       581 14.0       1.62e+10     70.47    209.47   6020.74  -4663.56      0.00      0
1       582 14.0       2.69e+09     81.45    348.92    277.67  -2132.64      0.00      1
1       583 14.0       1.17e+09     81.62    131.98   1413.03    472.09      0.00      1
1       584 14.0       3.16e+09     85.20    292.36   2479.27  -4868.88      0.00      1
1       585 14.0       8.91e+10     66.00    340.41   3548.03  -9989.50      0.00      0
1       586 14.0       1.20e+09     66.47    190.16    727.65  -4811.62      0.00      1
1       587 14.0       1.82e+10     77.63    252.30  -3134.35   2171.12      0.00      1
1       588 14.0       5.37e+10     84.62    194.64  -3287.69   1910.23      0.00      1
1       589 14.0       1.26e+10     86.80    161.65  -2974.53  -3339.75      0.00      1
1       590 14.0       8.51e+10     78.00    150.30   -528.14  -5211.19      0.00      1
1       591 14.0       1.41e+09     87.87    134.04   4678.76  -8920.70      0.00      0
1       592 14.0       9.12e+09     67.50    129.72   1165.18  -8649.89      0.00      0
1       593 14.0       1.38e+10     83.50     63.75  -1903.66   4685.47      0.00      1
1       594 14.0       6.92e+10     71.39    218.26  -1358.19 -11127.28      0.00      1
1       595 14.0       4.27e+09     75.12    321.23   4740.04  -3122.25      0.00      1
1       596 14.0       5.50e+10     81.09    279.75  -1495.23    620.91      0.00      1
1       597 14.0       6.31e+10     74.04    210.60   3211.31   2133.87      0.00      1
1       598 14.0       7.08e+10     68.56    167.61   3258.35  -7215.81      0.00      0
1       599 14.0       1.02e+09     79.14     24.13   5203.65   2864.58      0.00      1
