1    105600 5626.0     2.19e+08     77.39     34.92   5531.16  -1547.13      0.00      0
1    105601 5626.0     6.76e+08     72.30    276.79   1443.82  -7220.37      0.00      1
1    105602 5626.0     8.91e+08     73.05    276.81   5505.75   1080.68      0.00      1
1    105603 5626.0     1.91e+08     83.12    122.88   2547.73 -10481.95      0.00      0
1    105604 5626.0     1.70e+08     68.09    173.89   2104.04  -2644.25      0.00      0
1    105605 5626.0     1.51e+08     85.36    139.34   2874.93  -2134.04      0.00      0
1    105606 5626.0     8.71e+08     83.33     56.14   -858.41  -8307.46      0.00      1
1    105607 5626.0     4.17e+08     72.86    190.42    199.03  -3574.80      0.00      1
1    105608 5626.0     1.26e+08     66.18    259.96    186.07  -9193.05      0.00      0
1    105609 5626.0     2.29e+08     73.47    267.98    955.61  -1347.90      0.00      0
1    105610 5626.0     2.24e+08     85.04    210.86   -728.19  -7193.95      0.00      0
1    105611 5626.0     7.08e+08     82.48    316.59  -1377.94  -4123.70      0.00      1
1    105612 5626.0     2.95e+08     76.83    102.84  -1473.60     97.95      0.00      1
1    105613 5626.0     1.95e+08     73.08    316.42  -2066.37  -6214.94      0.00      0
1    105614 5626.0     6.61e+08     75.61    315.19   5775.48  -4613.57      0.00      1
1    105615 5626.0     1.48e+08     71.44    179.56   -500.73  -1917.00      0.00      0
1    105616 5626.0     8.91e+08     79.10    244.09   5820.01  -2600.21      0.00      1
1    105617 5626.0     1.62e+08     84.08      4.67   5541.72  -2423.48      0.00      0
1    105618 5626.0     3.09e+08     86.85     27.36   3637.63   1408.88      0.00      0
1    105619 5626.0     1.05e+08     72.23    287.95   4136.13  -8948.53      0.00      0
1    105620 5626.0     5.25e+08     67.67     69.20   4366.77   3972.00      0.00      0
1    105621 5626.0     7.24e+08     74.98    149.72  -3049.47  -6446.93      0.00      1
1    105622 5626.0     7.59e+08     81.96     99.67  -4388.95  -7037.64      0.00      1
1    105624 5626.0     4.57e+08     70.77     53.27   2673.94  -6309.44      0.00      1
1    105625 5626.0     3.63e+08     65.53     10.42  -1531.32   3332.11      0.00      0
1    105626 5626.0     1.12e+08     71.34     15.06    618.33  -8663.92      0.00      0
1    105627 5626.0     2.14e+08     67.56    252.46      5.90   4741.48      0.00      0
1    105628 5626.0     2.88e+08     73.47     23.60   6176.05    518.44      0.00      1
1    105629 5626.0     5.37e+08     80.03    118.91  -2402.82   4786.13      0.00      1
1    105630 5626.0     1.55e+08     68.23    302.22   4784.55   4592.43      0.00      0
1    105631 5626.0     2.69e+08     82.81    214.28  -3754.79   2907.13      0.00      0
1    105632 5626.0     1.62e+08     66.61    354.77    939.33    156.35      0.00      0
1    105633 5626.0     4.07e+08     80.21     86.41    527.18   3672.52      0.00      1
1    105634 5626.0     8.13e+08     87.39    282.18   1990.68  -9975.36      0.00      0
1    105635 5626.0     7.08e+08     68.93    215.86   3321.24    772.06      0.00      1
1    105636 5626.0     2.57e+08     83.56     30.25   1438.02   2237.69      0.00      0
1    105637 5626.0     9.77e+08     81.05    253.94    683.31  -5334.22      0.00      1
1    105638 5626.0     7.08e+08     85.86    214.18     21.17  -2245.24      0.00      0
1    105639 5626.0     1.38e+08     80.90    103.11   4330.69 -10292.81      0.00      0
1    105640 5626.0     2.14e+08     76.29    222.48  -4236.33  -9945.28      0.00      0
1    105641 5626.0     7.41e+08     81.46     35.35  -4186.53  -7814.68      0.00      1
1    105642 5626.0     1.51e+08     66.92    290.48   -875.22   2808.10      0.00      0
1    105643 5626.0     1.86e+08     75.53    227.67  -4031.55  -7307.41      0.00      0
1    105644 5626.0     1.95e+08     81.58    358.75   6443.51  -6709.13      0.00      0
1    105645 5626.0     6.61e+08     85.57    298.32  -1221.19  -5392.35      0.00      0
1    105646 5626.0     1.35e+08     82.43    132.29  -1480.24  -1265.14      0.00      0
1    105647 5626.0     5.75e+08     69.35    338.61   -564.57  -2249.74      0.00      1
1    105648 5626.0     5.50e+08     72.14    201.73   3541.59    246.65      0.00      1
1    105649 5626.0     1.66e+08     77.60     15.49  -2107.14  -6942.06      0.00      0
1    105650 5626.0     4.68e+08     79.75    317.37  -1117.08   4044.52      0.00      0
1    105651 5626.0     2.29e+08     70.10    300.11  -1816.34   3509.98      0.00      0
1    105652 5626.0     6.76e+08     82.46    324.47   5825.49   5113.57      0.00      0
1    105653 5626.0     2.57e+08     74.90    118.49   5979.24   -370.68      0.00      0
1    105654 5626.0     3.80e+08     65.10      9.29  -1193.90  -4857.75      0.00      0
1    105655 5626.0     2.63e+08     72.56      8.70  -2638.36  -1517.46      0.00      1
1    105656 5626.0     1.78e+08     74.87      3.38   3472.54   3116.02      0.00      0
1    105657 5626.0     3.80e+08     78.91    245.44   4849.92  -4911.14      0.00      1
1    105658 5626.0     3.89e+08     76.17    222.25  -3855.81    243.04      0.00      1
1    105659 5626.0     9.77e+08     76.00    233.66   1992.22  -5469.40      0.00      1
1    105660 5626.0     1.78e+08     70.28     64.82  -1102.79  -4280.55      0.00      0
1    105661 5626.0     6.46e+08     70.50    282.87    128.94  -7856.08      0.00      1
1    105662 5626.0     8.32e+08     84.47     86.81  -3932.66  -9498.18      0.00      1
1    105663 5626.0     8.13e+08     68.84    174.04   3912.67  -1511.66      0.00      0
1    105664 5626.0     2.19e+08     72.93    317.11   -121.13  -9703.39      0.00      0
1    105665 5626.0     1.29e+08     81.12    313.66  -2138.44    989.03      0.00      0
1    105666 5626.0     3.16e+08     79.74    181.57   -268.12  -3407.54      0.00      1
1    105667 5626.0     6.61e+08     68.84    125.30   1717.61  -1400.42      0.00      1
1    105668 5626.0     2.09e+08     83.64    165.77   3458.79   -933.56      0.00      0
1    105669 5626.0     3.63e+08     86.10    123.65   1696.34    116.75      0.00      0
1    105670 5626.0     3.09e+08     86.42    264.81    674.24  -3827.33      0.00      0
1    105671 5626.0     4.47e+08     73.06     66.07  -4178.25    554.54      0.00      1
1    105672 5626.0     7.76e+08     85.86    182.21   5982.12   5066.86      0.00      0
1    105673 5626.0     1.29e+08     66.34    244.12   4813.94  -9045.76      0.00      0
1    105674 5626.0     2.19e+08     73.10    170.59   4707.08  -5693.55      0.00      1
1    105675 5626.0     1.29e+08     83.35     42.72   3316.62   -614.49      0.00      0
1    105676 5626.0     3.02e+08     73.95    320.22  -3897.40  -5861.65      0.00      1
1    105677 5626.0     5.01e+08     68.99    282.30  -4328.03   1732.10      0.00      1
1    105678 5626.0     1.66e+08     75.90    252.67  -2212.54  -9829.17      0.00      0
1    105679 5626.0     1.20e+08     73.22    327.04   -980.12   3168.10      0.00      0
1    105680 5626.0     6.17e+08     86.40    210.12   2642.03   1342.25      0.00      0
1    105681 5626.0     3.02e+08     83.16     29.02   4052.29   3490.57      0.00      0
1    105682 5626.0     1.41e+08     66.07      6.13   -182.35  -3387.54      0.00      0
1    105683 5626.0     1.07e+08     71.27    253.01  -2862.08   3128.09      0.00      0
1    105684 5626.0     3.09e+08     81.69     87.49   2055.99   2631.23      0.00      0
1    105685 5626.0     1.51e+08     73.64    251.38   5221.72  -5469.48      0.00      0
1    105686 5626.0     6.46e+08     79.46    256.09  -2529.49  -6477.54      0.00      1
1    105687 5626.0     2.82e+08     80.90     17.79  -1979.25    743.39      0.00      0
1    105688 5626.0     2.09e+08     72.33    167.11  -1768.94   3885.55      0.00      0
1    105689 5626.0     3.39e+08     73.40     38.57   1485.35  -5846.05      0.00      1
1    105690 5626.0     5.01e+08     82.49    117.12  -1655.45  -3992.22      0.00      1
1    105691 5626.0     5.13e+08     67.74    198.33   2903.28  -8500.37      0.00      0
1    105692 5626.0     3.89e+08     68.21     65.42  -1922.62  -6017.61      0.00      0
1    105693 5626.0     1.23e+08     81.99    267.62   1902.77  -8264.95      0.00      0
1    105694 5626.0     1.38e+08     68.30     15.63    -33.89 -11174.18      0.00      0
1    105695 5626.0     4.07e+08     80.39     52.61   3828.76  -3130.61      0.00      1
1    105696 5626.0     3.47e+08     87.87    277.39  -4233.44  -9998.88      0.00      0
1    105697 5626.0     2.40e+08     76.74    133.13   3131.93  -5544.44      0.00      0
1    105698 5626.0     2.14e+08     76.81     98.86   4538.71  -9903.64      0.00      0
1    105699 5626.0     1.10e+08     80.69    172.89  -1511.56   4187.17      0.00      0
