1    102100 5626.0     1.38e+10     75.42    127.18  -2550.48  -2254.26      0.00      1
1    102101 5626.0     4.37e+10     86.08    198.57   3366.76   1951.67      0.00      1
1    102102 5626.0     6.46e+09     77.73    305.35   4900.97  -2995.03      0.00      1
1    102103 5626.0     1.26e+09     76.21    118.61   1279.95  -2477.13      0.00      1
1    102104 5626.0     1.91e+10     72.21     69.96   2265.09  -7698.53      0.00      1
1    102105 5626.0     2.24e+10     82.27    335.00   6324.80   3631.33      0.00      1
1    102106 5626.0     8.51e+09     78.47    161.08  -2279.42  -3742.93      0.00      1
1    102107 5626.0     1.51e+10     69.35      6.69   3807.99  -7667.76      0.00      1
1    102108 5626.0     3.89e+09     72.76     60.83  -1302.43  -1418.15      0.00      1
1    102109 5626.0     7.41e+09     73.19    181.45   3021.50  -8749.47      0.00      1
1    102110 5626.0     3.24e+09     83.28    303.47  -2775.06  -6491.55      0.00      1
1    102111 5626.0     5.37e+09     70.69    206.13  -3604.24  -5789.33      0.00      1
1    102112 5626.0     3.89e+09     78.84     46.83  -4309.77  -2822.46      0.00      1
1    102113 5626.0     3.98e+09     81.84    154.24  -1322.99  -8707.72      0.00      1
1    102114 5626.0     8.32e+09     84.19     57.76   2244.97   5156.07      0.00      1
1    102115 5626.0     1.35e+10     74.19    170.28   6176.19   4399.21      0.00      0
1    102116 5626.0     3.63e+10     76.05    308.93  -1225.81  -7757.27      0.00      1
1    102117 5626.0     2.00e+10     74.94    271.38   4230.45   1475.90      0.00      1
1    102118 5626.0     1.38e+09     69.39    169.79    776.56 -10151.33      0.00      1
1    102119 5626.0     3.31e+09     78.71    311.90  -2758.47  -2319.71      0.00      1
1    102120 5626.0     2.29e+09     78.02     62.06   3739.98  -4199.23      0.00      1
1    102121 5626.0     2.34e+09     84.11    264.93  -3809.71  -8754.98      0.00      1
1    102122 5626.0     5.89e+09     69.06      5.72   3125.36  -3642.54      0.00      1
1    102123 5626.0     4.07e+09     86.86    321.79   5459.16  -8442.93      0.00      1
1    102124 5626.0     1.12e+09     85.37     52.24   5894.12  -7077.69      0.00      0
1    102125 5626.0     3.63e+10     71.65     28.80   1422.14   4571.58      0.00      1
1    102126 5626.0     2.95e+10     78.33    182.49  -4298.40  -1159.26      0.00      1
1    102127 5626.0     2.24e+10     84.44     36.15  -1395.03   2123.48      0.00      1
1    102128 5626.0     3.80e+09     83.37    242.98    812.26   3793.01      0.00      1
1    102129 5626.0     5.89e+10     80.26    109.83   3148.34  -4010.84      0.00      1
1    102130 5626.0     1.86e+10     71.71    330.85   5310.41  -9021.84      0.00      1
1    102131 5626.0     7.94e+10     75.02    191.82  -1856.68   3885.52      0.00      1
1    102132 5626.0     4.57e+09     82.20    188.66  -1254.75  -5883.89      0.00      1
1    102133 5626.0     5.50e+09     79.02    322.63   1101.40  -4840.17      0.00      1
1    102134 5626.0     1.66e+10     78.72     58.47   1887.29  -6878.92      0.00      1
1    102135 5626.0     2.82e+10     73.42    188.03   3056.63   -772.07      0.00      1
1    102136 5626.0     5.62e+10     80.73    264.40   4947.03  -2404.72      0.00      1
1    102137 5626.0     3.39e+09     87.90    159.22   1835.57  -5467.16      0.00      1
1    102138 5626.0     9.12e+10     65.30    219.77   6225.77   3647.94      0.00      0
1    102139 5626.0     7.94e+10     77.78    104.12  -1407.97  -5089.75      0.00      1
1    102140 5626.0     3.16e+09     70.25    194.37   6031.23  -8350.87      0.00      0
1    102141 5626.0     2.69e+10     71.71    351.08  -1569.19  -8603.26      0.00      1
1    102142 5626.0     5.25e+10     69.38    134.91  -3910.84   -278.98      0.00      1
1    102143 5626.0     7.76e+10     67.17    201.67     59.57  -3409.13      0.00      1
1    102144 5626.0     3.63e+10     82.34    230.18   2195.69    728.82      0.00      1
1    102145 5626.0     5.37e+10     65.26    172.40  -2788.90   -952.10      0.00      1
1    102146 5626.0     5.01e+09     80.55    322.80   3771.69  -8094.13      0.00      1
1    102147 5626.0     2.09e+09     80.99    221.89  -3597.28  -1248.56      0.00      1
1    102148 5626.0     6.03e+10     80.76     54.10   4335.32  -9549.23      0.00      1
1    102149 5626.0     3.16e+10     69.46     14.88  -4012.91   3230.37      0.00      1
1    102150 5626.0     5.50e+10     79.50    231.71   1089.72  -4749.55      0.00      1
1    102151 5626.0     4.57e+10     72.02    213.77    414.87   5015.61      0.00      1
1    102152 5626.0     1.74e+09     67.35     11.04   1743.27  -2691.06      0.00      1
1    102153 5626.0     7.24e+09     65.07    317.34   -934.55  -1361.65      0.00      1
1    102154 5626.0     9.33e+09     75.92    162.89   6438.94    352.02      0.00      1
1    102155 5626.0     9.12e+10     76.13    269.19   3483.02  -1128.95      0.00      1
1    102156 5626.0     3.24e+10     70.47    141.22   4817.52    510.07      0.00      0
1    102157 5626.0     1.91e+09     78.38     38.56   4965.72 -10667.12      0.00      0
1    102158 5626.0     2.04e+09     73.21     15.05     24.89   4884.34      0.00      1
1    102159 5626.0     3.39e+10     82.78     31.38  -2213.18  -3904.96      0.00      1
1    102160 5626.0     1.62e+09     70.52     63.28   5783.75  -1506.15      0.00      1
1    102161 5626.0     3.89e+09     84.19    162.17   3781.02   2602.88      0.00      1
1    102162 5626.0     3.89e+10     82.37    299.25  -3432.75  -4639.22      0.00      1
1    102163 5626.0     1.15e+09     69.20    289.27   -951.19  -6150.29      0.00      1
1    102164 5626.0     1.15e+09     80.39    181.50  -1326.27    501.97      0.00      1
1    102165 5626.0     3.16e+09     75.03    313.50   4616.21  -8081.16      0.00      1
1    102166 5626.0     4.27e+09     75.91      0.36   -882.66 -10882.10      0.00      0
1    102167 5626.0     1.15e+09     83.54    287.04   5116.71   4668.38      0.00      1
1    102168 5626.0     2.57e+09     77.81    328.07   1647.91  -7814.08      0.00      1
1    102169 5626.0     5.75e+10     74.34    267.66   6014.49   3574.65      0.00      1
1    102170 5626.0     3.09e+09     68.24    263.04   4818.10   4227.71      0.00      0
1    102171 5626.0     1.51e+10     77.40    143.12   -397.79  -4953.80      0.00      1
1    102172 5626.0     8.91e+10     77.56    192.85   3640.28  -7563.19      0.00      1
1    102173 5626.0     5.37e+09     68.41     90.44   2509.46   -854.90      0.00      1
1    102174 5626.0     5.25e+10     67.86     16.14   5454.43   -607.90      0.00      1
1    102175 5626.0     4.37e+10     80.07    120.84   1820.98  -2432.16      0.00      1
1    102176 5626.0     5.37e+09     71.90     46.06  -3517.27  -2938.07      0.00      1
1    102177 5626.0     2.24e+09     71.53    209.59  -1251.31    948.28      0.00      1
1    102178 5626.0     1.74e+10     71.49     33.72  -2138.19   2402.31      0.00      1
1    102179 5626.0     5.89e+10     77.96    178.21  -2072.77  -3769.51      0.00      1
1    102180 5626.0     7.59e+10     66.45     18.22  -1709.25  -7831.41      0.00      1
1    102181 5626.0     1.05e+10     85.13     67.28   1213.46 -10390.92      0.00      1
1    102182 5626.0     8.71e+09     79.96    327.46  -1060.94  -9860.75      0.00      1
1    102183 5626.0     1.32e+09     75.90    118.53    315.55  -5855.17      0.00      1
1    102184 5626.0     1.29e+09     84.73     62.23   5540.69   3110.76      0.00      1
1    102185 5626.0     1.17e+10     67.93    270.57  -3250.06  -7851.59      0.00      1
1    102186 5626.0     5.25e+10     79.55    247.11   1458.11  -4578.15      0.00      1
1    102187 5626.0     1.07e+10     67.27     65.09  -1809.16   -754.13      0.00      1
1    102188 5626.0     3.89e+10     86.15    311.76   2840.38   3803.78      0.00      1
1    102189 5626.0     2.00e+10     84.85     45.59   -434.97  -2823.48      0.00      1
1    102190 5626.0     4.07e+10     82.55     93.22  -2740.67  -1319.47      0.00      1
1    102191 5626.0     3.47e+09     87.36    121.49  -1422.55  -9956.08      0.00      1
1    102192 5626.0     1.58e+10     77.08     45.52   -750.33  -1131.56      0.00      1
1    102193 5626.0     1.78e+09     70.53    316.33   5406.10 -10620.77      0.00      0
1    102194 5626.0     5.01e+10     85.15    338.52  -2242.19 -10275.66      0.00      1
1    102195 5626.0     7.94e+10     83.91     54.91   4815.89  -6766.49      0.00      1
1    102196 5626.0     4.37e+10     72.26    198.74   2698.93   3394.53      0.00      1
1    102197 5626.0     7.76e+09     70.22    348.80  -2714.29  -4955.10      0.00      1
1    102198 5626.0     1.78e+09     85.57    240.99   1515.10  -7518.55      0.00      1
1    102199 5626.0     6.76e+10     80.67    242.07   3936.43  -9065.26      0.00      1
