1    106900 5626.0     2.69e+08     86.04     97.45  -3401.68  -1239.07      0.00      0
1    106901 5626.0     9.77e+08     71.78    338.12  -2279.74  -1230.26      0.00      1
1    106902 5626.0     3.80e+08     75.07    103.35   4777.28   -136.36      0.00      1
1    106903 5626.0     1.78e+08     69.17     42.31   2320.09  -2486.95      0.00      0
1    106904 5626.0     1.29e+08     83.74    127.50   3057.65  -9340.56      0.00      0
1    106905 5626.0     5.75e+08     66.45    158.90   5976.11   1738.25      0.00      0
1    106906 5626.0     2.14e+08     67.08    255.75   3977.34  -4833.26      0.00      0
1    106907 5626.0     5.50e+08     73.46    220.12  -3208.39  -1386.64      0.00      1
1    106908 5626.0     1.48e+08     86.71    281.22  -3022.17  -9778.62      0.00      0
1    106909 5626.0     2.51e+08     75.03     47.19  -3962.34  -8872.04      0.00      0
1    106910 5626.0     4.27e+08     69.20    330.64   5569.98  -2830.80      0.00      0
1    106911 5626.0     1.15e+08     87.26    286.26  -1012.04  -7580.20      0.00      0
1    106912 5626.0     1.17e+08     73.98    130.14  -1597.82  -7367.75      0.00      0
1    106913 5626.0     3.63e+08     76.96     12.65    607.59  -2262.51      0.00      1
1    106914 5626.0     2.45e+08     68.66    265.17  -2521.34   1738.15      0.00      0
1    106915 5626.0     7.59e+08     86.93    133.61   5616.75   1150.71      0.00      0
1    106916 5626.0     2.00e+08     75.52    229.30   5302.51  -6013.44      0.00      0
1    106917 5626.0     2.45e+08     65.35     64.54  -2299.01   2288.88      0.00      0
1    106918 5626.0     3.16e+08     71.72    137.90   1408.72  -9495.66      0.00      0
1    106919 5626.0     1.02e+08     78.21     74.98   4668.86  -6222.38      0.00      0
1    106920 5626.0     6.46e+08     87.52    119.63   1946.30   3249.45      0.00      0
1    106921 5626.0     5.89e+08     73.38    342.84   5205.38  -2688.14      0.00      1
1    106922 5626.0     5.50e+08     84.27    267.56   3641.05  -4050.81      0.00      0
1    106923 5626.0     1.32e+08     80.15    166.88  -3752.73 -10903.68      0.00      0
1    106924 5626.0     3.16e+08     87.32    266.88  -1496.24  -7991.07      0.00      0
1    106925 5626.0     1.41e+08     84.32    169.18  -2520.19  -7925.55      0.00      0
1    106926 5626.0     4.57e+08     84.87     54.25   4526.37   5188.50      0.00      0
1    106927 5626.0     1.07e+08     73.07    350.55  -3218.12  -6871.52      0.00      0
1    106928 5626.0     1.95e+08     69.55    197.93  -4256.51   -100.39      0.00      0
1    106929 5626.0     2.75e+08     79.05    192.53    172.23   3558.28      0.00      1
1    106930 5626.0     6.61e+08     67.47    147.84   3150.02  -1255.24      0.00      1
1    106931 5626.0     5.62e+08     87.74      9.01  -3004.63  -3122.94      0.00      0
1    106932 5626.0     2.40e+08     65.61     92.87   2633.79  -1686.79      0.00      0
1    106933 5626.0     9.77e+08     73.41      1.47   3916.24    237.18      0.00      1
1    106934 5626.0     3.39e+08     71.28    346.46   6399.84    106.00      0.00      1
1    106935 5626.0     2.63e+08     70.36    221.30   1941.33  -6488.16      0.00      0
1    106936 5626.0     9.55e+08     81.99    230.47  -2676.69   -468.28      0.00      1
1    106937 5626.0     3.02e+08     75.59     31.28   2095.27   3749.66      0.00      1
1    106938 5626.0     2.51e+08     82.94    221.74  -1170.95  -4224.27      0.00      0
1    106939 5626.0     2.51e+08     87.60    243.34  -1459.51 -11058.12      0.00      0
1    106940 5626.0     2.51e+08     67.84     49.56   1885.91  -1656.36      0.00      0
1    106941 5626.0     5.01e+08     86.96    249.96   4638.71   1795.28      0.00      0
1    106942 5626.0     3.72e+08     81.13    116.24    229.72   4308.98      0.00      0
1    106943 5626.0     4.37e+08     69.52    254.35   2441.83  -2566.91      0.00      0
1    106944 5626.0     5.62e+08     65.41      0.77   2475.77  -8990.37      0.00      0
1    106945 5626.0     1.02e+08     70.63    268.61   5275.57  -1188.52      0.00      0
1    106946 5626.0     1.00e+09     79.24     76.94   4649.76   2732.79      0.00      1
1    106947 5626.0     2.14e+08     87.14    101.10   5878.04  -3722.10      0.00      0
1    106948 5626.0     4.68e+08     68.68    249.19   6240.49  -5199.87      0.00      0
1    106949 5626.0     5.13e+08     86.50    149.56   6251.35 -10566.35      0.00      0
1    106950 5626.0     2.14e+08     80.83    194.07   6444.48  -8651.42      0.00      0
1    106951 5626.0     5.50e+08     72.23    244.91  -2923.91   1797.72      0.00      1
1    106952 5626.0     1.66e+08     86.75    245.93   3083.90  -4486.13      0.00      0
1    106953 5626.0     4.79e+08     67.52    356.08   2593.00  -7680.41      0.00      0
1    106954 5626.0     2.00e+08     80.56    267.94    914.28    -61.20      0.00      0
1    106955 5626.0     2.51e+08     68.15    274.64  -1148.86  -1698.94      0.00      1
1    106956 5626.0     1.74e+08     77.42     74.22   -601.13  -6426.07      0.00      0
1    106957 5626.0     2.69e+08     69.29     63.13   2087.26   4626.55      0.00      0
1    106958 5626.0     9.33e+08     72.49      7.55   2604.51  -2115.53      0.00      1
1    106959 5626.0     3.02e+08     72.99     22.36   -115.60  -5181.82      0.00      1
1    106960 5626.0     2.63e+08     81.35    125.03   1706.24  -2729.32      0.00      0
1    106961 5626.0     1.95e+08     73.74     33.46   1991.93   1703.58      0.00      0
1    106962 5626.0     6.46e+08     83.51    216.93   5401.26  -2480.84      0.00      0
1    106963 5626.0     7.94e+08     82.68     78.21  -3583.50 -10132.48      0.00      1
1    106964 5626.0     1.86e+08     65.67    234.73    130.06  -7902.08      0.00      0
1    106965 5626.0     1.66e+08     86.58     86.69   1080.72  -8842.40      0.00      0
1    106966 5626.0     6.46e+08     84.16    167.32  -2266.73  -9996.13      0.00      0
1    106967 5626.0     4.27e+08     77.18    212.55  -3830.44 -10981.66      0.00      1
1    106968 5626.0     8.13e+08     70.30    207.52   -485.77  -2855.37      0.00      1
1    106969 5626.0     2.14e+08     81.51    242.59   -646.74  -6205.06      0.00      0
1    106970 5626.0     2.51e+08     77.97    311.04   5471.96  -5647.91      0.00      0
1    106971 5626.0     2.24e+08     85.53    285.90   3066.97  -2255.51      0.00      0
1    106972 5626.0     2.29e+08     70.48     65.12   4885.79  -1529.49      0.00      0
1    106973 5626.0     3.39e+08     73.43    119.93    465.27 -11008.81      0.00      1
1    106974 5626.0     4.17e+08     79.18    282.27   5923.24   -448.39      0.00      1
1    106975 5626.0     4.37e+08     77.26    354.55   3411.27  -2352.74      0.00      1
1    106976 5626.0     1.91e+08     75.54    215.51   4282.75   4997.89      0.00      0
1    106977 5626.0     5.62e+08     86.40    203.85   -777.48  -7845.13      0.00      0
1    106978 5626.0     2.82e+08     86.39    255.52   4420.80 -11101.15      0.00      0
1    106979 5626.0     2.24e+08     73.29    171.86   3056.72  -1945.37      0.00      0
1    106980 5626.0     2.57e+08     71.76     23.86   3205.84  -5353.85      0.00      1
1    106981 5626.0     1.02e+08     66.49    112.85  -1078.65  -3402.48      0.00      0
1    106982 5626.0     5.13e+08     66.68    285.97  -3361.74  -4366.39      0.00      0
1    106983 5626.0     3.63e+08     77.62    312.20   6203.40  -9733.49      0.00      0
1    106984 5626.0     3.02e+08     68.66    212.04  -2318.40  -6639.43      0.00      0
1    106985 5626.0     6.46e+08     66.56     29.59   3249.51  -5754.64      0.00      0
1    106986 5626.0     2.51e+08     68.52    204.69   5653.29    481.73      0.00      0
1    106987 5626.0     1.10e+08     77.23    133.23  -2370.54    312.61      0.00      0
1    106988 5626.0     6.46e+08     66.14    355.08   4356.60  -6412.70      0.00      1
1    106989 5626.0     4.68e+08     65.57    271.50  -4367.77   1677.43      0.00      0
1    106990 5626.0     1.91e+08     67.60     37.02  -2810.65   1146.28      0.00      0
1    106991 5626.0     5.13e+08     72.79     72.87   4358.48   1369.84      0.00      1
1    106992 5626.0     8.71e+08     79.88    167.99  -3875.29  -3239.90      0.00      1
1    106993 5626.0     2.40e+08     75.65    131.84   5902.38  -2958.57      0.00      0
1    106994 5626.0     2.29e+08     82.68    212.30  -4373.55  -8322.48      0.00      0
1    106995 5626.0     1.86e+08     74.43     27.06   5029.33   4405.24      0.00      0
1    106996 5626.0     1.55e+08     80.67    139.75  -1574.95  -8047.63      0.00      0
1    106997 5626.0     1.23e+08     86.65    278.03   3545.08  -8941.76      0.00      0
1    106998 5626.0     5.50e+08     80.08     57.58  -3189.38   1497.06      0.00      1
1    106999 5626.0     3.63e+08     75.14    129.16  -3042.25  -3786.52      0.00      1
