1    107100 5626.0     1.78e+08     74.20    283.89  -2652.50  -9810.23      0.00      0
1    107101 5626.0     2.04e+08     78.36    199.97   6194.81  -5666.70      0.00      0
1    107102 5626.0     7.08e+08     81.64     45.56   2671.61      6.72      0.00      1
1    107103 5626.0     3.16e+08     76.25     37.35   -262.99   2364.60      0.00      1
1    107104 5626.0     3.02e+08     77.63    250.74    566.27   -617.61      0.00      1
1    107105 5626.0     6.17e+08     65.46    224.12   5909.11   4811.19      0.00      0
1    107106 5626.0     3.31e+08     73.76    311.95  -2608.73  -8207.51      0.00      1
1    107107 5626.0     5.13e+08     80.43    246.31   3369.32  -1125.58      0.00      1
1    107108 5626.0     4.37e+08     86.41    102.55  -1748.78   2238.13      0.00      0
1    107109 5626.0     4.27e+08     69.76    158.03  -1000.68  -8098.88      0.00      1
1    107110 5626.0     7.08e+08     85.70      0.49   4729.49  -2519.86      0.00      0
1    107111 5626.0     2.34e+08     74.39     81.70   6362.65   4035.63      0.00      0
1    107112 5626.0     1.17e+08     83.87    341.31  -4139.17  -8013.87      0.00      0
1    107113 5626.0     2.14e+08     79.12    100.31   -856.29    157.13      0.00      0
1    107114 5626.0     7.08e+08     67.52    135.22   -151.28     14.61      0.00      1
1    107115 5626.0     2.75e+08     68.73    301.12  -2437.10 -10131.75      0.00      0
1    107116 5626.0     3.02e+08     75.17    346.80   4883.50   4951.46      0.00      0
1    107117 5626.0     1.45e+08     69.25    199.22   5660.08   4545.48      0.00      0
1    107118 5626.0     1.82e+08     73.55    214.18   2660.44  -3299.27      0.00      0
1    107119 5626.0     2.95e+08     70.78    326.98   -765.06 -10546.93      0.00      0
1    107120 5626.0     3.31e+08     72.32    173.39   3738.65  -8978.46      0.00      1
1    107121 5626.0     2.57e+08     86.40     34.78  -1545.76   4794.40      0.00      0
1    107122 5626.0     7.24e+08     76.52    182.89    618.31  -4009.14      0.00      1
1    107123 5626.0     1.26e+08     81.03    247.24    634.26   -320.35      0.00      0
1    107124 5626.0     1.70e+08     87.79    352.13    937.36   3717.71      0.00      0
1    107125 5626.0     3.09e+08     68.89    331.63   6102.35  -9598.52      0.00      0
1    107126 5626.0     3.80e+08     78.12    288.50   3121.20  -5706.19      0.00      1
1    107127 5626.0     1.38e+08     82.08     99.79  -3597.69  -4802.73      0.00      0
1    107128 5626.0     7.59e+08     74.18     15.76   4680.20  -3464.11      0.00      1
1    107129 5626.0     1.41e+08     79.10    156.78  -2420.97 -10299.00      0.00      0
1    107130 5626.0     3.63e+08     68.06      9.36   5293.18   -866.81      0.00      0
1    107131 5626.0     3.09e+08     72.54     84.88   1772.55 -11293.06      0.00      0
1    107132 5626.0     2.69e+08     76.07    204.11   6362.75  -1502.41      0.00      1
1    107133 5626.0     1.58e+08     75.71    156.50   2170.71   -439.69      0.00      0
1    107134 5626.0     3.09e+08     87.52    223.52   1802.50  -6895.14      0.00      0
1    107135 5626.0     1.32e+08     77.96     27.99   -990.62  -5958.79      0.00      0
1    107136 5626.0     1.86e+08     77.30     80.18  -3697.62   -678.57      0.00      0
1    107137 5626.0     3.98e+08     74.99    206.60  -1128.76   1222.03      0.00      1
1    107138 5626.0     5.75e+08     74.81    115.48   1151.65  -5558.61      0.00      1
1    107139 5626.0     1.74e+08     65.03    268.21   5966.94  -2179.97      0.00      0
1    107140 5626.0     1.41e+08     69.65     88.84  -1362.51  -3496.68      0.00      0
1    107141 5626.0     1.86e+08     79.82    339.58  -3468.40  -8220.88      0.00      0
1    107142 5626.0     1.62e+08     68.57    105.81   3172.02  -3153.77      0.00      0
1    107143 5626.0     1.17e+08     72.53    336.74   4617.40  -5949.23      0.00      0
1    107144 5626.0     1.86e+08     81.87    140.87   4082.10   3568.47      0.00      0
1    107145 5626.0     2.88e+08     81.44    173.68   4766.02  -8749.66      0.00      0
1    107146 5626.0     2.75e+08     78.05    233.05   4472.95    337.62      0.00      0
1    107147 5626.0     9.55e+08     75.58    186.68   2326.80   -697.32      0.00      1
1    107148 5626.0     2.04e+08     72.14    161.26  -3159.66  -4746.97      0.00      0
1    107149 5626.0     4.57e+08     80.44    214.05   2523.80  -3066.12      0.00      1
1    107150 5626.0     1.26e+08     85.48    311.68   4115.61   -494.38      0.00      0
1    107151 5626.0     6.76e+08     79.95    129.09   4177.18  -8574.76      0.00      1
1    107152 5626.0     5.50e+08     66.96    332.96   2069.93  -7152.44      0.00      0
1    107153 5626.0     5.89e+08     69.08    103.13    -24.36    917.49      0.00      1
1    107154 5626.0     1.02e+08     79.77     21.48   -287.43  -4839.88      0.00      0
1    107155 5626.0     7.94e+08     82.93    171.16   4112.78 -10679.90      0.00      1
1    107156 5626.0     1.02e+08     69.85    226.80   3428.54  -1240.17      0.00      0
1    107157 5626.0     2.95e+08     77.83    234.69  -1696.42   2438.42      0.00      0
1    107158 5626.0     2.75e+08     78.76     78.92   2821.49  -6062.71      0.00      0
1    107159 5626.0     1.86e+08     80.02    352.14   4704.55   4606.85      0.00      0
1    107160 5626.0     4.68e+08     77.76     33.27   5722.66  -2478.19      0.00      1
1    107161 5626.0     3.39e+08     86.71     77.85   1044.59   3603.86      0.00      0
1    107162 5626.0     1.12e+08     73.64    351.27   -494.07  -9384.16      0.00      0
1    107163 5626.0     3.24e+08     75.23    263.12  -3339.22   1763.67      0.00      1
1    107164 5626.0     2.82e+08     71.49    322.05  -3447.20  -3484.73      0.00      0
1    107165 5626.0     6.31e+08     79.90     96.37   4677.01  -6371.73      0.00      1
1    107166 5626.0     2.29e+08     67.77    300.14  -4070.47   5099.34      0.00      0
1    107167 5626.0     4.68e+08     81.52    188.37   5950.77  -8166.37      0.00      1
1    107168 5626.0     6.31e+08     69.49     64.56  -3775.14  -4576.43      0.00      1
1    107169 5626.0     2.24e+08     71.27     92.42  -3454.36  -5266.31      0.00      0
1    107170 5626.0     3.72e+08     68.99     22.57   2717.77  -8162.08      0.00      0
1    107171 5626.0     2.40e+08     81.33    316.95   4909.10  -3893.45      0.00      0
1    107172 5626.0     9.77e+08     82.21    346.66  -3254.88  -8692.04      0.00      1
1    107173 5626.0     1.05e+08     86.35    162.10  -3145.17   2509.87      0.00      0
1    107174 5626.0     2.09e+08     80.73    257.39   2544.95    845.78      0.00      0
1    107175 5626.0     2.69e+08     77.15    250.29  -2427.04  -6451.41      0.00      0
1    107176 5626.0     4.37e+08     87.04    258.56  -2996.88  -8169.68      0.00      0
1    107177 5626.0     1.23e+08     78.93    155.64   3627.09 -10990.45      0.00      0
1    107178 5626.0     1.02e+08     79.84    293.67  -2920.19  -8932.57      0.00      0
1    107179 5626.0     7.41e+08     69.10     34.27  -3610.84  -4860.10      0.00      1
1    107180 5626.0     3.98e+08     71.64     66.48  -4358.18  -3082.55      0.00      1
1    107181 5626.0     3.89e+08     73.54     41.49  -2659.76   5173.12      0.00      1
1    107182 5626.0     1.02e+08     67.36    295.62  -1767.81   3689.52      0.00      0
1    107183 5626.0     3.09e+08     70.17    155.78    454.15   2249.82      0.00      1
1    107184 5626.0     2.88e+08     66.05    130.15   3170.05   2508.46      0.00      0
1    107185 5626.0     4.90e+08     77.75    103.71   1410.47  -9624.12      0.00      1
1    107186 5626.0     2.29e+08     78.56    142.24   5988.17  -1813.83      0.00      0
1    107187 5626.0     2.57e+08     76.43    204.61   6165.40  -5170.09      0.00      0
1    107188 5626.0     3.47e+08     73.08     54.64   2075.93    594.31      0.00      1
1    107189 5626.0     2.51e+08     75.75    324.10  -1927.66  -3340.30      0.00      0
1    107190 5626.0     3.24e+08     76.83      6.76   4921.04 -10339.86      0.00      0
1    107191 5626.0     7.94e+08     76.84     84.69   -588.42  -2991.40      0.00      1
1    107192 5626.0     7.76e+08     79.27    234.87   1825.18  -3195.46      0.00      1
1    107193 5626.0     4.68e+08     80.68    168.25   2535.44  -5493.12      0.00      1
1    107194 5626.0     1.17e+08     68.83    135.44  -3166.88   4723.58      0.00      0
1    107195 5626.0     3.89e+08     74.52    253.19  -3978.48  -2554.27      0.00      1
1    107196 5626.0     4.79e+08     86.23    193.45   -796.52   -371.66      0.00      0
1    107197 5626.0     2.19e+08     86.66    131.97  -2377.52  -7366.95      0.00      0
1    107198 5626.0     1.51e+08     80.98    149.49   4324.60  -9676.72      0.00      0
1    107199 5626.0     5.01e+08     83.57      7.82    931.24  -6151.50      0.00      0
