1      4200 14.0       1.10e+10     74.41    219.91  -4048.91  -1473.48      0.00      1
1      4201 14.0       7.41e+09     74.43    337.10   5032.13  -1833.54      0.00      1
1      4202 14.0       2.34e+10     66.75     99.67   3263.09   -835.75      0.00      1
1      4203 14.0       3.24e+10     87.45    351.75  -1658.46   -447.81      0.00      1
1      4204 14.0       2.09e+10     79.56    215.67   -719.52  -3674.96      0.00      1
1      4205 14.0       6.76e+10     79.21    248.21  -2851.65  -9597.56      0.00      1
1      4206 14.0       1.45e+09     78.07    294.06   6073.00  -1006.59      0.00      1
1      4207 14.0       2.04e+09     83.95    282.14   -944.69   2173.48      0.00      1
1      4208 14.0       1.74e+10     74.27     69.42   3009.56 -11023.30      0.00      1
1      4209 14.0       5.50e+10     71.60    274.48   1633.86  -4080.99      0.00      1
1      4210 14.0       2.40e+10     79.39      1.85   6321.57  -8301.58      0.00      1
1      4211 14.0       5.13e+09     83.87    253.35  -3957.42 -10098.37      0.00      1
1      4212 14.0       2.09e+09     71.13    156.19  -2722.10  -1665.37      0.00      1
1      4213 14.0       8.91e+10     65.77    105.06   2301.41  -8253.60      0.00      0
1      4214 14.0       3.80e+09     70.95     40.49  -2583.32   3835.76      0.00      1
1      4215 14.0       1.86e+10     66.29    252.40    644.17  -8531.42      0.00      0
1      4216 14.0       4.27e+09     70.35    172.46   2722.11  -1005.97      0.00      1
1      4217 14.0       4.17e+09     73.03    341.58   5354.05   2047.08      0.00      1
1      4218 14.0       2.14e+10     78.12     92.75  -3754.83  -1757.27      0.00      1
1      4219 14.0       7.76e+09     80.83     55.76  -1876.54   4348.41      0.00      1
1      4220 14.0       8.51e+10     75.50    123.72  -3848.62   -885.26      0.00      1
1      4221 14.0       1.29e+10     74.60     93.06    758.14  -8265.44      0.00      1
1      4222 14.0       1.62e+09     85.50     22.60   1947.32  -1917.77      0.00      1
1      4223 14.0       2.34e+10     78.74    342.63   3842.16   1015.23      0.00      1
1      4224 14.0       2.88e+10     83.17    175.91  -3233.26  -8984.85      0.00      1
1      4225 14.0       3.02e+10     82.64     66.87   5923.00    -32.82      0.00      1
1      4226 14.0       1.38e+09     81.55    114.96   4081.35   -264.65      0.00      1
1      4227 14.0       2.40e+09     65.02     61.31   2458.68    966.82      0.00      1
1      4228 14.0       5.62e+10     66.96    299.33  -2134.59 -10607.14      0.00      1
1      4229 14.0       3.89e+10     66.00     84.51  -3276.09  -4637.73      0.00      0
1      4230 14.0       4.27e+10     74.09    208.87   -229.56   1599.12      0.00      1
1      4231 14.0       2.19e+10     79.61    162.69   4350.79  -1843.69      0.00      1
1      4232 14.0       4.57e+10     74.74    297.54     11.65   -236.56      0.00      1
1      4233 14.0       1.55e+10     80.95     35.70   1387.48   -803.12      0.00      1
1      4234 14.0       1.82e+09     71.99    137.02   -819.56  -1829.57      0.00      1
1      4235 14.0       4.79e+10     70.05     27.17  -3389.52   2299.48      0.00      1
1      4236 14.0       8.71e+10     83.71     54.19  -4277.17  -1563.66      0.00      1
1      4237 14.0       7.59e+09     83.19    114.04    402.26  -1394.14      0.00      1
1      4238 14.0       4.90e+10     65.70    321.01  -2420.74 -10065.55      0.00      0
1      4239 14.0       4.07e+10     72.10    183.47   3024.18  -7892.58      0.00      1
1      4240 14.0       1.23e+10     75.46     65.16   -443.19   1850.23      0.00      1
1      4241 14.0       1.41e+09     84.90    232.78   -844.71    516.05      0.00      1
1      4242 14.0       1.62e+09     77.50     26.43   1401.69  -5850.47      0.00      1
1      4243 14.0       2.57e+10     80.60    201.79    793.22  -2536.52      0.00      1
1      4244 14.0       6.17e+09     78.96    305.84   4104.76  -3199.89      0.00      1
1      4245 14.0       8.13e+10     69.04    298.08    312.65   4413.69      0.00      1
1      4246 14.0       2.14e+09     83.58    197.51   2085.18  -2318.52      0.00      1
1      4247 14.0       8.13e+09     81.16    279.97  -1346.03  -7937.88      0.00      1
1      4248 14.0       1.10e+10     87.06     64.70   2783.03  -3566.57      0.00      1
1      4249 14.0       1.15e+10     85.00    333.98   5261.79  -1922.03      0.00      1
1      4250 14.0       1.58e+09     66.76     78.16   1310.42  -6349.66      0.00      0
1      4251 14.0       8.91e+09     73.82    268.42   -576.44  -1412.94      0.00      1
1      4252 14.0       2.63e+09     77.64    356.39   -257.87  -4024.84      0.00      1
1      4253 14.0       1.45e+10     66.10    323.49   5892.70 -11240.32      0.00      0
1      4254 14.0       3.16e+09     69.05    105.48  -1400.29  -9117.28      0.00      1
1      4255 14.0       3.24e+09     67.14    293.61   3087.49   2925.63      0.00      1
1      4256 14.0       1.32e+10     78.74    266.79  -2690.47   1106.79      0.00      1
1      4257 14.0       2.04e+10     67.16    170.71   2589.44   2444.86      0.00      1
1      4258 14.0       6.03e+09     68.48    107.44  -4249.90  -9719.35      0.00      1
1      4259 14.0       6.46e+10     85.75    223.11   -809.11  -8808.98      0.00      1
1      4260 14.0       1.45e+09     81.52     50.17  -3291.77 -10180.28      0.00      1
1      4261 14.0       6.46e+09     66.01    281.00    396.26   4885.80      0.00      0
1      4262 14.0       1.10e+10     87.09    167.16   4069.45  -1551.65      0.00      1
1      4263 14.0       1.15e+09     67.83    353.44  -2729.20  -7694.78      0.00      0
1      4264 14.0       2.88e+10     69.75     94.65   -939.13  -1140.07      0.00      1
1      4265 14.0       5.50e+10     85.42    206.36  -3563.42 -10444.41      0.00      1
1      4266 14.0       2.24e+10     66.46     49.12   -147.55   1608.83      0.00      1
1      4267 14.0       7.41e+09     82.91    324.46   4869.68  -3367.84      0.00      1
1      4268 14.0       2.75e+10     65.46    125.59  -4238.50  -1426.44      0.00      0
1      4269 14.0       5.25e+10     73.20     75.94   1821.59  -5532.78      0.00      1
1      4270 14.0       1.74e+09     72.54    298.11   3995.12  -5094.26      0.00      1
1      4271 14.0       4.57e+09     66.61    220.64    810.90   3683.65      0.00      0
1      4272 14.0       2.82e+10     66.31    239.63   -633.71   3548.44      0.00      1
1      4273 14.0       2.14e+10     74.53     43.30   2400.49  -7496.41      0.00      1
1      4274 14.0       5.62e+10     71.33     14.24  -3808.15   4227.67      0.00      1
1      4275 14.0       3.47e+09     68.19    339.10   4311.15  -8691.39      0.00      1
1      4276 14.0       1.95e+09     78.30    236.95   5574.48  -2234.19      0.00      1
1      4277 14.0       4.27e+09     78.13    215.35   5168.21  -3851.42      0.00      1
1      4278 14.0       1.78e+09     65.67    294.72   5091.07  -7866.48      0.00      1
1      4279 14.0       6.03e+10     78.47    261.28   1554.26    829.04      0.00      1
1      4280 14.0       1.55e+10     68.99    146.96   2761.28   -204.07      0.00      1
1      4281 14.0       3.63e+10     71.15    117.80   5120.47  -8556.23      0.00      1
1      4282 14.0       3.55e+10     72.97    313.05   1706.38 -11073.44      0.00      1
1      4283 14.0       2.63e+09     74.41    325.27   -722.82 -10318.76      0.00      1
1      4284 14.0       2.00e+09     84.26    224.27   1012.15  -9875.06      0.00      1
1      4285 14.0       3.89e+09     70.67    199.06   2580.88  -7552.45      0.00      1
1      4286 14.0       7.24e+10     69.51    354.89   4547.70  -3850.36      0.00      1
1      4287 14.0       6.17e+09     65.69     75.40    864.81  -8359.58      0.00      0
1      4288 14.0       1.12e+09     70.16    264.60   4513.50 -11034.67      0.00      0
1      4289 14.0       5.75e+10     77.98    240.67  -1498.42   -384.78      0.00      1
1      4290 14.0       1.12e+09     87.51    180.49  -2161.00  -2843.77      0.00      0
1      4291 14.0       5.62e+10     85.63    105.48   6439.03  -1965.33      0.00      1
1      4292 14.0       7.41e+09     85.20     19.33   5670.52   4981.13      0.00      1
1      4293 14.0       1.62e+10     85.37    209.82   -896.40  -7394.79      0.00      1
1      4294 14.0       4.57e+09     80.31    167.10   4216.01  -4296.90      0.00      1
1      4295 14.0       1.38e+10     85.62    158.38   2006.69  -8793.42      0.00      1
1      4296 14.0       5.01e+09     83.30     58.19    828.88  -1235.59      0.00      1
1      4297 14.0       2.14e+09     75.64     56.85   2079.01  -6507.47      0.00      1
1      4298 14.0       2.34e+09     68.80    138.75  -3813.22  -4213.03      0.00      1
1      4299 14.0       4.79e+10     85.71    218.43    587.98    939.73      0.00      1
