1      1300 14.0       1.58e+09     87.87    349.63  -3043.11  -9258.10      0.00      0
1      1301 14.0       1.66e+10     70.07     46.13   5191.71   1309.87      0.00      1
1      1302 14.0       2.40e+10     81.25    283.43   6099.71   2452.61      0.00      1
1      1303 14.0       9.55e+09     85.43     94.97   5601.68  -9018.64      0.00      1
1      1304 14.0       3.98e+10     74.89    202.30    -10.72   4202.96      0.00      1
1      1305 14.0       5.25e+09     74.33    343.82   4535.61   2271.56      0.00      1
1      1306 14.0       8.32e+10     85.11     37.47  -2788.44  -8561.47      0.00      1
1      1307 14.0       1.66e+09     72.52    279.81    311.05   4124.59      0.00      1
1      1308 14.0       2.40e+09     70.52     75.16   6158.66   3120.48      0.00      1
1      1309 14.0       2.09e+09     77.90    202.09    638.65  -3108.72      0.00      1
1      1310 14.0       6.61e+09     67.37    286.47  -2484.38  -1085.61      0.00      1
1      1311 14.0       6.46e+09     77.45    127.57  -3205.90   4825.37      0.00      1
1      1312 14.0       2.63e+09     84.69    115.27  -1357.46   1393.93      0.00      1
1      1313 14.0       2.29e+10     65.31     69.10    967.19  -6567.33      0.00      0
1      1314 14.0       6.31e+10     87.68    162.29   -535.81  -9659.40      0.00      1
1      1315 14.0       6.61e+09     71.17    252.85  -1074.08  -4652.93      0.00      1
1      1316 14.0       5.25e+10     72.14    180.74   1287.88   -625.65      0.00      1
1      1317 14.0       1.78e+09     73.08    355.76  -2437.40   -813.24      0.00      1
1      1318 14.0       4.90e+10     79.06    309.56  -4329.37  -6279.52      0.00      1
1      1319 14.0       3.47e+09     72.39     10.37   -956.61   2994.39      0.00      1
1      1320 14.0       2.29e+10     66.76    192.72   6020.13  -2136.30      0.00      0
1      1321 14.0       2.63e+10     66.27     95.67  -2896.88  -9485.59      0.00      0
1      1322 14.0       9.55e+09     65.66    148.28   2511.91  -1825.30      0.00      1
1      1323 14.0       4.47e+09     78.58    232.92   5950.08  -2062.36      0.00      1
1      1324 14.0       5.50e+09     71.37     19.61    786.30   3185.43      0.00      1
1      1325 14.0       5.13e+10     79.41    339.35  -1613.21 -10347.28      0.00      1
1      1326 14.0       1.35e+09     68.78    350.20   5254.83  -3880.56      0.00      1
1      1327 14.0       1.62e+10     65.42    330.07    984.95   3140.42      0.00      0
1      1328 14.0       2.82e+10     73.09      6.96   4275.46  -3756.91      0.00      1
1      1329 14.0       4.47e+10     85.79     11.94   2473.63  -2957.90      0.00      1
1      1330 14.0       7.08e+09     72.33    191.63   6375.25   4912.81      0.00      0
1      1331 14.0       9.12e+10     84.25      2.66   3302.76  -7096.24      0.00      1
1      1332 14.0       1.51e+09     83.56    143.45  -3914.82   4993.97      0.00      1
1      1333 14.0       1.29e+09     76.96    310.63   3806.01     23.14      0.00      1
1      1334 14.0       1.70e+09     85.59    202.77   -145.57  -4630.26      0.00      1
1      1335 14.0       3.47e+09     66.66    301.32   5686.25     48.20      0.00      1
1      1336 14.0       6.17e+10     72.73    213.56   3964.46   2530.69      0.00      1
1      1337 14.0       2.09e+09     81.46    115.72   4168.28  -6632.32      0.00      1
1      1338 14.0       2.82e+10     83.69    271.64    803.47  -6528.22      0.00      1
1      1339 14.0       3.31e+10     78.70    145.66   5396.81 -11169.26      0.00      1
1      1340 14.0       6.17e+09     87.20    254.20   1839.78  -4546.85      0.00      1
1      1341 14.0       1.07e+09     84.04     48.77  -2848.52  -3482.45      0.00      1
1      1342 14.0       5.13e+09     83.93    105.27   2063.77   3532.13      0.00      1
1      1343 14.0       6.92e+10     75.36    110.49  -4387.71  -3225.04      0.00      1
1      1344 14.0       1.66e+09     81.14     73.11   -460.29   2107.93      0.00      1
1      1345 14.0       2.14e+09     65.47    147.40   1626.87    969.24      0.00      1
1      1346 14.0       1.32e+10     85.04     46.48  -2810.56   -213.93      0.00      1
1      1347 14.0       3.02e+10     80.74    340.84  -2555.32  -9190.49      0.00      1
1      1348 14.0       8.91e+10     65.40    171.79   3647.05  -7126.01      0.00      0
1      1349 14.0       4.37e+09     86.36    233.73    626.68   4525.28      0.00      1
1      1350 14.0       3.63e+09     68.84    200.47   2115.35   2710.98      0.00      1
1      1351 14.0       6.92e+10     70.11    352.97   2500.68 -10050.16      0.00      1
1      1352 14.0       7.24e+10     65.58    248.91   1100.40   4724.13      0.00      1
1      1353 14.0       1.51e+10     72.72    165.55   4577.60   4624.60      0.00      1
1      1354 14.0       6.92e+09     73.81    177.08   5449.75  -8989.30      0.00      1
1      1355 14.0       1.35e+09     77.56    276.56  -2364.79   1432.61      0.00      1
1      1356 14.0       2.69e+09     68.96    236.22   2153.74  -8627.40      0.00      1
1      1357 14.0       3.09e+09     86.13    245.60   4556.76  -6310.26      0.00      1
1      1358 14.0       5.62e+10     68.97    158.39  -2338.84   4060.18      0.00      0
1      1359 14.0       2.00e+09     78.51    349.72   4275.98  -6944.31      0.00      1
1      1360 14.0       7.59e+09     82.46    118.77   1046.32  -8129.59      0.00      1
1      1361 14.0       1.38e+09     68.72    127.75  -1889.26  -6145.01      0.00      1
1      1362 14.0       2.40e+10     73.28    220.42   -946.90  -2881.84      0.00      1
1      1363 14.0       5.50e+10     85.96     26.35   1397.11    452.76      0.00      1
1      1364 14.0       1.38e+10     82.02    321.42  -2563.63  -6383.42      0.00      1
1      1365 14.0       3.55e+09     68.63    322.34  -3347.34 -10873.34      0.00      1
1      1366 14.0       5.25e+09     73.25    173.32  -3484.28  -6646.66      0.00      1
1      1367 14.0       6.92e+10     77.69    326.53   -367.44  -8419.25      0.00      1
1      1368 14.0       3.09e+10     76.12    211.40  -3554.68  -4790.19      0.00      1
1      1369 14.0       7.24e+09     71.97    241.36   4414.84  -3228.34      0.00      1
1      1370 14.0       1.48e+10     78.31    332.10   2465.50  -7944.31      0.00      1
1      1371 14.0       3.16e+09     73.07    133.77    439.02 -10750.19      0.00      1
1      1372 14.0       7.08e+10     67.53     75.42   1293.18  -9588.89      0.00      1
1      1373 14.0       7.41e+10     82.76    117.28  -2376.45  -2106.08      0.00      1
1      1374 14.0       2.14e+09     73.82      1.88   -788.74  -4254.44      0.00      1
1      1375 14.0       6.03e+09     85.63      1.83  -4196.30  -5036.50      0.00      1
1      1376 14.0       2.69e+10     85.00    173.78  -3283.64 -10079.33      0.00      1
1      1377 14.0       5.25e+09     75.98    121.82    489.48   3071.99      0.00      1
1      1378 14.0       6.61e+09     76.91    221.03   3532.73     71.18      0.00      1
1      1379 14.0       1.74e+10     66.26    138.68  -1856.70   4545.19      0.00      0
1      1380 14.0       7.08e+10     81.36    164.24   3838.26  -8359.95      0.00      1
1      1381 14.0       6.92e+09     85.76      4.45   1595.03   1688.75      0.00      1
1      1382 14.0       8.13e+10     86.26     97.84   6456.81   -480.84      0.00      1
1      1383 14.0       2.88e+10     68.74    226.17  -1874.94   1431.64      0.00      1
1      1384 14.0       8.91e+09     87.80     57.18  -2923.34   1855.26      0.00      1
1      1385 14.0       3.89e+10     82.23     50.78   2160.52  -7372.29      0.00      1
1      1386 14.0       6.46e+10     69.16    183.65   4071.56  -1507.50      0.00      1
1      1387 14.0       4.79e+09     72.71     96.67    823.86    410.22      0.00      1
1      1388 14.0       9.33e+10     71.84    265.88  -2253.77  -7729.69      0.00      1
1      1389 14.0       1.10e+10     86.78    236.99  -3233.23   1533.08      0.00      1
1      1390 14.0       7.41e+09     69.23     68.53  -1788.14   1231.21      0.00      1
1      1391 14.0       2.00e+09     67.10     54.57   -504.59  -5626.91      0.00      1
1      1392 14.0       2.69e+10     78.34    163.29   1728.08  -8932.50      0.00      1
1      1393 14.0       5.13e+10     78.78    347.14    242.18   3153.80      0.00      1
1      1394 14.0       1.35e+09     86.25     45.55  -1295.28  -3957.48      0.00      0
1      1395 14.0       2.00e+09     67.58    167.20   3544.99  -2409.72      0.00      1
1      1396 14.0       7.59e+09     73.92    298.06   2878.61  -5116.16      0.00      1
1      1397 14.0       1.48e+10     70.44    241.77   5836.21  -6806.31      0.00      1
1      1398 14.0       8.91e+09     65.11    288.51  -1458.63    242.85      0.00      1
1      1399 14.0       4.68e+10     73.95    100.94   3059.18 -10380.92      0.00      0
