1      7200 14.0       8.91e+08     74.75     57.06  -4282.23 -11118.40      0.00      1
1      7201 14.0       1.26e+08     74.88    286.13   2436.32   1688.50      0.00      0
1      7202 14.0       1.02e+08     70.98    290.15   5775.02  -9423.62      0.00      0
1      7203 14.0       8.51e+08     74.25    108.49   6445.72  -1976.11      0.00      1
1      7204 14.0       3.02e+08     82.45     86.63   1222.00  -7842.92      0.00      0
1      7205 14.0       1.91e+08     67.64     44.59  -3317.52  -7630.05      0.00      0
1      7206 14.0       8.71e+08     77.51    204.23  -2780.52   3691.84      0.00      1
1      7207 14.0       1.05e+08     77.66    343.56   -754.18    863.18      0.00      0
1      7208 14.0       2.00e+08     79.73    186.43    469.86  -7078.18      0.00      0
1      7209 14.0       6.61e+08     78.00     69.81    582.36  -8830.73      0.00      1
1      7210 14.0       2.45e+08     86.13    241.85   2936.56  -8837.04      0.00      0
1      7211 14.0       9.77e+08     72.61    272.86   1499.05    400.98      0.00      1
1      7212 14.0       2.63e+08     84.13    309.34   2707.45  -7909.68      0.00      0
1      7213 14.0       1.26e+08     86.70    224.24  -1358.59  -9568.52      0.00      0
1      7214 14.0       8.13e+08     72.66     40.29   1692.10  -8907.45      0.00      1
1      7215 14.0       5.01e+08     70.74    255.92   4551.66  -4282.24      0.00      1
1      7216 14.0       2.75e+08     71.91    288.21   5009.85    287.06      0.00      1
1      7217 14.0       6.17e+08     70.59     20.31   4808.19  -1151.69      0.00      1
1      7218 14.0       9.12e+08     84.35    274.11  -2109.69   2257.82      0.00      1
1      7219 14.0       2.00e+08     86.54    274.50   3697.25  -5387.66      0.00      0
1      7220 14.0       4.68e+08     66.99     71.26   1860.06    994.51      0.00      1
1      7221 14.0       1.70e+08     87.54    125.87   4978.62  -7801.09      0.00      0
1      7222 14.0       1.05e+08     83.50    222.16   -602.32  -5061.51      0.00      0
1      7223 14.0       6.92e+08     73.28     59.49  -3839.69   1046.72      0.00      1
1      7224 14.0       1.82e+08     72.93    191.34   3283.10  -5087.34      0.00      0
1      7225 14.0       3.24e+08     71.92    317.65   4714.03   4397.78      0.00      0
1      7226 14.0       1.48e+08     80.00    102.18    835.30  -5051.56      0.00      0
1      7227 14.0       2.82e+08     87.81    180.72   -100.78  -3913.35      0.00      0
1      7228 14.0       7.24e+08     73.09    122.09   2089.75   2020.29      0.00      1
1      7229 14.0       1.29e+08     87.05    214.91  -3603.96    339.18      0.00      0
1      7230 14.0       8.51e+08     84.95    149.44   -224.98   1994.34      0.00      1
1      7231 14.0       7.41e+08     76.91    212.20   4537.51  -1837.19      0.00      1
1      7232 14.0       9.55e+08     79.31     28.48   3559.63    539.95      0.00      1
1      7233 14.0       3.47e+08     82.28     60.98   6262.08    974.01      0.00      0
1      7234 14.0       3.16e+08     81.45     47.70   2967.84    405.28      0.00      0
1      7235 14.0       3.39e+08     77.55      2.90   3319.87   4575.07      0.00      1
1      7236 14.0       6.46e+08     83.53    299.66   4465.89  -8576.41      0.00      0
1      7237 14.0       3.72e+08     78.83    276.15  -2884.53  -7101.02      0.00      1
1      7238 14.0       5.01e+08     87.19    305.78   2305.58  -7191.36      0.00      0
1      7239 14.0       4.47e+08     81.75    228.68   3226.61  -4895.61      0.00      0
1      7240 14.0       2.88e+08     81.58     29.20   4252.30  -7096.43      0.00      0
1      7241 14.0       2.00e+08     82.80    193.18   5316.92    641.25      0.00      0
1      7242 14.0       7.24e+08     81.07    260.30   1464.20  -8866.68      0.00      1
1      7243 14.0       6.31e+08     87.35    246.87   4998.01   1186.51      0.00      0
1      7244 14.0       3.31e+08     81.38    103.69   5442.99  -7033.79      0.00      0
1      7245 14.0       7.08e+08     68.14      9.87  -3970.28   1795.86      0.00      0
1      7246 14.0       3.89e+08     81.33     79.63    162.27   1098.69      0.00      1
1      7247 14.0       2.34e+08     74.39    345.46   5361.83  -5200.36      0.00      1
1      7248 14.0       5.75e+08     70.70     81.48    -82.46   3904.46      0.00      1
1      7249 14.0       2.75e+08     72.34    228.70   3442.01   4776.04      0.00      0
1      7250 14.0       4.68e+08     66.99      2.93   3635.15  -4443.65      0.00      0
1      7251 14.0       3.09e+08     65.09    246.75   2625.06   -169.14      0.00      0
1      7252 14.0       5.37e+08     67.88     29.78   5409.82   4556.60      0.00      0
1      7253 14.0       3.55e+08     65.24    152.78   -238.72  -6256.76      0.00      0
1      7254 14.0       4.68e+08     74.65    149.15   2770.72   1941.95      0.00      1
1      7255 14.0       2.09e+08     69.47    267.56   -894.40  -9719.24      0.00      0
1      7256 14.0       8.71e+08     80.41     26.71   4603.09  -8901.03      0.00      1
1      7257 14.0       1.74e+08     72.23    150.26   3466.01  -6156.11      0.00      0
1      7258 14.0       2.19e+08     74.34    177.06    346.58  -3842.68      0.00      1
1      7259 14.0       3.24e+08     73.24    244.06   3030.14   1981.92      0.00      1
1      7260 14.0       1.17e+08     69.87     62.30   1222.71  -1072.06      0.00      0
1      7261 14.0       8.13e+08     84.96     80.00    433.24  -7910.52      0.00      1
1      7262 14.0       5.01e+08     72.90    239.24   5444.38  -8015.85      0.00      1
1      7263 14.0       6.31e+08     68.67    330.90   1441.54 -10921.05      0.00      1
1      7264 14.0       4.27e+08     83.24    163.16  -4078.42   4415.67      0.00      0
1      7265 14.0       2.04e+08     84.15    352.67   5642.04   5126.18      0.00      0
1      7266 14.0       1.10e+08     68.18     78.74   5868.26  -4508.24      0.00      0
1      7267 14.0       2.04e+08     75.05    131.66   5502.52  -5844.42      0.00      0
1      7268 14.0       1.00e+09     80.11    327.52   -485.12    304.72      0.00      1
1      7269 14.0       1.95e+08     71.33    104.96  -2951.78  -1891.40      0.00      0
1      7270 14.0       1.74e+08     75.73    110.09   3733.39   -453.84      0.00      0
1      7271 14.0       2.45e+08     70.15    178.01  -1077.43   -685.51      0.00      1
1      7272 14.0       5.13e+08     77.11    104.32   3186.66  -7827.89      0.00      1
1      7273 14.0       2.45e+08     85.68    148.72  -3046.52  -8531.34      0.00      0
1      7274 14.0       5.01e+08     80.30    125.11  -2396.20   -713.17      0.00      1
1      7275 14.0       1.38e+08     85.83    192.04   1734.13  -7075.80      0.00      0
1      7276 14.0       7.24e+08     86.46     62.28   4486.45  -8611.36      0.00      0
1      7277 14.0       5.75e+08     83.23    263.11  -2110.61  -2758.15      0.00      1
1      7278 14.0       1.66e+08     71.76    136.73   2327.58  -4850.92      0.00      0
1      7279 14.0       8.91e+08     83.63     97.93    180.27  -8979.08      0.00      1
1      7280 14.0       1.55e+08     80.83    274.57  -3580.93 -10650.45      0.00      0
1      7281 14.0       1.15e+08     65.01    133.68   4525.92   5015.51      0.00      0
1      7282 14.0       7.76e+08     78.00    114.40   6015.52  -6457.35      0.00      1
1      7283 14.0       2.14e+08     83.21    134.28  -3752.59  -3144.35      0.00      0
1      7284 14.0       3.47e+08     76.29    240.51   2709.87   1285.60      0.00      1
1      7285 14.0       1.05e+08     67.57      4.70  -2104.11   4737.83      0.00      0
1      7286 14.0       3.55e+08     87.44    235.10   -781.47  -8891.50      0.00      0
1      7287 14.0       1.20e+08     87.72    202.51  -2895.58   4578.01      0.00      0
1      7288 14.0       2.19e+08     83.06    236.38   2521.97   4362.56      0.00      0
1      7289 14.0       1.82e+08     73.14    178.42   1758.13  -8674.13      0.00      0
1      7290 14.0       1.41e+08     74.42    329.86  -2784.30   4457.88      0.00      0
1      7291 14.0       7.08e+08     80.29    183.14   5064.29   4666.14      0.00      1
1      7292 14.0       1.78e+08     84.51    251.97   4431.98  -8178.70      0.00      0
1      7293 14.0       4.27e+08     74.33    145.61   2523.33   3736.79      0.00      1
1      7294 14.0       9.55e+08     83.57    211.10  -2340.34  -9655.31      0.00      1
1      7295 14.0       1.07e+08     71.62    133.52  -4377.46 -10131.84      0.00      0
1      7296 14.0       4.79e+08     87.60    136.22   6096.91  -9041.96      0.00      0
1      7297 14.0       2.34e+08     74.49    229.95  -4102.01   2107.13      0.00      0
1      7298 14.0       4.27e+08     75.27    320.54  -2373.27  -5246.09      0.00      1
1      7299 14.0       1.32e+08     78.56    232.44   2804.36   3876.67      0.00      0
