1      5700 14.0       5.37e+08     75.79     41.18  -1674.05   3429.87      0.00      1
1      5701 14.0       7.59e+08     81.88     38.78  -1766.61   -198.43      0.00      1
1      5702 14.0       1.15e+08     80.69    292.00    534.78  -4620.16      0.00      0
1      5703 14.0       1.29e+08     69.19     78.95  -1957.08  -6356.38      0.00      0
1      5704 14.0       6.31e+08     67.60    206.67   3718.87  -9127.20      0.00      0
1      5705 14.0       4.79e+08     84.64    164.45  -2979.68  -1681.68      0.00      0
1      5706 14.0       4.47e+08     69.24    194.97   -685.10   -632.30      0.00      1
1      5707 14.0       1.48e+08     77.75    167.65   1858.42  -8737.77      0.00      0
1      5708 14.0       1.51e+08     76.92    233.84  -3115.02   4144.32      0.00      0
1      5709 14.0       1.35e+08     86.55    134.19   3180.99    218.56      0.00      0
1      5710 14.0       1.48e+08     72.79    358.11   5979.64  -4825.10      0.00      0
1      5711 14.0       2.09e+08     68.92    102.75   1651.45   4541.73      0.00      0
1      5712 14.0       1.26e+08     82.88    152.29   3650.97  -2021.53      0.00      0
1      5713 14.0       2.29e+08     85.61    182.11   1213.00  -4734.99      0.00      0
1      5714 14.0       1.82e+08     84.26    308.09   4480.41  -9901.33      0.00      0
1      5715 14.0       1.66e+08     71.54    148.89  -2253.64   3617.25      0.00      0
1      5716 14.0       4.07e+08     69.55    111.07  -3236.43   1911.57      0.00      0
1      5717 14.0       4.17e+08     68.50    358.69   2651.88  -3391.76      0.00      1
1      5718 14.0       3.24e+08     66.74    278.63   4173.59    346.75      0.00      0
1      5719 14.0       1.29e+08     68.71     37.78  -1489.33   2225.39      0.00      0
1      5720 14.0       1.05e+08     84.05     23.72    645.73  -6059.31      0.00      0
1      5721 14.0       1.48e+08     79.35    283.49  -1270.85   -934.33      0.00      0
1      5722 14.0       1.82e+08     84.74    226.87   2447.64  -8985.82      0.00      0
1      5723 14.0       1.51e+08     75.52    253.37  -3592.64  -9728.63      0.00      0
1      5724 14.0       6.31e+08     73.45     85.60    775.71  -9414.80      0.00      1
1      5725 14.0       4.90e+08     85.46     94.56   2487.44    825.46      0.00      0
1      5726 14.0       1.23e+08     82.88    328.53   4396.40  -6801.14      0.00      0
1      5727 14.0       6.31e+08     81.48    287.76   4175.59  -5761.38      0.00      1
1      5728 14.0       1.05e+08     82.29     44.11   4333.17  -3262.31      0.00      0
1      5729 14.0       2.29e+08     70.69    127.68   4483.10  -9916.58      0.00      0
1      5730 14.0       2.82e+08     76.42    163.31  -1604.12  -5318.58      0.00      1
1      5731 14.0       9.77e+08     78.43    135.83   2799.20  -3855.26      0.00      1
1      5732 14.0       2.95e+08     74.32    196.89   2537.01  -5676.33      0.00      1
1      5733 14.0       7.94e+08     84.48    298.53  -2990.17  -2862.32      0.00      1
1      5734 14.0       4.17e+08     85.74      1.38  -1508.30   -578.32      0.00      0
1      5735 14.0       9.12e+08     68.75    202.43  -2437.13  -2602.09      0.00      1
1      5736 14.0       4.47e+08     67.71    197.31   3681.02  -7193.39      0.00      0
1      5737 14.0       1.91e+08     79.40    132.74    130.68 -10098.94      0.00      0
1      5738 14.0       3.98e+08     85.98    115.67  -3378.56    470.54      0.00      0
1      5739 14.0       1.78e+08     81.63    232.04   1621.14  -5695.52      0.00      0
1      5740 14.0       4.68e+08     77.59     56.97  -3753.68   -667.68      0.00      1
1      5741 14.0       5.50e+08     85.08     90.36   4708.16  -4472.44      0.00      0
1      5742 14.0       3.98e+08     81.01     56.72  -4378.87   1591.08      0.00      1
1      5743 14.0       5.01e+08     68.92    283.81   2207.90  -2744.62      0.00      1
1      5744 14.0       1.74e+08     67.67    213.27    967.51   -943.38      0.00      0
1      5745 14.0       5.50e+08     72.60    209.93   -899.66   -235.58      0.00      1
1      5746 14.0       2.51e+08     81.26    137.80   3114.58  -5960.59      0.00      0
1      5747 14.0       5.01e+08     87.19    217.56   1291.75  -3245.71      0.00      0
1      5748 14.0       6.46e+08     85.34     44.17   5758.21  -1548.66      0.00      0
1      5749 14.0       4.07e+08     83.65    125.17   4960.24  -6032.74      0.00      1
1      5750 14.0       7.41e+08     84.43    227.03   4023.46  -4519.93      0.00      1
1      5751 14.0       4.79e+08     72.13    348.55   4958.45  -4739.94      0.00      1
1      5752 14.0       1.95e+08     68.72    120.89   -559.61 -10237.18      0.00      0
1      5753 14.0       1.70e+08     67.76    314.32   -950.29    770.19      0.00      0
1      5754 14.0       6.92e+08     72.86     41.52   4112.51  -1035.49      0.00      1
1      5755 14.0       4.79e+08     65.82    139.19   -378.66  -8842.63      0.00      0
1      5756 14.0       3.63e+08     86.62    182.78   4866.26  -4984.98      0.00      0
1      5757 14.0       1.45e+08     75.48     48.08   1780.14  -6983.27      0.00      0
1      5758 14.0       3.63e+08     76.85    236.31  -1044.46  -7762.34      0.00      1
1      5759 14.0       8.13e+08     83.93      8.92   4652.88   2890.80      0.00      1
1      5760 14.0       2.34e+08     72.37    142.32   6190.40 -10541.55      0.00      0
1      5761 14.0       2.04e+08     82.28    232.00   5844.39  -5939.14      0.00      0
1      5762 14.0       1.35e+08     69.94    184.58   5291.18  -3868.49      0.00      0
1      5763 14.0       6.92e+08     73.07    339.00   5589.66  -1633.54      0.00      1
1      5764 14.0       1.15e+08     86.25    133.30   3913.58  -6012.95      0.00      0
1      5765 14.0       3.80e+08     75.88    347.29   1681.23  -6251.54      0.00      1
1      5766 14.0       1.51e+08     87.56     53.45   5244.54  -9331.95      0.00      0
1      5767 14.0       5.75e+08     83.89    359.74  -3938.58  -3807.20      0.00      1
1      5768 14.0       1.02e+08     85.95    272.74   1489.37  -6447.27      0.00      0
1      5769 14.0       3.80e+08     81.32    298.71   4776.38   2274.27      0.00      0
1      5770 14.0       3.09e+08     68.71    187.36  -1005.59  -8118.79      0.00      0
1      5771 14.0       2.00e+08     68.97    126.13  -1937.84 -10611.31      0.00      0
1      5772 14.0       1.35e+08     66.64    349.72   5629.92  -6500.81      0.00      0
1      5773 14.0       7.59e+08     69.43    127.13  -3493.72    361.93      0.00      1
1      5774 14.0       1.78e+08     81.44     77.86   -229.93 -10452.24      0.00      0
1      5775 14.0       4.90e+08     80.10     47.03   5684.99  -1949.86      0.00      1
1      5776 14.0       2.63e+08     81.60    294.01  -1312.59    -49.50      0.00      0
1      5777 14.0       6.76e+08     69.59     47.20    -38.21 -10646.16      0.00      0
1      5778 14.0       1.74e+08     87.90     55.78   1382.47  -9527.55      0.00      0
1      5779 14.0       2.63e+08     65.76    195.00  -4040.95  -4015.87      0.00      0
1      5780 14.0       2.40e+08     68.56     75.72  -3024.37  -8498.04      0.00      0
1      5781 14.0       5.50e+08     81.41     27.75   6044.76  -8827.64      0.00      1
1      5782 14.0       1.82e+08     74.80    244.05    675.96  -1000.78      0.00      0
1      5783 14.0       1.05e+08     73.22    272.05   -272.74 -10953.77      0.00      0
1      5784 14.0       1.78e+08     66.25    226.16   1491.29   2387.92      0.00      0
1      5785 14.0       5.75e+08     66.20    233.00   6399.73   -265.65      0.00      0
1      5786 14.0       3.72e+08     66.99    204.27    670.59  -6244.43      0.00      0
1      5787 14.0       1.51e+08     69.19    228.29   -467.73  -4023.53      0.00      0
1      5788 14.0       1.05e+08     78.92    156.24   2044.52   -910.87      0.00      0
1      5789 14.0       2.14e+08     74.91     56.84  -2059.03 -10381.18      0.00      0
1      5790 14.0       7.24e+08     84.94    127.03   5126.97  -2797.19      0.00      0
1      5791 14.0       9.33e+08     65.91    285.95  -1144.57  -6972.46      0.00      0
1      5792 14.0       3.02e+08     74.37    296.20   5095.19  -9190.81      0.00      0
1      5793 14.0       1.74e+08     84.09    265.16  -2847.48  -4256.87      0.00      0
1      5794 14.0       1.12e+08     73.24     23.73    247.84   3394.28      0.00      0
1      5795 14.0       2.09e+08     67.60    253.39   3485.56  -2444.34      0.00      0
1      5796 14.0       6.61e+08     65.50    273.26   1993.48   4909.43      0.00      0
1      5797 14.0       1.26e+08     80.66     93.97   4636.96     -2.39      0.00      0
1      5798 14.0       6.03e+08     75.15    255.47   4093.18  -8491.50      0.00      1
1      5799 14.0       2.40e+08     68.33    129.61   4603.46  -6601.15      0.00      0
