1    106400 5626.0     2.19e+08     66.42    114.89   3851.94  -7166.11      0.00      0
1    106401 5626.0     9.77e+08     70.29    248.96  -3731.61  -6716.36      0.00      1
1    106402 5626.0     9.12e+08     68.14     56.36   3420.16  -4149.42      0.00      0
1    106403 5626.0     1.48e+08     69.90     86.65  -2383.43  -2000.51      0.00      0
1    106404 5626.0     5.37e+08     66.25    170.73  -1912.64  -8253.67      0.00      0
1    106405 5626.0     2.09e+08     65.21    194.46  -1537.01    -81.99      0.00      0
1    106406 5626.0     2.45e+08     80.32    265.57   -358.08  -8156.98      0.00      0
1    106407 5626.0     2.82e+08     87.36     71.74  -3156.39   1516.86      0.00      0
1    106408 5626.0     3.55e+08     67.59    170.04  -2681.31    388.99      0.00      1
1    106409 5626.0     8.32e+08     69.55    275.47  -2528.73 -10597.04      0.00      1
1    106410 5626.0     2.45e+08     80.98     60.45   4374.24  -6421.96      0.00      0
1    106411 5626.0     1.23e+08     74.68    229.95  -2862.83  -3868.95      0.00      0
1    106412 5626.0     4.57e+08     73.55    258.44   2562.57  -9715.95      0.00      1
1    106413 5626.0     3.55e+08     70.61    169.40    325.74    789.49      0.00      1
1    106414 5626.0     6.46e+08     86.57    151.05   -174.58   2559.67      0.00      0
1    106415 5626.0     6.03e+08     69.06    301.81   1761.92  -7109.75      0.00      1
1    106416 5626.0     1.17e+08     85.30    184.97   6323.11  -5098.34      0.00      0
1    106417 5626.0     5.01e+08     86.81    268.81  -2130.36  -4075.37      0.00      0
1    106418 5626.0     2.29e+08     82.45     50.12   6290.73   -709.36      0.00      0
1    106419 5626.0     1.86e+08     77.96    350.44   5670.52   4919.23      0.00      0
1    106420 5626.0     9.77e+08     65.94      4.46   4471.49  -2817.97      0.00      0
1    106421 5626.0     8.13e+08     73.86    171.87    -23.41 -10880.85      0.00      1
1    106422 5626.0     2.51e+08     86.98    348.04    181.98   3595.60      0.00      0
1    106423 5626.0     1.51e+08     80.41    235.65   3484.00   1544.52      0.00      0
1    106424 5626.0     1.35e+08     82.89    117.34  -1209.26  -1380.18      0.00      0
1    106425 5626.0     1.86e+08     74.07    252.11  -3337.60   -952.33      0.00      0
1    106426 5626.0     2.82e+08     68.70    179.03  -2521.55   3800.60      0.00      0
1    106427 5626.0     3.16e+08     86.75    324.15  -1924.16   1175.90      0.00      0
1    106428 5626.0     1.10e+08     74.08    184.93   -538.02  -6178.44      0.00      0
1    106429 5626.0     7.41e+08     76.88    188.42   2383.25  -1119.13      0.00      1
1    106430 5626.0     3.55e+08     85.12    346.47  -1444.41  -7764.52      0.00      0
1    106431 5626.0     1.35e+08     85.50    344.70  -3271.97 -11037.64      0.00      0
1    106432 5626.0     2.40e+08     67.05    256.99   4370.25   -568.50      0.00      0
1    106433 5626.0     1.66e+08     83.64    249.30   6267.83  -2427.23      0.00      0
1    106434 5626.0     1.41e+08     72.79     96.26   4440.44   3614.87      0.00      0
1    106435 5626.0     4.37e+08     69.25    238.81   3509.76  -5163.87      0.00      0
1    106436 5626.0     7.94e+08     66.18    274.72  -3898.08   3846.32      0.00      0
1    106437 5626.0     1.74e+08     78.29     22.64   5136.22   -445.26      0.00      0
1    106438 5626.0     5.01e+08     81.06    261.98   1106.09  -7750.82      0.00      1
1    106439 5626.0     5.25e+08     67.93    328.03   6054.68   1615.61      0.00      0
1    106440 5626.0     1.00e+08     68.93     96.57   4393.14  -6618.57      0.00      0
1    106441 5626.0     7.24e+08     68.97     75.03     22.65  -7091.39      0.00      0
1    106442 5626.0     4.57e+08     67.39      2.00  -1988.35   2152.06      0.00      1
1    106443 5626.0     2.95e+08     69.81    351.81  -2519.19  -6380.45      0.00      0
1    106444 5626.0     6.76e+08     65.52    229.76   4224.42  -8646.64      0.00      0
1    106445 5626.0     2.09e+08     75.87     20.98   3026.97  -9545.62      0.00      0
1    106446 5626.0     1.07e+08     79.56    131.99  -1617.06   4582.71      0.00      0
1    106447 5626.0     3.63e+08     85.41    245.50  -1558.53  -1747.01      0.00      0
1    106448 5626.0     1.32e+08     68.18    109.99    503.38   1894.07      0.00      0
1    106449 5626.0     1.17e+08     71.35      8.06   2730.39  -1529.60      0.00      0
1    106450 5626.0     2.19e+08     67.33    147.66   -152.59    183.98      0.00      0
1    106451 5626.0     4.27e+08     83.11    102.13   3709.42    808.02      0.00      0
1    106452 5626.0     9.77e+08     67.48    174.10  -3186.59    814.51      0.00      1
1    106453 5626.0     3.02e+08     65.98    173.01   6465.18    -61.84      0.00      0
1    106454 5626.0     4.47e+08     75.06    266.62   6285.24  -6677.79      0.00      1
1    106455 5626.0     4.37e+08     65.69    112.44    -93.55  -1165.32      0.00      1
1    106456 5626.0     1.10e+08     77.71     99.68  -2358.78  -4295.18      0.00      0
1    106457 5626.0     2.29e+08     81.47    327.73   5982.11  -7241.19      0.00      0
1    106458 5626.0     2.24e+08     77.82    206.77  -1108.12 -10863.39      0.00      0
1    106459 5626.0     2.09e+08     80.94    310.13  -2031.78   3711.49      0.00      0
1    106460 5626.0     1.70e+08     80.26    225.30  -3795.87 -11169.62      0.00      0
1    106461 5626.0     4.37e+08     70.90    227.84     19.21  -2471.77      0.00      1
1    106462 5626.0     6.76e+08     74.07    308.82   2104.90    928.63      0.00      1
1    106463 5626.0     4.57e+08     87.29     11.88   2995.30   2689.63      0.00      0
1    106464 5626.0     3.80e+08     67.50    327.29  -4181.76  -6513.71      0.00      0
1    106465 5626.0     7.08e+08     69.00    310.01    909.57  -6184.42      0.00      1
1    106466 5626.0     1.62e+08     87.62     34.90   -435.36  -2045.89      0.00      0
1    106467 5626.0     5.01e+08     75.04    162.64  -2433.81    780.32      0.00      1
1    106468 5626.0     1.05e+08     67.01    342.54    775.40    703.75      0.00      0
1    106469 5626.0     4.47e+08     76.87    116.68    832.74  -6435.14      0.00      1
1    106470 5626.0     2.24e+08     85.36    186.93  -4111.84  -2918.89      0.00      0
1    106471 5626.0     9.55e+08     69.49    140.78  -3423.14  -2260.25      0.00      1
1    106472 5626.0     6.76e+08     72.92    155.74   -250.22   3841.91      0.00      1
1    106473 5626.0     1.12e+08     75.60    267.47   5941.11 -10841.74      0.00      0
1    106474 5626.0     4.79e+08     75.73    321.62   4955.64    416.07      0.00      1
1    106475 5626.0     1.91e+08     67.39    110.73    621.73  -1872.17      0.00      0
1    106476 5626.0     3.39e+08     82.43    166.23   3169.13 -10871.66      0.00      0
1    106477 5626.0     4.47e+08     74.90    196.60   2731.35  -7560.03      0.00      1
1    106478 5626.0     2.34e+08     83.91    276.28   -999.49  -6955.99      0.00      0
1    106479 5626.0     3.55e+08     75.75    185.53  -1461.18  -6087.75      0.00      1
1    106480 5626.0     9.77e+08     80.71    100.87  -3564.24   2391.17      0.00      1
1    106481 5626.0     2.04e+08     66.00    211.84   5591.08  -6083.83      0.00      0
1    106482 5626.0     2.51e+08     66.20      7.91   4869.45  -9815.36      0.00      0
1    106483 5626.0     8.51e+08     76.52    289.28  -4117.29   -622.92      0.00      1
1    106484 5626.0     1.20e+08     76.10    125.39  -1380.66  -4151.86      0.00      0
1    106485 5626.0     3.98e+08     78.86     42.87    329.45  -6774.89      0.00      1
1    106486 5626.0     3.16e+08     81.08    114.30   4276.26   4173.95      0.00      0
1    106487 5626.0     3.24e+08     73.36    179.08   3757.41  -1441.04      0.00      1
1    106488 5626.0     6.92e+08     79.76    334.51   4737.29  -1296.85      0.00      1
1    106489 5626.0     5.89e+08     78.80    165.99   3445.06    793.23      0.00      1
1    106490 5626.0     2.40e+08     81.96     62.63   4380.68  -4606.99      0.00      0
1    106491 5626.0     7.41e+08     84.58    325.36    839.47   4847.66      0.00      0
1    106492 5626.0     3.80e+08     81.38      1.61   6073.27 -10503.67      0.00      0
1    106493 5626.0     9.77e+08     70.11     67.01   1787.01  -1143.00      0.00      1
1    106494 5626.0     2.69e+08     73.48    252.30   6289.09    543.56      0.00      1
1    106495 5626.0     1.91e+08     76.17    330.96   3442.06 -10203.15      0.00      0
1    106496 5626.0     1.07e+08     65.91    183.19  -3459.69  -8977.73      0.00      0
1    106497 5626.0     9.33e+08     69.28    184.27  -2455.36  -7106.67      0.00      1
1    106498 5626.0     1.48e+08     70.49     14.94  -3071.22   2054.96      0.00      0
1    106499 5626.0     5.89e+08     70.47    223.74    831.04  -5710.08      0.00      0
