1    106600 5626.0     7.94e+08     74.08     95.27   1738.62 -11043.54      0.00      1
1    106601 5626.0     4.37e+08     65.81     52.95  -1556.48  -7771.09      0.00      0
1    106602 5626.0     2.63e+08     68.72    310.67   4267.19 -11294.00      0.00      0
1    106603 5626.0     2.04e+08     85.28    287.32   5523.51   -385.96      0.00      0
1    106604 5626.0     5.62e+08     69.64    126.63   5699.72 -10650.94      0.00      0
1    106605 5626.0     9.33e+08     68.07    115.73   3665.34  -3589.67      0.00      1
1    106606 5626.0     2.63e+08     76.13     38.15  -2734.08  -3945.56      0.00      0
1    106607 5626.0     9.77e+08     76.05     42.99   5206.58   1042.32      0.00      1
1    106608 5626.0     5.13e+08     66.49     95.13   4922.86   1420.10      0.00      0
1    106609 5626.0     4.07e+08     79.28    217.36   1766.88   3956.04      0.00      1
1    106610 5626.0     3.63e+08     74.71    293.60   2783.42   3649.76      0.00      1
1    106611 5626.0     7.76e+08     78.35     13.46  -3249.62  -3200.63      0.00      1
1    106612 5626.0     5.75e+08     74.16    128.83    571.64    762.58      0.00      1
1    106613 5626.0     2.45e+08     70.25    319.62   1070.87  -2429.77      0.00      0
1    106614 5626.0     9.12e+08     73.21    166.84   6234.06  -1100.88      0.00      1
1    106615 5626.0     3.63e+08     65.27    111.74   5886.12 -10631.34      0.00      0
1    106616 5626.0     1.05e+08     68.40    274.16   3347.21 -10475.40      0.00      0
1    106617 5626.0     3.16e+08     75.38     70.21    -69.38   1931.25      0.00      1
1    106618 5626.0     3.02e+08     85.98     67.11   6398.69  -3729.32      0.00      0
1    106619 5626.0     1.41e+08     68.82     45.78  -1154.01  -5144.50      0.00      0
1    106620 5626.0     2.19e+08     71.30    274.87  -2519.74  -6565.40      0.00      0
1    106621 5626.0     1.55e+08     82.96    117.61   2405.18   -877.42      0.00      0
1    106622 5626.0     3.55e+08     85.84    325.00   3673.97  -2224.93      0.00      0
1    106623 5626.0     2.34e+08     80.63    281.67   5604.71  -4927.05      0.00      0
1    106624 5626.0     8.13e+08     71.06    354.65   2998.30    107.10      0.00      1
1    106625 5626.0     3.89e+08     83.08    181.72   2340.74  -3293.89      0.00      0
1    106626 5626.0     7.41e+08     80.23    270.40  -1035.92  -3118.54      0.00      1
1    106627 5626.0     9.33e+08     69.76    230.59  -3465.50   2257.91      0.00      1
1    106628 5626.0     8.71e+08     72.47     63.51   1987.05  -2940.03      0.00      1
1    106629 5626.0     8.51e+08     74.09    353.54   1108.89  -2078.35      0.00      1
1    106630 5626.0     3.55e+08     83.48     16.14  -2736.25  -1608.35      0.00      0
1    106631 5626.0     3.63e+08     80.11    120.46   2601.52  -9825.95      0.00      0
1    106632 5626.0     3.80e+08     67.20    278.51   5333.04 -10413.50      0.00      0
1    106633 5626.0     1.62e+08     70.11    345.99    468.43  -7423.98      0.00      0
1    106634 5626.0     5.75e+08     69.00    151.31  -1553.59   3965.48      0.00      0
1    106635 5626.0     2.29e+08     70.60    311.33  -1613.36    425.38      0.00      1
1    106636 5626.0     1.41e+08     81.47     61.85   6495.29  -1658.67      0.00      0
1    106637 5626.0     1.55e+08     82.91    139.65   2083.66  -1185.65      0.00      0
1    106638 5626.0     5.01e+08     83.48     88.29   2234.10   4876.59      0.00      0
1    106639 5626.0     3.80e+08     72.42     13.94   4010.83   2040.54      0.00      1
1    106640 5626.0     2.14e+08     67.54    179.93   -930.05  -9134.85      0.00      0
1    106641 5626.0     4.27e+08     73.41    103.03   6321.49  -4612.32      0.00      1
1    106642 5626.0     1.95e+08     68.01    102.48   -109.82  -3922.91      0.00      0
1    106643 5626.0     9.12e+08     66.60     15.11   -613.29   1860.33      0.00      1
1    106644 5626.0     3.98e+08     68.23    293.84    125.74  -4771.58      0.00      0
1    106645 5626.0     1.32e+08     68.84    244.15   6193.07    950.09      0.00      0
1    106646 5626.0     1.29e+08     76.41    238.00   5647.25  -7087.66      0.00      0
1    106647 5626.0     5.37e+08     75.33    222.58   4922.97    745.61      0.00      1
1    106648 5626.0     6.76e+08     84.60    134.98  -2311.44   2429.42      0.00      0
1    106649 5626.0     1.91e+08     67.83     82.05   5212.19   1357.01      0.00      0
1    106650 5626.0     9.12e+08     77.55    210.73   2658.11   5034.69      0.00      1
1    106651 5626.0     1.55e+08     83.88    102.14   2102.52   2437.48      0.00      0
1    106652 5626.0     4.68e+08     85.07     54.00   4190.74  -6449.21      0.00      0
1    106653 5626.0     4.57e+08     69.28    233.65   5641.96  -5647.69      0.00      0
1    106654 5626.0     5.13e+08     83.18    270.12  -2688.27   3836.58      0.00      0
1    106655 5626.0     4.47e+08     85.16     65.67   1530.73  -2435.59      0.00      0
1    106656 5626.0     3.31e+08     82.85    117.78   4149.20   2911.28      0.00      0
1    106657 5626.0     1.41e+08     85.26    305.92  -1947.49  -5791.16      0.00      0
1    106658 5626.0     5.75e+08     67.53    101.42   1187.79  -5683.80      0.00      0
1    106659 5626.0     1.26e+08     72.05     23.81  -1669.84  -8102.31      0.00      0
1    106660 5626.0     2.19e+08     77.93    248.22   4569.15  -3467.88      0.00      0
1    106661 5626.0     1.15e+08     83.92     17.50  -3265.29  -8802.46      0.00      0
1    106662 5626.0     3.39e+08     76.58     18.83  -1902.49  -3122.90      0.00      1
1    106663 5626.0     1.35e+08     75.47    175.85   5009.64   -624.37      0.00      0
1    106664 5626.0     5.62e+08     76.66    326.86   1607.57  -8193.29      0.00      1
1    106665 5626.0     1.02e+08     72.32    105.61   2662.09  -7056.63      0.00      0
1    106666 5626.0     1.86e+08     79.34     38.44  -1678.93   4744.38      0.00      0
1    106667 5626.0     7.94e+08     75.85    219.37  -3509.97 -10095.30      0.00      1
1    106668 5626.0     3.16e+08     80.49    244.27  -1694.84  -1410.12      0.00      0
1    106669 5626.0     2.19e+08     87.40    247.48   2210.60   -483.04      0.00      0
1    106670 5626.0     6.03e+08     73.84    233.33   -902.63  -3333.94      0.00      1
1    106671 5626.0     6.31e+08     87.06    176.48  -4070.91   1120.73      0.00      0
1    106672 5626.0     4.37e+08     80.71    316.52   6156.51  -5817.65      0.00      0
1    106673 5626.0     1.05e+08     65.63    149.47   6214.31  -6825.93      0.00      0
1    106674 5626.0     1.91e+08     78.07    341.54   5652.95  -1292.49      0.00      0
1    106675 5626.0     1.23e+08     72.98      7.99   4337.28  -5363.85      0.00      0
1    106676 5626.0     1.82e+08     83.96    200.48   3161.32   -650.45      0.00      0
1    106677 5626.0     1.62e+08     65.43    170.13   2742.88  -1020.57      0.00      0
1    106678 5626.0     5.25e+08     86.35    220.84  -1055.81   -938.11      0.00      0
1    106679 5626.0     1.12e+08     67.33    350.91      6.64 -10367.35      0.00      0
1    106680 5626.0     2.57e+08     70.69    348.50  -1900.70  -2654.17      0.00      0
1    106681 5626.0     1.48e+08     71.46     54.14   -674.05 -10905.18      0.00      0
1    106682 5626.0     5.62e+08     72.32     73.27  -2743.24  -4624.32      0.00      1
1    106683 5626.0     1.32e+08     87.58    239.14  -3114.44  -7602.30      0.00      0
1    106684 5626.0     8.13e+08     84.41      0.63  -1117.92    628.52      0.00      1
1    106685 5626.0     6.76e+08     76.06     59.62   3007.89   3195.93      0.00      1
1    106686 5626.0     2.40e+08     69.53     28.58   -839.50  -1781.51      0.00      0
1    106687 5626.0     6.61e+08     73.77    282.89   1270.12 -10019.95      0.00      1
1    106688 5626.0     4.07e+08     80.15    234.52  -1133.63 -10810.97      0.00      0
1    106689 5626.0     3.63e+08     83.76     93.97   4629.49  -6839.89      0.00      0
1    106690 5626.0     2.63e+08     69.13    171.45   -190.94  -4587.75      0.00      0
1    106691 5626.0     3.72e+08     77.41    213.89   -833.81  -7633.41      0.00      1
1    106692 5626.0     1.26e+08     69.48    142.58   1571.32     22.47      0.00      0
1    106693 5626.0     2.09e+08     68.34    328.97   -217.75  -6760.10      0.00      0
1    106694 5626.0     2.88e+08     80.07    133.22   1514.91   1037.26      0.00      0
1    106695 5626.0     5.25e+08     72.23    274.35   5445.58   1239.90      0.00      1
1    106696 5626.0     4.37e+08     70.16    213.32   -758.97   3870.06      0.00      1
1    106697 5626.0     4.79e+08     87.03      0.63   4022.19   2526.30      0.00      0
1    106698 5626.0     7.24e+08     76.81    282.00  -3898.02  -5792.83      0.00      1
1    106699 5626.0     2.57e+08     82.97    207.28   5317.44  -1236.16      0.00      0
