1    102400 5626.0     4.07e+10     85.52     83.49   2321.31   -413.86      0.00      1
1    102401 5626.0     3.47e+09     82.33    143.01    -77.01   3060.57      0.00      1
1    102402 5626.0     1.05e+09     82.11    160.43   1940.53  -9405.46      0.00      1
1    102403 5626.0     1.66e+09     67.84    277.12     12.27  -4204.33      0.00      1
1    102404 5626.0     1.55e+09     86.62     93.42   2905.94  -5812.86      0.00      0
1    102405 5626.0     1.41e+10     72.88    328.75   1142.77   -735.26      0.00      1
1    102406 5626.0     3.09e+10     76.62     77.99   -580.32  -4591.23      0.00      1
1    102407 5626.0     1.05e+10     78.81    115.28   2360.18   1450.85      0.00      1
1    102408 5626.0     1.38e+09     75.02    234.55   1790.41  -5411.15      0.00      1
1    102409 5626.0     3.47e+09     87.39    338.97    653.03   3257.95      0.00      1
1    102410 5626.0     9.12e+09     72.06     56.65   -395.61  -7038.84      0.00      0
1    102411 5626.0     6.61e+09     81.25    337.10   2978.59  -6231.39      0.00      1
1    102412 5626.0     9.55e+09     75.77     17.54   4218.90   5045.62      0.00      1
1    102413 5626.0     1.66e+10     83.92     96.53   6347.44   1352.61      0.00      1
1    102414 5626.0     8.32e+09     71.45    171.72   4039.44   4810.92      0.00      1
1    102415 5626.0     5.25e+10     82.90    345.37   6279.20  -3790.22      0.00      1
1    102416 5626.0     8.32e+09     84.87    336.22   -675.89  -9682.61      0.00      1
1    102417 5626.0     1.51e+09     80.49    121.60   3225.23   4446.47      0.00      1
1    102418 5626.0     8.91e+10     70.02    291.64  -3811.69 -10359.14      0.00      1
1    102419 5626.0     4.79e+09     69.32    250.05   6256.44  -9085.74      0.00      0
1    102420 5626.0     1.15e+09     83.10    185.15  -1757.52  -5924.58      0.00      1
1    102421 5626.0     7.08e+09     71.84     94.10   2627.33  -6095.92      0.00      1
1    102422 5626.0     4.47e+10     65.55    182.09   4637.63  -5530.47      0.00      1
1    102423 5626.0     9.12e+10     70.25    350.47   1735.58   4840.81      0.00      1
1    102424 5626.0     7.24e+10     80.76    158.37   2079.24  -1031.40      0.00      1
1    102425 5626.0     1.07e+09     70.69    185.69  -3165.75   2386.91      0.00      1
1    102426 5626.0     1.51e+10     66.79    267.52   4645.05  -6680.21      0.00      1
1    102427 5626.0     3.39e+09     73.32    125.89    498.63  -6634.98      0.00      1
1    102428 5626.0     3.39e+09     82.01    239.73  -2168.55  -7159.22      0.00      1
1    102429 5626.0     1.66e+09     67.55    356.65   5008.18  -5546.52      0.00      1
1    102430 5626.0     2.04e+10     82.27     71.66  -1628.86   3250.03      0.00      1
1    102431 5626.0     5.62e+10     71.64     73.14    330.83  -6032.22      0.00      1
1    102432 5626.0     8.32e+10     69.19     85.73   4767.51   -119.74      0.00      1
1    102433 5626.0     2.04e+10     86.11    207.86   1902.38  -7535.75      0.00      1
1    102434 5626.0     3.55e+09     79.76    143.43  -3529.46  -8272.02      0.00      1
1    102436 5626.0     6.31e+09     76.28    275.11   -474.75  -1814.80      0.00      1
1    102437 5626.0     1.86e+09     79.76    267.17    564.66    323.27      0.00      1
1    102438 5626.0     4.57e+09     83.46    130.84  -2203.50  -6992.96      0.00      1
1    102439 5626.0     1.41e+09     84.49    177.94   2509.76   3765.18      0.00      1
1    102440 5626.0     5.37e+09     87.72    113.27   -519.92  -7007.36      0.00      1
1    102441 5626.0     3.31e+09     77.02    333.51  -1658.29   3905.60      0.00      1
1    102442 5626.0     5.62e+10     78.70    115.31   1238.11   -533.81      0.00      1
1    102443 5626.0     3.72e+09     82.03    258.83   4331.37    927.96      0.00      1
1    102444 5626.0     3.80e+10     68.34    271.88   4004.88  -3431.00      0.00      1
1    102445 5626.0     1.41e+10     78.89    123.28  -2905.80  -4009.48      0.00      1
1    102446 5626.0     2.75e+09     72.32    288.39  -2092.82  -6162.02      0.00      1
1    102447 5626.0     6.17e+09     80.20    161.39   4657.82   4480.00      0.00      1
1    102448 5626.0     5.89e+09     83.57    124.17  -3619.15  -8988.41      0.00      1
1    102449 5626.0     3.63e+09     81.96     52.89   4142.53  -5313.44      0.00      1
1    102450 5626.0     4.27e+09     85.71    230.69   -148.59  -4709.70      0.00      1
1    102451 5626.0     2.14e+10     65.43    200.09  -1928.47  -1782.61      0.00      1
1    102452 5626.0     1.17e+10     84.59    124.86  -2298.48   1259.86      0.00      1
1    102453 5626.0     3.31e+09     79.11    208.83   3580.36  -9028.32      0.00      1
1    102454 5626.0     3.16e+09     72.99    269.42  -2444.50   2172.01      0.00      1
1    102455 5626.0     2.00e+10     84.97     40.15  -2584.14   3169.21      0.00      1
1    102456 5626.0     4.37e+10     71.00    156.63   3562.72   -924.70      0.00      1
1    102457 5626.0     1.58e+09     82.04     76.94   5897.41  -6199.84      0.00      1
1    102458 5626.0     2.29e+10     74.06      5.20   2651.14  -3426.23      0.00      1
1    102459 5626.0     4.57e+09     77.42    264.22   3587.85   -343.63      0.00      1
1    102460 5626.0     2.24e+09     77.97     92.60   3795.50  -6938.34      0.00      1
1    102461 5626.0     1.74e+10     76.36    278.81  -1747.18  -2340.80      0.00      1
1    102462 5626.0     1.62e+10     76.65    129.90   -219.59  -6773.98      0.00      1
1    102463 5626.0     3.24e+09     81.52     54.50   3096.45  -3549.91      0.00      1
1    102464 5626.0     1.05e+09     65.11     95.48   1065.59   4104.50      0.00      0
1    102465 5626.0     1.10e+09     87.97    220.74   4404.10  -6012.88      0.00      0
1    102466 5626.0     5.75e+10     82.89     58.32  -4010.63  -4371.45      0.00      1
1    102467 5626.0     2.40e+10     77.07    322.28   4757.92  -1145.62      0.00      1
1    102468 5626.0     2.40e+10     73.93    274.31   5634.15  -3783.05      0.00      1
1    102469 5626.0     8.71e+09     79.55     24.94   3665.89  -8595.13      0.00      1
1    102470 5626.0     2.09e+10     86.01    190.93   2439.03  -2527.09      0.00      1
1    102471 5626.0     1.78e+09     79.43     50.87  -3727.27  -2947.69      0.00      1
1    102472 5626.0     2.51e+10     78.47    313.33   -903.88  -9082.39      0.00      1
1    102473 5626.0     5.75e+10     76.45      6.42   -464.00   1430.72      0.00      1
1    102474 5626.0     5.50e+10     73.03    101.17    703.36  -1756.90      0.00      1
1    102475 5626.0     1.48e+09     75.96    351.45  -1781.15  -2711.43      0.00      1
1    102476 5626.0     1.95e+09     72.64     53.24   2484.64    200.96      0.00      1
1    102477 5626.0     3.72e+10     85.45    170.42   4598.15  -4403.90      0.00      1
1    102478 5626.0     1.05e+10     82.60    148.20   -995.44  -3105.55      0.00      1
1    102479 5626.0     5.01e+09     66.93    229.73  -3727.58  -5364.18      0.00      1
1    102480 5626.0     2.88e+09     75.83    305.81   4922.89   -553.02      0.00      1
1    102481 5626.0     3.09e+09     84.34    319.32   3156.44  -3007.18      0.00      1
1    102482 5626.0     1.45e+09     76.14    209.22   1155.80 -11067.16      0.00      1
1    102483 5626.0     1.26e+09     78.86    283.47  -1908.49  -7583.50      0.00      1
1    102484 5626.0     2.04e+09     82.19     44.30   3430.28  -3059.81      0.00      1
1    102485 5626.0     4.37e+09     86.39     67.04  -1185.11  -5789.85      0.00      1
1    102486 5626.0     2.82e+09     80.65    312.74   4931.23  -3331.06      0.00      1
1    102487 5626.0     7.41e+10     74.50    285.72   -487.63  -2077.22      0.00      1
1    102488 5626.0     1.66e+09     86.97    297.60   -581.89  -8768.12      0.00      0
1    102489 5626.0     8.51e+10     68.74    272.84    382.86    902.13      0.00      1
1    102490 5626.0     5.37e+10     76.98    186.83  -3996.26  -7311.24      0.00      1
1    102491 5626.0     8.32e+09     69.11    217.97   5897.34  -8299.68      0.00      1
1    102492 5626.0     9.33e+09     81.37     81.45   4421.34 -10669.64      0.00      1
1    102493 5626.0     2.82e+09     86.92    324.02   5236.11   2616.36      0.00      1
1    102494 5626.0     6.92e+10     84.30     36.71   6263.52  -6371.99      0.00      1
1    102495 5626.0     7.94e+10     74.95    135.20   5019.86   -148.58      0.00      1
1    102496 5626.0     4.27e+09     82.94    274.42  -1762.79   1459.35      0.00      1
1    102497 5626.0     7.94e+10     78.82    298.36   4174.34    849.58      0.00      1
1    102498 5626.0     7.08e+10     82.81    228.15   1300.50   2969.75      0.00      1
1    102499 5626.0     3.80e+09     72.60    131.83   3969.19  -6518.72      0.00      1
