1      2100 14.0       3.55e+09     74.38    333.95   2114.61  -9301.08      0.00      1
1      2101 14.0       4.68e+09     74.59    199.07   1375.31  -5932.12      0.00      1
1      2102 14.0       7.59e+09     71.13     67.90   3009.93   4919.94      0.00      1
1      2103 14.0       2.63e+10     73.70    236.35   1888.37  -1631.01      0.00      1
1      2104 14.0       2.14e+09     65.75     56.60  -2563.56  -1838.75      0.00      1
1      2105 14.0       4.27e+10     84.45    359.46  -3002.91  -7030.13      0.00      1
1      2106 14.0       3.24e+09     73.37    320.46   4004.21   1297.26      0.00      1
1      2107 14.0       1.58e+10     79.62    222.42   3034.90   -103.80      0.00      1
1      2108 14.0       2.04e+10     67.50    206.20  -3213.66  -8302.79      0.00      0
1      2109 14.0       8.32e+10     84.75    148.80    714.32  -9711.01      0.00      1
1      2110 14.0       4.90e+09     66.63    250.25   2220.63  -6982.55      0.00      1
1      2111 14.0       2.04e+10     70.67    167.66  -2577.04   4317.60      0.00      1
1      2112 14.0       2.69e+09     72.14    245.24   6405.63   2961.51      0.00      1
1      2113 14.0       9.77e+10     80.22     53.45   1195.51    684.09      0.00      1
1      2114 14.0       1.48e+09     83.69     28.11   3048.30   2904.31      0.00      1
1      2115 14.0       3.24e+09     65.70    208.56  -3318.71 -11229.32      0.00      1
1      2116 14.0       1.32e+09     86.68    341.74   2806.16  -9801.64      0.00      0
1      2117 14.0       9.12e+09     68.60    254.74    941.25   4909.43      0.00      0
1      2118 14.0       1.17e+10     87.09    152.91   1467.37   2566.53      0.00      1
1      2119 14.0       6.03e+10     84.28     76.09   1076.93  -3621.36      0.00      1
1      2120 14.0       2.14e+10     84.43    211.02   2259.52  -2668.46      0.00      1
1      2121 14.0       6.03e+09     82.65    293.33  -2154.76  -4575.02      0.00      1
1      2123 14.0       2.04e+10     77.28    312.61   2491.30  -7767.67      0.00      1
1      2124 14.0       1.95e+09     73.56    156.39   5185.86  -7207.53      0.00      1
1      2125 14.0       1.32e+09     81.95    289.95   2441.95  -1293.22      0.00      1
1      2126 14.0       5.13e+10     83.82    163.40   1583.45  -3166.07      0.00      1
1      2127 14.0       8.32e+10     80.25    174.40  -3929.80 -10975.04      0.00      1
1      2128 14.0       2.40e+10     69.69     53.11   5053.44  -4918.88      0.00      1
1      2129 14.0       1.51e+10     65.96    277.68   4661.76  -8653.85      0.00      0
1      2130 14.0       4.17e+09     65.05    179.14   6035.93   3635.31      0.00      0
1      2131 14.0       3.89e+10     74.22    186.73   3772.55  -6965.49      0.00      1
1      2132 14.0       1.74e+09     81.59    347.44   3315.76  -7128.55      0.00      1
1      2133 14.0       2.69e+10     86.44    122.00   6374.92   2158.64      0.00      1
1      2134 14.0       2.75e+10     79.16    143.95   4639.01   4352.35      0.00      1
1      2135 14.0       3.55e+09     79.08    134.57   1767.97  -7935.64      0.00      1
1      2136 14.0       2.24e+09     65.85    232.93   3761.37   1949.80      0.00      0
1      2137 14.0       1.07e+09     65.94    348.43  -2053.21   2747.21      0.00      0
1      2138 14.0       1.48e+10     75.78     14.74  -1837.12  -6247.77      0.00      1
1      2139 14.0       2.95e+10     87.41    146.08   -250.22  -6894.72      0.00      1
1      2140 14.0       1.02e+09     85.54    356.75   1626.91 -10775.13      0.00      0
1      2141 14.0       6.03e+09     79.81    346.69  -4302.39  -2620.96      0.00      1
1      2142 14.0       2.29e+10     73.85    286.78  -4125.15   -188.36      0.00      1
1      2143 14.0       1.29e+10     68.91    285.89   1662.56    445.34      0.00      1
1      2144 14.0       2.19e+10     74.42    357.14   -783.81   -134.44      0.00      1
1      2145 14.0       7.94e+09     67.46    268.71  -3471.62  -1837.93      0.00      1
1      2146 14.0       6.03e+09     70.84    195.46   2427.10   3604.40      0.00      1
1      2147 14.0       5.01e+10     67.95    258.59   5688.34   2305.35      0.00      0
1      2148 14.0       2.45e+09     74.61    284.90   3638.68   2847.59      0.00      1
1      2149 14.0       6.03e+10     81.10    111.24     50.41 -10770.43      0.00      1
1      2150 14.0       1.91e+10     73.38    123.82   5415.97   3631.04      0.00      0
1      2151 14.0       7.59e+10     73.58     55.95  -2229.10   2282.71      0.00      1
1      2152 14.0       6.17e+09     77.19     33.66   4968.78  -9260.73      0.00      1
1      2153 14.0       2.69e+10     86.55    254.81  -3255.61   -366.66      0.00      1
1      2154 14.0       2.95e+10     75.65    161.37   5468.35  -1069.34      0.00      1
1      2155 14.0       4.37e+09     74.00    142.77   1524.64   -304.98      0.00      1
1      2156 14.0       1.02e+10     78.22     20.98  -2152.84   4903.77      0.00      1
1      2157 14.0       1.41e+10     77.73    134.11  -3070.39   -808.03      0.00      1
1      2158 14.0       1.12e+10     67.24     39.70  -1237.53   4543.39      0.00      1
1      2159 14.0       1.70e+10     70.27    343.54  -1975.29  -2553.43      0.00      1
1      2160 14.0       1.00e+10     66.22    153.70   3570.55  -9386.89      0.00      0
1      2161 14.0       7.59e+10     83.48    155.34   1429.61  -4885.73      0.00      1
1      2162 14.0       1.15e+09     77.96    194.61  -3305.82  -4613.33      0.00      1
1      2163 14.0       1.74e+10     77.41    232.10   -541.87  -2695.85      0.00      1
1      2164 14.0       7.76e+10     81.58    316.37   4861.80  -9163.14      0.00      1
1      2165 14.0       3.16e+09     86.44     10.29  -2869.00 -10102.94      0.00      1
1      2166 14.0       4.47e+09     80.58     15.06   6474.25  -5253.63      0.00      1
1      2167 14.0       8.13e+09     67.24    304.47  -2207.31   1944.34      0.00      0
1      2168 14.0       2.04e+10     81.92     25.63  -3294.45 -10018.78      0.00      1
1      2169 14.0       4.47e+09     80.79    310.49    421.61  -8582.02      0.00      1
1      2170 14.0       1.29e+10     87.47    291.17  -2303.22   1159.23      0.00      1
1      2171 14.0       2.51e+09     84.14    358.23   5873.52  -4801.49      0.00      1
1      2172 14.0       2.63e+09     81.86    144.03   5725.09  -8061.87      0.00      1
1      2173 14.0       1.78e+10     67.57    320.64  -1265.98   4498.70      0.00      0
1      2174 14.0       1.35e+10     83.75    230.48   -775.64  -5855.68      0.00      1
1      2175 14.0       2.09e+09     73.34    318.34   3225.03   3991.67      0.00      1
1      2176 14.0       6.31e+10     78.58     24.56    696.46  -6572.41      0.00      1
1      2177 14.0       1.10e+09     79.88    326.88  -3846.92  -2887.51      0.00      1
1      2178 14.0       4.27e+10     66.84    141.05   3479.18 -10973.65      0.00      0
1      2179 14.0       5.62e+10     76.26     98.95    937.59  -6959.44      0.00      1
1      2180 14.0       2.40e+10     69.19    280.24   1117.39   1421.67      0.00      1
1      2181 14.0       9.12e+09     68.04     39.26   1192.54   5083.91      0.00      0
1      2182 14.0       9.77e+10     79.53     72.42   -905.73  -1821.32      0.00      1
1      2183 14.0       1.86e+10     68.85    256.51   2640.59   3141.37      0.00      1
1      2184 14.0       1.45e+10     67.50     30.63  -2292.69   1569.49      0.00      1
1      2185 14.0       3.09e+09     79.17    337.04  -4202.68  -2552.42      0.00      1
1      2186 14.0       6.03e+09     80.87    320.68   6449.31  -1116.10      0.00      1
1      2187 14.0       3.47e+09     68.42     46.23  -1516.05  -8779.09      0.00      1
1      2188 14.0       7.41e+10     66.99     76.65   6484.24  -7769.45      0.00      0
1      2189 14.0       1.66e+09     73.02    214.06   4609.33  -9772.38      0.00      1
1      2190 14.0       6.92e+09     85.34    304.79   2609.18  -9836.48      0.00      1
1      2191 14.0       4.07e+09     77.86    256.66  -2772.84  -7702.76      0.00      1
1      2192 14.0       9.33e+09     77.04    206.01   -352.71  -7325.71      0.00      1
1      2193 14.0       8.13e+09     78.19    123.65    912.53  -5768.44      0.00      1
1      2194 14.0       8.71e+09     71.03    129.34  -3948.74   1524.30      0.00      1
1      2195 14.0       2.34e+10     70.33    110.52   -971.66    348.75      0.00      1
1      2196 14.0       4.27e+10     76.51    346.28   6130.29   5010.82      0.00      1
1      2197 14.0       8.71e+10     84.88     13.70    753.87   1044.62      0.00      1
1      2198 14.0       1.66e+09     84.97    206.63  -2175.12  -5116.98      0.00      1
1      2199 14.0       1.02e+10     73.33     29.08   2519.55  -1327.46      0.00      1
