1      7400 14.0       3.98e+08     68.31    191.16   1563.01   -275.94      0.00      1
1      7401 14.0       2.29e+08     69.38    197.41   2820.11  -5137.88      0.00      0
1      7402 14.0       3.89e+08     87.20     46.91   5094.75  -3657.16      0.00      0
1      7403 14.0       7.41e+08     81.02    281.70   3593.70    286.80      0.00      1
1      7404 14.0       4.17e+08     76.01     91.65   1359.40  -5567.17      0.00      1
1      7405 14.0       1.32e+08     69.60    108.43   2244.45   3965.68      0.00      0
1      7406 14.0       2.19e+08     78.55    322.51   1094.59    958.32      0.00      0
1      7407 14.0       3.98e+08     66.15    311.33   3014.96   1949.56      0.00      0
1      7408 14.0       5.50e+08     67.51    243.00   3833.14   2718.23      0.00      0
1      7409 14.0       1.15e+08     87.18    269.62   4181.77  -6820.27      0.00      0
1      7410 14.0       2.29e+08     85.12    266.16   5712.96  -5244.31      0.00      0
1      7411 14.0       1.20e+08     74.68    149.08   4837.82  -9769.47      0.00      0
1      7412 14.0       1.15e+08     84.16     30.11   5821.03   4561.06      0.00      0
1      7413 14.0       1.91e+08     79.56    200.41    462.26  -7256.81      0.00      0
1      7414 14.0       6.31e+08     81.71    326.60   4368.42   2290.75      0.00      1
1      7415 14.0       1.29e+08     77.75    353.67    992.94  -6485.90      0.00      0
1      7416 14.0       1.74e+08     87.36    280.70  -2540.14   4887.86      0.00      0
1      7417 14.0       6.17e+08     69.97     76.18   2103.14  -2124.69      0.00      1
1      7418 14.0       5.62e+08     74.04    320.14    264.85   4439.87      0.00      1
1      7419 14.0       6.92e+08     73.76     58.44   2936.87  -4252.38      0.00      1
1      7420 14.0       1.82e+08     75.77     85.38   4733.89  -9680.49      0.00      0
1      7421 14.0       7.24e+08     70.03    108.71  -1893.86   1701.51      0.00      1
1      7422 14.0       1.82e+08     82.27    126.11  -1259.96  -9874.37      0.00      0
1      7423 14.0       2.09e+08     69.74     93.93    424.65  -2503.50      0.00      0
1      7424 14.0       6.46e+08     79.47     26.66  -3681.77  -3130.06      0.00      1
1      7425 14.0       3.89e+08     86.51    263.21   3987.77   4008.92      0.00      0
1      7426 14.0       9.33e+08     84.02    322.47   2518.53    237.10      0.00      1
1      7427 14.0       2.51e+08     65.07    117.66   -376.17   3411.06      0.00      0
1      7428 14.0       2.04e+08     75.52    169.58   5255.05  -7279.16      0.00      1
1      7429 14.0       1.26e+08     78.08    131.76   6167.27    -78.51      0.00      0
1      7430 14.0       1.51e+08     81.97    274.91    -30.05  -4250.36      0.00      0
1      7431 14.0       7.24e+08     81.42    104.69  -2089.19   4556.18      0.00      1
1      7432 14.0       1.41e+08     80.51     65.05   2133.80  -8814.68      0.00      0
1      7433 14.0       2.82e+08     66.38     66.42  -2892.05  -1083.16      0.00      0
1      7434 14.0       4.37e+08     70.17    248.91   3165.48   -593.85      0.00      1
1      7435 14.0       7.08e+08     67.91    358.00   -394.64   -396.11      0.00      1
1      7436 14.0       4.68e+08     79.63    135.86  -4162.88  -7707.07      0.00      1
1      7437 14.0       4.37e+08     85.20    155.09   5758.18  -6719.86      0.00      0
1      7438 14.0       7.08e+08     85.15     31.53   6392.06  -1051.73      0.00      0
1      7439 14.0       4.37e+08     73.19     41.67  -3940.11   4521.13      0.00      0
1      7440 14.0       1.23e+08     65.02     74.45   3862.54  -3433.32      0.00      0
1      7441 14.0       1.58e+08     65.72    287.78   1728.08      3.73      0.00      0
1      7442 14.0       7.76e+08     80.72    298.40   2729.36 -11244.24      0.00      1
1      7443 14.0       7.76e+08     83.38    302.71  -2850.73  -4480.76      0.00      1
1      7444 14.0       2.63e+08     85.34    178.63   5587.24  -2435.08      0.00      0
1      7445 14.0       6.31e+08     74.68    272.12   3534.69    882.67      0.00      1
1      7446 14.0       1.70e+08     76.87     61.52   3867.60 -10990.47      0.00      0
1      7447 14.0       2.24e+08     67.67     22.08   3323.52  -1981.97      0.00      0
1      7448 14.0       1.91e+08     86.04     61.35   1685.16   3839.66      0.00      0
1      7449 14.0       1.29e+08     77.24    238.69    442.25  -3846.91      0.00      0
1      7450 14.0       4.47e+08     75.23    121.39   -118.75 -10239.07      0.00      1
1      7451 14.0       1.12e+08     80.63    109.10   5478.31   1377.31      0.00      0
1      7452 14.0       3.63e+08     69.91    218.75  -3483.76  -2994.47      0.00      0
1      7453 14.0       6.17e+08     84.05    100.16    217.99  -4662.96      0.00      1
1      7454 14.0       7.24e+08     77.99    136.92    744.81  -4540.20      0.00      1
1      7455 14.0       2.34e+08     87.37    318.41   3401.27   2529.45      0.00      0
1      7456 14.0       1.45e+08     66.05    333.24   5679.07   1549.10      0.00      0
1      7457 14.0       2.19e+08     81.88    137.76   3520.51   4744.46      0.00      0
1      7458 14.0       9.77e+08     85.36    162.57   2019.94  -7517.77      0.00      1
1      7459 14.0       5.25e+08     70.39     29.22   1209.36  -5846.91      0.00      1
1      7460 14.0       7.08e+08     83.74    295.58   2701.43   2106.46      0.00      1
1      7461 14.0       2.75e+08     72.86    209.28   5030.01   3170.44      0.00      0
1      7462 14.0       6.46e+08     79.27     81.47   -413.83  -9067.58      0.00      1
1      7463 14.0       1.58e+08     80.39    275.15   5728.58   2000.24      0.00      0
1      7464 14.0       1.05e+08     73.65    234.25   5459.51  -4473.41      0.00      0
1      7465 14.0       2.29e+08     84.85    250.04  -3434.73    394.59      0.00      0
1      7466 14.0       5.01e+08     80.16    337.68   -613.29  -1101.41      0.00      1
1      7467 14.0       2.63e+08     75.39    251.23  -1639.79   4164.53      0.00      0
1      7468 14.0       6.92e+08     81.86    155.25    725.40   2371.52      0.00      1
1      7469 14.0       5.13e+08     86.28    100.06   2024.70  -1871.35      0.00      0
1      7470 14.0       8.91e+08     75.63    128.61  -3015.55  -9100.77      0.00      1
1      7471 14.0       2.51e+08     71.65    232.24   1698.59  -7599.63      0.00      0
1      7472 14.0       4.17e+08     75.25    324.57  -1237.38  -7578.99      0.00      1
1      7473 14.0       4.17e+08     87.54    190.58   1609.24  -6964.79      0.00      0
1      7474 14.0       1.86e+08     85.00    140.72   3512.85   3365.11      0.00      0
1      7475 14.0       2.29e+08     71.12     44.27  -2191.23 -10864.06      0.00      0
1      7476 14.0       5.50e+08     71.54     82.79  -3134.31   -882.60      0.00      1
1      7477 14.0       5.50e+08     72.84    275.52   2119.55 -10342.21      0.00      1
1      7478 14.0       1.07e+08     83.55    123.91    699.83   2600.45      0.00      0
1      7479 14.0       2.19e+08     87.84     10.89  -4361.87    780.31      0.00      0
1      7480 14.0       2.95e+08     75.31     89.16   4904.56  -2098.50      0.00      1
1      7481 14.0       1.41e+08     85.01    218.35   -553.05 -10199.73      0.00      0
1      7482 14.0       1.45e+08     87.99    184.79  -2349.12   3691.54      0.00      0
1      7483 14.0       3.39e+08     78.49    181.20   5505.93    962.72      0.00      1
1      7484 14.0       4.57e+08     78.75    259.52  -2020.48   1582.77      0.00      1
1      7485 14.0       5.25e+08     82.97    107.80   5713.54  -5946.55      0.00      1
1      7486 14.0       2.63e+08     85.52    135.62  -4266.05  -8318.99      0.00      0
1      7487 14.0       1.45e+08     84.88     12.54    365.52   2005.75      0.00      0
1      7488 14.0       1.95e+08     74.77    350.38   2510.95  -8818.48      0.00      0
1      7489 14.0       2.34e+08     69.20    153.15  -4198.90   3775.95      0.00      0
1      7490 14.0       5.13e+08     76.75    152.99  -3382.92   2013.28      0.00      1
1      7491 14.0       7.59e+08     84.20    316.81   4629.44  -7518.05      0.00      0
1      7492 14.0       1.26e+08     79.55    358.82   3332.80   4462.34      0.00      0
1      7493 14.0       2.63e+08     82.23    162.08  -2600.55  -1533.62      0.00      0
1      7494 14.0       2.14e+08     75.87     31.32   5702.49  -5823.29      0.00      0
1      7495 14.0       1.95e+08     72.62    114.19   6080.77  -8021.69      0.00      0
1      7496 14.0       7.76e+08     71.47    188.11   -481.95   3213.27      0.00      1
1      7497 14.0       1.91e+08     65.75     21.56   1281.75  -1207.36      0.00      0
1      7498 14.0       5.75e+08     66.79    329.14   3931.32  -9769.47      0.00      0
1      7499 14.0       7.08e+08     85.10    290.45   2354.90  -2373.15      0.00      0
