1    100700 5626.0     9.77e+09     85.84     79.72   3079.31  -8788.61      0.00      1
1    100701 5626.0     8.32e+09     78.17    170.58   -883.44  -8931.76      0.00      1
1    100702 5626.0     3.63e+10     83.74    164.82  -3818.63  -6733.05      0.00      1
1    100703 5626.0     7.59e+09     79.25    295.50  -2303.54  -6312.68      0.00      1
1    100704 5626.0     4.90e+10     78.09     15.70   -164.04  -4697.89      0.00      1
1    100705 5626.0     9.12e+10     85.41    327.03   -273.72  -3401.14      0.00      1
1    100706 5626.0     2.24e+09     85.62    154.85   4473.35  -8431.20      0.00      1
1    100707 5626.0     7.08e+09     80.62    145.69   5231.52   -262.28      0.00      1
1    100708 5626.0     9.33e+09     65.55    245.22  -1308.45  -6965.40      0.00      1
1    100709 5626.0     3.16e+09     70.01    246.78   -490.33   3446.81      0.00      1
1    100710 5626.0     7.94e+09     72.21     14.29   2306.65   4648.78      0.00      1
1    100711 5626.0     7.94e+10     71.14    248.54   4563.37  -4815.20      0.00      1
1    100712 5626.0     1.12e+10     85.81     27.37  -3725.43  -8872.61      0.00      1
1    100713 5626.0     5.01e+10     74.25    111.94   3605.19  -9406.70      0.00      0
1    100714 5626.0     6.03e+09     79.98    250.33   4909.39    867.40      0.00      1
1    100715 5626.0     2.82e+09     70.12     49.12   5261.65   2713.04      0.00      1
1    100716 5626.0     2.29e+09     83.09    299.77   6396.52   -161.05      0.00      1
1    100717 5626.0     1.12e+10     70.44     93.73   6449.24  -6960.41      0.00      1
1    100718 5626.0     2.51e+10     66.95     85.82  -1820.15    -18.44      0.00      1
1    100719 5626.0     1.07e+09     77.33     61.19   4634.99  -4129.56      0.00      1
1    100720 5626.0     1.17e+09     85.06    223.08   2489.19   -132.63      0.00      1
1    100721 5626.0     5.50e+10     75.62     48.56  -3788.85  -1927.15      0.00      1
1    100722 5626.0     6.03e+09     78.65    280.26   5386.97 -11042.01      0.00      1
1    100723 5626.0     1.41e+10     87.97    118.37   6499.74   1763.67      0.00      1
1    100724 5626.0     9.55e+09     76.74    157.73  -1373.24  -9361.97      0.00      1
1    100725 5626.0     1.05e+10     76.29    123.10   4966.36   4408.18      0.00      1
1    100726 5626.0     7.76e+09     73.52    109.19     86.88  -9424.62      0.00      1
1    100728 5626.0     6.31e+09     68.09    284.13   4784.87  -7480.10      0.00      1
1    100729 5626.0     1.70e+09     78.31     79.57   2307.73    383.83      0.00      1
1    100730 5626.0     3.31e+09     75.66    199.96  -1298.24  -6779.96      0.00      1
1    100731 5626.0     4.47e+10     82.79    355.25   6156.69  -5479.14      0.00      1
1    100732 5626.0     5.37e+09     68.17    106.53   1242.68   4002.83      0.00      1
1    100733 5626.0     9.12e+10     86.39    162.82   3467.37  -6724.22      0.00      1
1    100734 5626.0     9.55e+10     74.13    108.22  -1329.68   2808.65      0.00      1
1    100735 5626.0     9.55e+09     84.16     17.50   2482.35  -7222.21      0.00      1
1    100736 5626.0     6.17e+10     77.64    258.74    587.14     35.45      0.00      1
1    100737 5626.0     3.80e+09     66.26    314.56   -325.54   1204.36      0.00      1
1    100738 5626.0     1.58e+10     74.08    136.86  -1154.03 -10103.50      0.00      1
1    100739 5626.0     2.00e+10     69.47    234.58   5285.34  -8282.48      0.00      1
1    100740 5626.0     6.61e+09     74.40     65.72   3205.52 -10252.06      0.00      1
1    100741 5626.0     1.17e+09     71.91     59.30  -2464.45  -7366.00      0.00      1
1    100742 5626.0     2.57e+09     82.43    336.26   6034.52    407.39      0.00      1
1    100743 5626.0     6.76e+09     77.84    102.97   6464.91  -4070.97      0.00      1
1    100744 5626.0     8.32e+09     76.74    313.82    940.15   4059.62      0.00      1
1    100745 5626.0     4.37e+10     73.69     95.90   2067.08   -847.30      0.00      1
1    100746 5626.0     1.12e+10     69.54    114.19   1738.86   2217.94      0.00      1
1    100747 5626.0     2.14e+09     65.64     30.90    860.88    256.29      0.00      1
1    100748 5626.0     5.75e+10     66.02    200.40   1082.07  -5282.80      0.00      1
1    100749 5626.0     7.94e+09     71.73     69.10   5093.57  -3406.40      0.00      1
1    100750 5626.0     4.57e+09     83.16    322.75    608.37  -6746.57      0.00      1
1    100751 5626.0     3.80e+09     86.07    147.03  -2359.33  -4991.78      0.00      1
1    100752 5626.0     1.12e+10     73.35     50.56   2128.32   2947.13      0.00      1
1    100753 5626.0     2.24e+10     77.10    322.77  -1219.26  -4966.67      0.00      1
1    100754 5626.0     7.76e+09     78.98     88.07   5353.29  -4479.23      0.00      1
1    100755 5626.0     4.90e+09     87.06    205.67   5271.96  -7464.08      0.00      1
1    100756 5626.0     1.51e+09     66.06    232.11   3315.33   1482.88      0.00      1
1    100757 5626.0     8.71e+10     87.68     60.85   5675.18  -9666.88      0.00      1
1    100758 5626.0     9.12e+10     85.05    331.52  -2976.84   4535.50      0.00      1
1    100759 5626.0     5.37e+09     66.99    171.83   -438.11   1897.89      0.00      1
1    100760 5626.0     1.62e+09     75.74    284.90  -2540.80  -1265.56      0.00      1
1    100761 5626.0     1.38e+09     87.86    355.30   4117.90   4200.04      0.00      0
1    100762 5626.0     2.51e+10     81.03    162.78  -1774.23  -4533.36      0.00      1
1    100763 5626.0     6.92e+10     77.96     37.32    156.89  -3151.33      0.00      1
1    100764 5626.0     2.51e+10     69.44    236.07   6146.33    913.54      0.00      0
1    100765 5626.0     8.71e+09     77.43    137.23   2495.01  -8045.69      0.00      1
1    100766 5626.0     1.95e+09     85.31    259.05   5667.50  -3990.11      0.00      1
1    100767 5626.0     1.66e+10     67.88    299.20   1294.38   1562.31      0.00      1
1    100768 5626.0     1.78e+09     81.35    330.34    457.12   3165.32      0.00      1
1    100769 5626.0     7.41e+10     87.14    259.39    893.71  -2341.84      0.00      1
1    100770 5626.0     8.13e+10     69.92    133.50  -1734.21   -213.24      0.00      1
1    100771 5626.0     2.63e+09     76.29    209.89   -622.74  -1847.99      0.00      1
1    100772 5626.0     3.72e+10     76.32     29.42  -1204.87   3191.26      0.00      1
1    100773 5626.0     2.75e+09     84.46     37.38   5209.86   4619.24      0.00      1
1    100774 5626.0     2.29e+09     84.57    144.20   -529.85  -7766.45      0.00      1
1    100775 5626.0     2.14e+10     87.60    178.25  -1165.54  -7994.99      0.00      1
1    100776 5626.0     1.07e+10     80.24    333.62  -3650.95  -4735.66      0.00      1
1    100777 5626.0     1.12e+10     87.82     24.84   3786.42   4669.04      0.00      1
1    100778 5626.0     1.26e+10     69.03    176.53  -2293.65  -8017.63      0.00      1
1    100779 5626.0     1.86e+09     83.83    321.86   6282.38  -9582.82      0.00      1
1    100780 5626.0     2.04e+10     69.17     66.69     22.36  -2981.09      0.00      1
1    100781 5626.0     1.32e+09     80.51    348.46   2333.23   3134.26      0.00      1
1    100782 5626.0     1.07e+09     79.96    194.58   1653.15  -3916.64      0.00      1
1    100783 5626.0     1.51e+09     86.39    219.76   2068.94  -9436.98      0.00      0
1    100784 5626.0     3.80e+09     72.07    314.51   2264.56  -1060.34      0.00      1
1    100785 5626.0     2.88e+09     69.14    274.09   2652.24   2078.66      0.00      1
1    100786 5626.0     1.91e+10     84.39    137.06   1002.81   -886.40      0.00      1
1    100787 5626.0     5.13e+10     70.67    300.58  -3853.51  -2868.98      0.00      0
1    100788 5626.0     6.61e+09     87.78    338.13  -3874.60  -3825.73      0.00      1
1    100789 5626.0     1.66e+10     68.56    325.22    566.70  -4914.06      0.00      1
1    100790 5626.0     4.47e+09     78.84     14.88   4791.70  -9227.04      0.00      1
1    100791 5626.0     3.63e+09     77.04    187.94  -1143.49   2769.50      0.00      1
1    100792 5626.0     1.35e+09     76.55    124.35   1744.10  -1269.02      0.00      1
1    100793 5626.0     3.89e+09     73.19      6.54  -1960.77   3449.01      0.00      1
1    100794 5626.0     1.07e+10     67.11    171.66   2826.94  -3474.62      0.00      1
1    100795 5626.0     7.76e+09     69.11     23.15  -2371.28  -7505.92      0.00      1
1    100796 5626.0     6.17e+09     70.74    271.86   5796.32   1923.43      0.00      1
1    100797 5626.0     2.45e+09     78.24    120.30  -1209.38   3399.89      0.00      1
1    100798 5626.0     5.89e+10     87.12    184.71  -2144.64  -7252.28      0.00      1
1    100799 5626.0     3.02e+09     85.36    157.96  -3772.54  -9602.14      0.00      1
