1      5800 14.0       6.92e+08     84.85    292.43   3660.25 -11129.86      0.00      0
1      5801 14.0       6.61e+08     82.94    239.46   5690.08  -8044.89      0.00      0
1      5802 14.0       1.78e+08     69.10    123.48  -1784.09  -6770.74      0.00      0
1      5803 14.0       9.55e+08     75.06    201.10   -885.61   3899.86      0.00      1
1      5804 14.0       2.82e+08     67.76    272.61   1274.18    180.60      0.00      1
1      5805 14.0       3.16e+08     78.25    226.07   5510.16  -9160.91      0.00      0
1      5806 14.0       7.08e+08     74.11    133.38  -2301.16  -8575.36      0.00      1
1      5807 14.0       5.50e+08     68.98    138.16   5805.15  -5845.62      0.00      1
1      5808 14.0       1.95e+08     82.70    338.01  -3048.03  -7947.71      0.00      0
1      5809 14.0       3.16e+08     68.62    132.26   2770.70   1053.57      0.00      0
1      5810 14.0       1.70e+08     85.96    277.66    809.28    423.79      0.00      0
1      5811 14.0       6.92e+08     73.39     19.24   -132.85 -10816.79      0.00      1
1      5812 14.0       2.09e+08     70.75    358.93   5400.42  -9605.64      0.00      0
1      5813 14.0       1.02e+08     85.24    328.40  -3401.31 -10721.38      0.00      0
1      5814 14.0       7.76e+08     69.87    242.09  -2335.55   4079.99      0.00      1
1      5815 14.0       1.91e+08     72.41    337.41    993.65  -8940.97      0.00      0
1      5816 14.0       2.69e+08     82.82    187.48   5192.44  -2734.90      0.00      0
1      5817 14.0       7.41e+08     75.64    206.27   4578.54   3280.05      0.00      1
1      5818 14.0       4.57e+08     87.17     86.20   4046.57  -4585.90      0.00      0
1      5819 14.0       2.51e+08     74.77    311.40   2915.14  -8775.69      0.00      0
1      5820 14.0       6.46e+08     73.93    299.37   -628.81  -7335.94      0.00      1
1      5821 14.0       1.41e+08     67.08    152.91   2216.96   1310.03      0.00      0
1      5822 14.0       3.39e+08     71.02     81.49  -1104.33  -8041.20      0.00      1
1      5823 14.0       1.62e+08     68.94    270.08   1956.20  -1944.74      0.00      0
1      5824 14.0       5.89e+08     71.39    347.46   4337.48  -9852.71      0.00      0
1      5825 14.0       4.07e+08     79.52    172.15    537.84  -9926.57      0.00      1
1      5826 14.0       2.40e+08     67.53    248.20     71.87  -4339.90      0.00      0
1      5827 14.0       2.69e+08     76.10     96.66   4513.46  -2774.63      0.00      1
1      5828 14.0       5.89e+08     86.18     63.43    967.33   2181.90      0.00      0
1      5829 14.0       3.02e+08     81.04    222.96   4988.47    717.74      0.00      0
1      5830 14.0       6.61e+08     84.06     92.24   5974.29   1601.33      0.00      0
1      5831 14.0       1.10e+08     67.54     19.45   6447.06  -3201.39      0.00      0
1      5832 14.0       9.12e+08     67.14    265.64  -3990.50  -9769.74      0.00      1
1      5833 14.0       2.82e+08     77.07    325.91  -3427.00  -4059.10      0.00      0
1      5834 14.0       6.76e+08     80.39    250.74   -279.10  -8704.24      0.00      1
1      5835 14.0       2.88e+08     86.75     18.47  -3091.33    402.24      0.00      0
1      5836 14.0       1.23e+08     66.10    284.07   5936.34  -8628.50      0.00      0
1      5837 14.0       1.35e+08     66.09      8.24  -2446.12  -3783.97      0.00      0
1      5838 14.0       2.51e+08     67.35    321.65   -645.21  -3781.56      0.00      0
1      5839 14.0       2.34e+08     68.03    105.48   1959.32  -9911.50      0.00      0
1      5840 14.0       3.02e+08     66.58    189.54  -1296.00  -4049.06      0.00      0
1      5841 14.0       2.45e+08     77.82    259.60   3125.23  -5467.65      0.00      1
1      5842 14.0       3.89e+08     67.26    253.08   1865.27   4267.23      0.00      0
1      5843 14.0       3.16e+08     81.79     68.90  -1705.95  -9739.14      0.00      0
1      5844 14.0       1.29e+08     72.20    201.27   1807.43   1532.87      0.00      0
1      5845 14.0       2.45e+08     77.76    324.32    511.98  -5329.46      0.00      0
1      5846 14.0       2.19e+08     72.91    186.06     16.93   3697.52      0.00      0
1      5847 14.0       9.12e+08     74.50    267.72   5693.92    115.46      0.00      1
1      5848 14.0       3.24e+08     77.73    294.41   1205.90   -950.92      0.00      1
1      5849 14.0       3.63e+08     67.50    248.82    215.47  -2853.76      0.00      1
1      5850 14.0       1.74e+08     85.35    128.77   2862.72  -4796.42      0.00      0
1      5851 14.0       4.37e+08     71.81    151.20   2998.61  -5088.99      0.00      1
1      5852 14.0       2.63e+08     77.41    318.81  -1786.17  -5319.29      0.00      0
1      5853 14.0       1.10e+08     76.74     24.91   5946.67  -8171.03      0.00      0
1      5854 14.0       1.00e+08     69.30    178.04  -2294.68  -4161.23      0.00      0
1      5855 14.0       2.95e+08     71.24     41.05   2543.12  -1793.27      0.00      1
1      5856 14.0       1.51e+08     83.08    303.75   1001.54  -8494.45      0.00      0
1      5857 14.0       3.72e+08     66.79     41.11   1969.16  -3406.99      0.00      0
1      5858 14.0       3.55e+08     83.52    353.05   -903.72   4761.19      0.00      0
1      5859 14.0       1.07e+08     77.86    122.14  -3631.41   -953.28      0.00      0
1      5860 14.0       4.27e+08     84.33    275.27   4265.61    425.37      0.00      0
1      5861 14.0       6.03e+08     76.93    286.43   1444.67   5156.31      0.00      1
1      5862 14.0       7.94e+08     70.44    302.82  -3445.02  -8256.04      0.00      1
1      5863 14.0       2.57e+08     75.68    105.04   6433.72   3131.12      0.00      0
1      5864 14.0       1.78e+08     66.79    212.15   3573.75  -4938.98      0.00      0
1      5865 14.0       1.29e+08     82.69     34.56   1154.63   1530.89      0.00      0
1      5866 14.0       8.71e+08     65.11     77.92   4865.55  -2878.96      0.00      0
1      5867 14.0       9.77e+08     65.03      1.60   6057.66   1904.50      0.00      0
1      5868 14.0       2.95e+08     84.94    238.99   5064.14    801.79      0.00      0
1      5869 14.0       2.45e+08     70.31    313.21  -1937.77 -10051.99      0.00      0
1      5870 14.0       2.63e+08     69.03    268.50  -1360.34    283.27      0.00      1
1      5871 14.0       2.69e+08     83.84    293.41   5252.34   1775.73      0.00      0
1      5872 14.0       4.37e+08     76.76    175.65   4361.13  -5614.31      0.00      1
1      5873 14.0       1.66e+08     68.35    223.10   4571.16  -8514.11      0.00      0
1      5874 14.0       1.41e+08     80.55    352.12   5583.31  -1022.28      0.00      0
1      5875 14.0       8.71e+08     85.30     66.44   3114.95  -1969.37      0.00      1
1      5876 14.0       3.55e+08     82.95     14.16   -419.14  -7964.75      0.00      0
1      5877 14.0       1.86e+08     87.90    240.46   6476.95   4336.45      0.00      0
1      5878 14.0       5.13e+08     83.55    232.44  -3941.53  -7254.49      0.00      0
1      5879 14.0       1.78e+08     71.62    122.62  -1308.62  -6792.79      0.00      0
1      5880 14.0       3.55e+08     86.92    218.22  -3447.12   5014.28      0.00      0
1      5881 14.0       1.70e+08     75.88     92.77   4194.02   2188.32      0.00      0
1      5882 14.0       5.50e+08     68.92    355.87  -1004.78   5147.87      0.00      0
1      5883 14.0       8.13e+08     65.47    359.18   5662.86    459.34      0.00      1
1      5884 14.0       2.34e+08     84.50    157.19   5961.51   4374.70      0.00      0
1      5885 14.0       1.26e+08     86.44    314.90  -2875.31   4752.40      0.00      0
1      5886 14.0       1.12e+08     81.47    137.31  -1344.51  -3345.45      0.00      0
1      5887 14.0       3.89e+08     86.19    241.04  -4143.60   1085.86      0.00      0
1      5888 14.0       1.17e+08     80.53    168.06   3665.39   2419.80      0.00      0
1      5889 14.0       3.63e+08     67.26     17.64   1428.46  -6906.92      0.00      0
1      5890 14.0       3.02e+08     71.81     59.46  -2010.31 -10530.53      0.00      0
1      5891 14.0       8.91e+08     79.92    122.27   -978.68   -133.53      0.00      1
1      5892 14.0       5.50e+08     70.77    191.83   5670.44  -4483.18      0.00      1
1      5893 14.0       1.15e+08     86.52    165.51   1405.59  -9072.41      0.00      0
1      5894 14.0       1.95e+08     78.74    104.07  -4185.27   1998.07      0.00      0
1      5895 14.0       7.76e+08     68.81    145.71   6189.10  -2449.94      0.00      1
1      5896 14.0       1.74e+08     76.39     63.63    225.92  -5637.26      0.00      0
1      5897 14.0       7.08e+08     71.07    261.26  -4264.48 -10710.05      0.00      0
1      5898 14.0       7.59e+08     87.77    126.29  -3758.65  -9947.58      0.00      0
1      5899 14.0       6.61e+08     74.18    313.54    983.92   3812.88      0.00      1
