1      6200 14.0       6.31e+08     80.32    304.51   2335.86   3131.54      0.00      1
1      6201 14.0       3.63e+08     77.15    160.27   2483.61  -7031.10      0.00      1
1      6202 14.0       9.77e+08     76.27    148.22   5569.50   -445.54      0.00      1
1      6203 14.0       2.14e+08     84.11     48.78   3611.94  -9872.72      0.00      0
1      6204 14.0       2.04e+08     73.12    148.02   4811.75   4761.49      0.00      0
1      6205 14.0       4.47e+08     67.53     29.41   4737.90 -10470.22      0.00      0
1      6206 14.0       1.05e+08     74.81    230.51    -62.71  -9018.17      0.00      0
1      6207 14.0       6.03e+08     72.19    304.94   1515.03    824.72      0.00      1
1      6208 14.0       1.07e+08     68.59     54.73   3399.91  -4354.41      0.00      0
1      6209 14.0       2.69e+08     69.85    275.42   2679.07  -8729.63      0.00      0
1      6210 14.0       1.02e+08     70.23    219.40  -3643.17  -2957.25      0.00      0
1      6211 14.0       2.75e+08     65.60    181.60   3069.95  -7385.17      0.00      0
1      6212 14.0       8.91e+08     80.42     47.51   5882.88   -714.74      0.00      1
1      6213 14.0       1.12e+08     76.23     47.59   1780.35   3523.95      0.00      0
1      6214 14.0       7.24e+08     86.27    214.60  -3442.56  -8491.28      0.00      0
1      6215 14.0       7.41e+08     70.38    312.65   1902.49   4272.16      0.00      1
1      6216 14.0       1.86e+08     81.15    331.73   2027.51  -5324.77      0.00      0
1      6217 14.0       1.23e+08     73.32    328.01  -2140.90   3980.03      0.00      0
1      6218 14.0       6.03e+08     84.28    295.91   2060.27  -4724.34      0.00      1
1      6219 14.0       1.20e+08     84.30    143.80   2502.81   -214.72      0.00      0
1      6220 14.0       2.00e+08     84.72     42.64   -359.64  -3237.64      0.00      0
1      6221 14.0       6.46e+08     70.84    346.71   3818.08  -9657.86      0.00      1
1      6222 14.0       4.27e+08     66.15    323.94   1889.84  -8559.42      0.00      0
1      6223 14.0       2.00e+08     74.38    115.69   2342.55  -5190.37      0.00      0
1      6224 14.0       3.24e+08     69.55    221.04  -3218.70  -1359.68      0.00      0
1      6225 14.0       4.37e+08     70.43      5.94   6202.24   2849.97      0.00      0
1      6226 14.0       6.76e+08     82.06     35.46   -305.87   -404.79      0.00      1
1      6227 14.0       1.51e+08     66.64    175.93   1175.50   1264.93      0.00      0
1      6228 14.0       3.98e+08     77.29    153.63   3687.04  -8951.21      0.00      1
1      6229 14.0       7.08e+08     73.53    180.90  -2759.51 -11265.82      0.00      1
1      6230 14.0       2.82e+08     83.67     65.61   5347.34  -6234.90      0.00      0
1      6231 14.0       8.51e+08     87.21    261.28   5610.91 -10331.03      0.00      0
1      6232 14.0       2.24e+08     77.40     31.66   3661.90  -5021.99      0.00      0
1      6233 14.0       1.70e+08     86.54    220.56  -4335.43 -10245.47      0.00      0
1      6234 14.0       8.32e+08     79.58    154.14    990.68  -6652.22      0.00      1
1      6235 14.0       1.58e+08     74.14    196.30   2968.91  -9747.24      0.00      0
1      6236 14.0       7.41e+08     84.09    115.41   3587.26  -2255.95      0.00      1
1      6237 14.0       5.89e+08     85.61    151.20    727.31  -5193.82      0.00      0
1      6238 14.0       1.20e+08     79.31    216.20  -3322.84  -6418.30      0.00      0
1      6239 14.0       1.12e+08     74.94    359.80   4663.81  -7164.27      0.00      0
1      6240 14.0       5.13e+08     87.65    232.06   2705.57  -3349.34      0.00      0
1      6241 14.0       6.46e+08     67.83    119.91  -2408.33  -1680.09      0.00      1
1      6242 14.0       1.48e+08     79.13    289.29   4165.19  -5233.80      0.00      0
1      6243 14.0       1.70e+08     81.77    237.96   2463.56  -9462.94      0.00      0
1      6244 14.0       2.51e+08     78.04    113.70    570.89   4008.66      0.00      1
1      6245 14.0       5.13e+08     72.57    279.67   4366.85    865.37      0.00      1
1      6246 14.0       5.25e+08     86.74    308.60   2857.52  -7520.24      0.00      0
1      6247 14.0       1.91e+08     70.66    320.41  -1967.42   1727.97      0.00      0
1      6248 14.0       3.09e+08     70.26    165.76  -4035.71  -8976.12      0.00      0
1      6249 14.0       3.31e+08     73.44    337.55   -493.32  -7502.13      0.00      1
1      6250 14.0       9.55e+08     79.58    249.24   4087.47 -11065.31      0.00      1
1      6251 14.0       6.76e+08     79.77    146.01   2590.14   4995.35      0.00      1
1      6252 14.0       9.55e+08     87.89    134.56  -3754.97  -6285.43      0.00      0
1      6253 14.0       3.02e+08     77.76    110.56   6003.65  -9487.97      0.00      1
1      6254 14.0       1.35e+08     78.51    232.61   3513.45  -3624.29      0.00      0
1      6255 14.0       4.57e+08     84.35    203.31  -1717.37  -7801.16      0.00      0
1      6256 14.0       1.95e+08     77.97    238.17   2870.32   4203.53      0.00      0
1      6257 14.0       1.00e+09     67.71    152.51   1340.90  -3456.24      0.00      1
1      6258 14.0       3.09e+08     68.27    263.06   -207.59  -9893.08      0.00      0
1      6259 14.0       1.41e+08     75.10     65.94   5691.46  -9547.29      0.00      0
1      6260 14.0       1.35e+08     65.70    171.04   3552.79   1075.44      0.00      0
1      6261 14.0       6.46e+08     68.94    355.58  -4332.79  -3872.63      0.00      1
1      6262 14.0       7.94e+08     79.47    313.28   -511.25    778.17      0.00      1
1      6263 14.0       1.12e+08     82.65    218.25    672.59   1383.34      0.00      0
1      6264 14.0       3.63e+08     73.02      4.45  -3885.43    906.39      0.00      1
1      6265 14.0       6.76e+08     82.73    197.74   5359.83   1485.33      0.00      1
1      6266 14.0       1.00e+09     78.59    294.19  -1710.95  -1283.92      0.00      1
1      6267 14.0       2.82e+08     65.82     35.73   1052.63  -1383.23      0.00      1
1      6268 14.0       3.72e+08     81.42     66.72   6321.07   4138.52      0.00      1
1      6269 14.0       3.02e+08     79.45    132.61  -3085.49  -5778.66      0.00      0
1      6270 14.0       4.27e+08     83.17    245.75   5750.22  -2177.72      0.00      0
1      6271 14.0       1.29e+08     69.22     84.10  -1820.21     97.50      0.00      0
1      6272 14.0       5.01e+08     68.67    306.57   2373.35  -6271.41      0.00      1
1      6273 14.0       3.55e+08     78.65    257.32  -3554.70  -7832.84      0.00      1
1      6274 14.0       3.47e+08     68.23    288.50   4877.92   -373.83      0.00      0
1      6275 14.0       3.89e+08     67.50    247.56   2562.06  -7540.43      0.00      0
1      6276 14.0       1.66e+08     74.87     96.36    874.06   3770.56      0.00      0
1      6277 14.0       2.04e+08     72.54    250.14  -3492.87   4208.70      0.00      0
1      6278 14.0       4.07e+08     66.48    234.20   2877.50  -3638.67      0.00      0
1      6279 14.0       3.63e+08     70.11    265.45   -705.93  -8109.47      0.00      0
1      6280 14.0       1.12e+08     80.17    207.95   2833.10  -4765.60      0.00      0
1      6281 14.0       2.51e+08     68.62    253.55   4744.37   4121.03      0.00      0
1      6282 14.0       1.05e+08     86.73     66.68   4289.82  -1369.80      0.00      0
1      6283 14.0       9.55e+08     75.35    209.77  -3494.31    -30.51      0.00      1
1      6284 14.0       1.26e+08     77.17    203.56  -1579.65  -9018.89      0.00      0
1      6285 14.0       2.69e+08     70.94     68.49   2646.84   -482.49      0.00      1
1      6286 14.0       5.37e+08     67.04    128.11   1011.90   -188.50      0.00      1
1      6287 14.0       4.07e+08     69.61    333.14   3973.07   3463.29      0.00      1
1      6288 14.0       1.55e+08     86.89     62.67    472.11  -6124.16      0.00      0
1      6289 14.0       2.04e+08     83.73     80.72    689.61    -99.88      0.00      0
1      6290 14.0       4.17e+08     78.82     39.89    286.10   4922.88      0.00      1
1      6291 14.0       2.24e+08     79.55    170.78   1301.35   4040.05      0.00      0
1      6292 14.0       4.37e+08     65.78    317.95   5607.32  -7559.45      0.00      0
1      6293 14.0       1.10e+08     70.98    286.12   5005.28  -5204.15      0.00      0
1      6294 14.0       2.63e+08     84.61    201.52   3961.40  -6049.59      0.00      0
1      6295 14.0       4.37e+08     73.58     69.24   5461.12  -7945.58      0.00      1
1      6296 14.0       7.24e+08     82.80    275.73  -2418.46    858.80      0.00      1
1      6297 14.0       1.29e+08     72.42     76.09   1635.29    495.83      0.00      0
1      6299 14.0       1.82e+08     85.13    126.09    482.55   2579.25      0.00      0
