1    106000 5626.0     5.62e+08     68.73    313.99   3271.08  -4959.63      0.00      0
1    106001 5626.0     2.40e+08     66.31     29.97  -2471.14   2379.29      0.00      0
1    106002 5626.0     4.47e+08     69.25    276.43   2671.85  -7150.60      0.00      0
1    106003 5626.0     3.72e+08     72.91     71.92  -2456.79  -5993.47      0.00      0
1    106004 5626.0     2.09e+08     75.64    236.82    938.51  -1008.73      0.00      0
1    106005 5626.0     2.95e+08     82.96    166.44   6268.91 -10315.27      0.00      0
1    106006 5626.0     5.62e+08     70.52    237.01  -1799.02  -9167.00      0.00      1
1    106007 5626.0     3.98e+08     84.88    358.69  -2234.86   1713.05      0.00      0
1    106008 5626.0     7.24e+08     69.14    343.13   -483.56 -10224.07      0.00      1
1    106009 5626.0     6.03e+08     78.37     73.66   5320.33  -8506.91      0.00      1
1    106010 5626.0     3.02e+08     77.14    326.54   -120.57  -8383.81      0.00      1
1    106011 5626.0     2.09e+08     86.81    253.02   -702.21  -6754.93      0.00      0
1    106012 5626.0     1.86e+08     71.60     30.13   5289.46   4324.80      0.00      0
1    106013 5626.0     6.31e+08     76.64      3.80   -103.81   -320.63      0.00      1
1    106014 5626.0     7.94e+08     72.84      0.60   4954.99 -11256.52      0.00      0
1    106015 5626.0     1.26e+08     67.49    346.40   6222.69  -1448.78      0.00      0
1    106016 5626.0     2.00e+08     75.24    133.04  -1896.67  -4592.72      0.00      0
1    106017 5626.0     7.59e+08     85.78    252.31   4531.98  -9823.64      0.00      0
1    106018 5626.0     1.51e+08     72.66    160.01    763.36  -5649.29      0.00      0
1    106019 5626.0     3.24e+08     84.73    137.35  -3188.35   2748.68      0.00      0
1    106020 5626.0     6.92e+08     83.79    235.50   4879.59   1774.12      0.00      0
1    106021 5626.0     2.19e+08     79.72    299.89  -3955.91   2995.79      0.00      0
1    106022 5626.0     3.89e+08     71.83     78.96   -514.23  -1847.34      0.00      1
1    106023 5626.0     1.74e+08     69.50     41.48   2985.36  -1607.09      0.00      0
1    106024 5626.0     4.79e+08     65.29    197.46    -65.91   3405.69      0.00      0
1    106025 5626.0     1.78e+08     72.13    299.60    814.99  -1701.36      0.00      0
1    106026 5626.0     1.07e+08     86.50      8.68   2777.85  -6860.16      0.00      0
1    106027 5626.0     7.08e+08     71.69     36.48  -2387.42   4735.37      0.00      1
1    106028 5626.0     2.24e+08     68.88     28.91   -690.09   1955.93      0.00      1
1    106029 5626.0     1.82e+08     66.42    218.83   -771.24  -6634.21      0.00      0
1    106030 5626.0     1.95e+08     73.98    216.20  -4200.54  -2543.31      0.00      0
1    106031 5626.0     5.13e+08     70.59    157.19  -4058.53  -2197.54      0.00      1
1    106032 5626.0     2.09e+08     70.91    353.88   -117.18    632.63      0.00      1
1    106033 5626.0     6.17e+08     87.26    286.89     71.25 -10094.66      0.00      0
1    106034 5626.0     2.14e+08     82.20    179.52   -747.82  -7581.51      0.00      0
1    106035 5626.0     4.68e+08     76.33     20.03    625.55  -2693.45      0.00      1
1    106036 5626.0     1.51e+08     72.72     63.37    428.35   4966.53      0.00      0
1    106037 5626.0     6.03e+08     85.46     49.18  -2882.81  -3448.60      0.00      0
1    106038 5626.0     2.75e+08     65.05    141.21   5489.09  -9366.94      0.00      0
1    106039 5626.0     1.32e+08     70.90     82.13  -1609.00  -7360.14      0.00      0
1    106040 5626.0     4.27e+08     77.19     58.03    127.58  -7761.70      0.00      1
1    106041 5626.0     5.62e+08     67.99    140.11   3265.15  -6863.98      0.00      0
1    106042 5626.0     3.39e+08     78.52    258.68   5142.01  -3982.71      0.00      1
1    106043 5626.0     1.41e+08     76.47    341.95   1239.78   4655.06      0.00      0
1    106044 5626.0     2.45e+08     67.67    129.40   3057.34  -7504.67      0.00      0
1    106045 5626.0     7.08e+08     67.15    295.85   6271.62  -9998.59      0.00      0
1    106046 5626.0     1.20e+08     75.52    118.36   -885.44   3137.83      0.00      0
1    106047 5626.0     2.14e+08     85.67    263.82   6355.87  -7413.26      0.00      0
1    106048 5626.0     7.76e+08     87.01     65.88   2421.91   1104.29      0.00      0
1    106049 5626.0     1.70e+08     83.07     73.43  -3965.90   2068.86      0.00      0
1    106050 5626.0     1.58e+08     87.21      3.62  -3950.97  -3247.58      0.00      0
1    106051 5626.0     2.69e+08     80.76    258.95  -3689.42 -10162.25      0.00      0
1    106052 5626.0     4.07e+08     78.68     23.17   -749.00  -1807.59      0.00      1
1    106053 5626.0     2.34e+08     83.75     51.86   2515.33  -5529.05      0.00      0
1    106054 5626.0     9.55e+08     87.02     67.27  -4265.13  -7070.79      0.00      0
1    106055 5626.0     5.50e+08     80.80     38.00    -84.52  -8960.70      0.00      1
1    106056 5626.0     6.92e+08     68.85    246.15  -4375.40  -8840.88      0.00      0
1    106057 5626.0     1.15e+08     81.45    118.08   5594.52  -8628.22      0.00      0
1    106058 5626.0     2.34e+08     65.81     70.95   4854.55  -9408.53      0.00      0
1    106059 5626.0     4.37e+08     84.60    262.79   2519.82   5002.07      0.00      0
1    106060 5626.0     1.95e+08     77.91    299.21   4632.83   2905.54      0.00      0
1    106061 5626.0     4.79e+08     66.00    286.60  -1475.03  -2196.71      0.00      1
1    106062 5626.0     3.24e+08     84.20    218.94   3423.94  -5286.21      0.00      0
1    106063 5626.0     1.86e+08     77.04    305.45   2012.59  -2125.85      0.00      0
1    106064 5626.0     6.31e+08     86.02    165.71    823.37   -942.01      0.00      0
1    106065 5626.0     9.55e+08     65.08    151.75   5026.59  -7451.37      0.00      0
1    106066 5626.0     9.55e+08     87.63     43.57  -4278.33  -9005.45      0.00      0
1    106067 5626.0     3.72e+08     67.46    174.82   4704.99  -9782.57      0.00      0
1    106068 5626.0     6.92e+08     68.30    300.67  -3422.98  -7961.54      0.00      0
1    106069 5626.0     2.00e+08     71.72    312.35   5576.57   4146.85      0.00      0
1    106070 5626.0     2.14e+08     77.44    309.12   4586.18  -9896.69      0.00      0
1    106071 5626.0     3.24e+08     78.74    203.05   2033.96 -10414.76      0.00      1
1    106072 5626.0     2.00e+08     65.04    307.00   4122.51    823.94      0.00      0
1    106073 5626.0     7.41e+08     68.81    176.89  -4307.10   2232.52      0.00      0
1    106074 5626.0     4.57e+08     74.60    113.26  -3594.58   1712.12      0.00      1
1    106075 5626.0     5.01e+08     82.68     84.54  -1387.09  -2707.62      0.00      1
1    106076 5626.0     2.57e+08     83.38    347.62   1501.71   4295.47      0.00      0
1    106077 5626.0     1.70e+08     83.83    122.45   3909.83   1098.21      0.00      0
1    106078 5626.0     2.14e+08     80.55    302.41   1668.49    441.71      0.00      0
1    106079 5626.0     4.17e+08     87.45     97.99   5881.96   3737.80      0.00      0
1    106080 5626.0     3.31e+08     77.75    128.82  -3687.27   4995.33      0.00      0
1    106081 5626.0     2.63e+08     84.07    195.64  -3828.61   2599.54      0.00      0
1    106082 5626.0     5.75e+08     70.02    207.74  -2684.88    657.48      0.00      1
1    106083 5626.0     1.20e+08     79.57    184.82   -831.74  -5711.87      0.00      0
1    106084 5626.0     8.91e+08     86.10    148.00   3048.50  -4473.81      0.00      0
1    106085 5626.0     5.62e+08     87.33     87.26   4086.11  -9409.33      0.00      0
1    106086 5626.0     1.82e+08     73.54    224.80  -1905.70  -3435.38      0.00      0
1    106087 5626.0     7.94e+08     75.08    315.10    235.43  -9999.48      0.00      1
1    106088 5626.0     6.76e+08     77.73     54.18   4270.22  -6248.01      0.00      1
1    106089 5626.0     1.58e+08     79.20    261.34   3273.14  -5110.09      0.00      0
1    106090 5626.0     9.12e+08     79.78    330.23  -1075.69   2746.96      0.00      1
1    106091 5626.0     2.57e+08     77.48     59.56   4241.22  -3806.89      0.00      0
1    106092 5626.0     2.19e+08     69.53    103.02   2989.21  -2682.87      0.00      0
1    106093 5626.0     6.31e+08     87.53    180.60   -620.36  -9207.08      0.00      0
1    106094 5626.0     9.12e+08     70.40    288.37   5495.87   3597.84      0.00      0
1    106095 5626.0     3.09e+08     69.87    105.49   4795.85   4330.31      0.00      0
1    106096 5626.0     1.17e+08     75.34    161.89   6330.88 -10063.89      0.00      0
1    106097 5626.0     1.86e+08     66.32    245.62   6458.90  -6421.88      0.00      0
1    106098 5626.0     1.26e+08     80.04    287.14   2322.56 -10218.43      0.00      0
1    106099 5626.0     1.86e+08     81.60    209.10   4784.95  -7710.98      0.00      0
