1      3200 14.0       4.47e+09     66.94    280.13   4976.10   2554.42      0.00      1
1      3201 14.0       1.91e+10     75.99    135.33  -4019.08  -8245.15      0.00      1
1      3202 14.0       2.63e+09     86.25    224.46  -1867.73  -3448.32      0.00      1
1      3203 14.0       4.07e+09     72.57    286.32   4639.72   -894.81      0.00      1
1      3204 14.0       6.76e+09     83.69     37.73   1664.72  -7097.71      0.00      1
1      3205 14.0       4.07e+09     78.95    286.08    781.75  -3135.65      0.00      1
1      3206 14.0       8.13e+10     87.74    278.66  -4052.46  -6356.13      0.00      1
1      3207 14.0       1.07e+10     77.60      3.49  -2382.34   5198.31      0.00      1
1      3208 14.0       5.75e+09     74.61     14.99   5842.50  -9594.05      0.00      1
1      3209 14.0       1.12e+10     69.82     14.76   5000.48   -160.76      0.00      1
1      3210 14.0       1.66e+10     86.23    100.46   3922.40   2615.22      0.00      1
1      3211 14.0       9.77e+10     65.33     51.83   5861.32   1793.16      0.00      1
1      3212 14.0       2.29e+09     84.76    336.55   1466.16  -9118.23      0.00      1
1      3213 14.0       2.82e+10     85.21      8.17   -872.23 -10084.24      0.00      1
1      3214 14.0       3.09e+09     68.06    200.65   2944.22 -10030.88      0.00      1
1      3215 14.0       6.76e+10     68.61     86.95  -4147.43 -10429.45      0.00      0
1      3216 14.0       2.57e+09     85.21    161.51  -2997.51  -8329.32      0.00      1
1      3217 14.0       1.91e+09     68.03     61.41  -4202.53  -3177.12      0.00      1
1      3218 14.0       3.55e+10     73.98    196.72  -2548.54   -902.42      0.00      1
1      3219 14.0       2.45e+10     85.55    326.53    -41.16   5156.26      0.00      1
1      3220 14.0       3.63e+09     84.04    170.61   4351.39  -7708.01      0.00      1
1      3221 14.0       8.51e+09     74.18     57.19    942.08  -1687.15      0.00      1
1      3222 14.0       4.07e+10     79.12    197.21  -3595.09  -2392.61      0.00      1
1      3223 14.0       2.40e+10     68.16    353.13   1574.81  -4494.08      0.00      1
1      3224 14.0       5.37e+10     75.75    151.64   5143.23  -8343.34      0.00      1
1      3225 14.0       2.40e+09     81.15    353.76  -2133.43 -10512.30      0.00      1
1      3226 14.0       4.27e+10     73.94    323.54    552.11  -1248.25      0.00      1
1      3227 14.0       1.95e+09     74.36     79.48   1363.60  -8665.33      0.00      1
1      3228 14.0       2.04e+09     76.51      4.14   4541.31   1730.34      0.00      1
1      3229 14.0       2.45e+09     80.19     46.07  -4124.62  -4954.86      0.00      1
1      3230 14.0       7.41e+10     69.84    187.47   3394.74   3881.96      0.00      1
1      3231 14.0       4.27e+10     71.09    196.49  -1518.73   4439.25      0.00      1
1      3232 14.0       2.88e+10     83.79     84.06   1265.25  -4026.94      0.00      1
1      3233 14.0       1.17e+10     85.58     42.97  -3122.81  -6183.22      0.00      1
1      3234 14.0       4.07e+09     81.48     40.09   1650.25  -3913.47      0.00      1
1      3235 14.0       2.88e+10     87.73    111.66   5243.05  -1743.98      0.00      1
1      3236 14.0       1.91e+10     82.82    114.10   4011.00  -2970.24      0.00      1
1      3237 14.0       6.31e+10     84.32    252.35   5095.56  -8066.82      0.00      1
1      3238 14.0       1.05e+09     87.64    226.55   -546.89  -4550.50      0.00      0
1      3239 14.0       3.31e+09     70.99    347.57    677.36 -10472.60      0.00      1
1      3240 14.0       1.05e+09     73.58    192.56  -2431.83   -284.64      0.00      1
1      3241 14.0       4.27e+10     81.55    184.20   3192.87 -10023.31      0.00      1
1      3242 14.0       3.31e+09     82.37    257.00   4430.82  -8307.76      0.00      1
1      3243 14.0       5.50e+10     76.98     77.49   5839.40  -4077.46      0.00      1
1      3244 14.0       1.62e+10     82.35    201.59   3556.27   3279.20      0.00      1
1      3245 14.0       4.37e+10     73.18    228.67  -2623.81  -5063.95      0.00      1
1      3246 14.0       5.25e+09     75.75    313.85   2022.05    421.12      0.00      1
1      3247 14.0       4.68e+09     65.33     16.97   2837.13  -5542.82      0.00      1
1      3248 14.0       7.24e+09     84.12     64.27   5156.70  -9226.68      0.00      1
1      3249 14.0       2.82e+09     65.05    313.43   6272.91  -9424.26      0.00      0
1      3250 14.0       3.02e+10     74.54    347.27   3960.40  -6789.07      0.00      1
1      3251 14.0       2.24e+09     70.30    226.36   1185.39 -10891.38      0.00      1
1      3252 14.0       1.95e+09     68.27    339.08    254.37  -8933.82      0.00      1
1      3253 14.0       2.45e+09     68.46    275.06  -2815.60  -9721.02      0.00      1
1      3254 14.0       1.45e+10     75.11     50.12   4344.78  -8670.51      0.00      0
1      3255 14.0       3.39e+09     70.23    260.82   -781.01   1672.98      0.00      1
1      3256 14.0       2.82e+10     68.30     79.12  -3222.60  -2971.16      0.00      0
1      3257 14.0       6.46e+09     82.65     18.30   3682.71  -6251.97      0.00      1
1      3258 14.0       3.16e+10     66.62    150.31   4465.34  -8644.19      0.00      0
1      3259 14.0       3.98e+10     66.07    328.01    446.19    798.62      0.00      1
1      3260 14.0       1.38e+09     79.08     56.45   2382.96   3691.18      0.00      1
1      3261 14.0       4.57e+10     77.26    251.31   6440.79  -1337.04      0.00      1
1      3262 14.0       1.82e+09     83.86     12.08   5719.60   3532.77      0.00      1
1      3263 14.0       6.03e+10     69.77    179.88   2501.91  -5672.36      0.00      1
1      3264 14.0       3.31e+10     78.42    114.79     -1.32  -6552.91      0.00      1
1      3265 14.0       6.17e+10     76.98    113.58   -110.64   4935.61      0.00      1
1      3266 14.0       8.13e+10     72.63    213.03   6433.44  -9349.11      0.00      0
1      3267 14.0       4.68e+09     70.97    229.13   -560.19  -3946.58      0.00      1
1      3268 14.0       1.45e+09     78.41    101.20  -1223.70  -7195.71      0.00      1
1      3269 14.0       3.47e+09     71.65     99.03   2069.12  -7502.06      0.00      1
1      3270 14.0       8.71e+10     76.95    240.50   3735.03  -8246.55      0.00      1
1      3271 14.0       6.17e+10     87.56      1.95  -3421.81  -5275.82      0.00      1
1      3272 14.0       1.55e+09     66.64    326.91   2107.81  -8019.38      0.00      1
1      3273 14.0       1.41e+09     79.84    228.17    630.49  -8566.49      0.00      1
1      3274 14.0       9.77e+10     87.29    227.79  -1607.71  -4697.15      0.00      1
1      3275 14.0       1.26e+09     78.71     63.72  -3849.96   2189.78      0.00      1
1      3276 14.0       5.50e+10     65.19     73.58   -350.12  -4037.23      0.00      1
1      3277 14.0       1.26e+09     66.89    215.15  -3025.19 -11107.64      0.00      1
1      3278 14.0       8.32e+10     82.80     93.13   1719.59  -9573.64      0.00      1
1      3279 14.0       1.55e+10     70.76     69.36   4499.41   5046.51      0.00      0
1      3280 14.0       2.95e+09     74.12    137.66    125.70   4902.51      0.00      1
1      3281 14.0       6.92e+09     79.97    214.13  -1227.01   1932.70      0.00      1
1      3282 14.0       2.34e+10     80.44     76.93   3553.77  -9541.59      0.00      1
1      3283 14.0       2.29e+09     70.67    353.85   5006.58   5101.14      0.00      0
1      3284 14.0       7.08e+10     70.14     79.98   5791.42  -5418.34      0.00      1
1      3285 14.0       5.62e+09     65.79     59.71   3338.70   1620.92      0.00      1
1      3286 14.0       1.51e+10     74.06     75.75    -63.67  -1961.85      0.00      1
1      3287 14.0       1.17e+10     74.13    195.04   3224.71  -6470.67      0.00      1
1      3288 14.0       2.51e+10     78.34    332.11   6003.89  -8324.41      0.00      1
1      3289 14.0       6.17e+09     67.91    237.52   3126.63   -106.75      0.00      1
1      3290 14.0       1.95e+09     83.39     74.21   3278.30   2491.95      0.00      1
1      3291 14.0       7.59e+09     76.38    338.20  -3944.19  -3197.88      0.00      1
1      3292 14.0       2.04e+09     79.74    107.58  -3772.45   3369.61      0.00      1
1      3293 14.0       7.59e+10     87.52    236.62  -2965.99   2363.54      0.00      1
1      3294 14.0       4.90e+10     77.96     12.38  -1672.06   3218.28      0.00      1
1      3295 14.0       4.17e+10     82.54    118.66   5548.54 -10397.98      0.00      1
1      3296 14.0       7.08e+10     70.33     67.19    704.05  -6093.70      0.00      1
1      3297 14.0       8.13e+09     69.23     59.21  -1600.39   4441.06      0.00      1
1      3298 14.0       1.05e+09     71.96    242.74   4896.41  -5263.58      0.00      1
1      3299 14.0       8.13e+10     81.63    177.01   4815.98  -8766.03      0.00      1
