1    104600 5626.0     1.32e+09     84.64    245.40    854.13   -650.71      0.00      1
1    104601 5626.0     1.58e+10     75.91    344.49   -776.05    744.59      0.00      1
1    104602 5626.0     5.01e+09     67.80    212.52  -2947.87   -881.22      0.00      1
1    104603 5626.0     2.24e+09     66.04     11.64  -1493.82  -9646.01      0.00      1
1    104604 5626.0     2.75e+10     73.88    126.65   -141.72   -470.82      0.00      1
1    104605 5626.0     2.57e+09     71.91    151.24  -2294.94   1256.40      0.00      1
1    104606 5626.0     8.32e+09     85.09    142.12  -2177.72  -1252.77      0.00      1
1    104607 5626.0     1.82e+09     84.18     43.25   4099.84  -2264.87      0.00      1
1    104608 5626.0     1.95e+09     80.62    160.32  -1130.25  -1075.57      0.00      1
1    104609 5626.0     6.76e+10     68.83    293.66  -1118.85  -9047.04      0.00      1
1    104610 5626.0     2.00e+10     73.95     63.50   3163.98   -566.24      0.00      1
1    104611 5626.0     1.86e+09     66.64    127.29   1118.76   3005.79      0.00      1
1    104612 5626.0     1.32e+10     87.40    358.45  -1425.22   5162.70      0.00      1
1    104613 5626.0     6.46e+10     65.06    268.15   5233.26   -402.93      0.00      1
1    104614 5626.0     4.37e+09     87.23    106.89   2212.28  -6164.51      0.00      1
1    104615 5626.0     2.75e+09     86.73    354.34   5771.94  -3155.75      0.00      1
1    104616 5626.0     3.31e+10     73.81    159.44     48.70   -347.05      0.00      1
1    104617 5626.0     4.27e+10     76.39    114.85  -1632.09  -3403.75      0.00      1
1    104618 5626.0     8.91e+09     82.63    115.67   3163.82  -3127.73      0.00      1
1    104619 5626.0     2.14e+09     84.42    166.38   -731.67   3610.98      0.00      1
1    104620 5626.0     6.03e+09     83.29    311.61  -3689.21  -7343.14      0.00      1
1    104621 5626.0     4.47e+09     69.22    199.95   6126.75   2526.55      0.00      1
1    104622 5626.0     8.51e+09     84.04    359.29   5522.32   2058.93      0.00      1
1    104623 5626.0     1.74e+10     78.60    302.70   4334.04   -891.99      0.00      1
1    104624 5626.0     1.58e+09     81.45     37.22   2801.31   1360.16      0.00      1
1    104625 5626.0     4.68e+09     87.76    355.39   4695.36   4994.40      0.00      1
1    104626 5626.0     3.31e+09     83.33    137.21   5092.70  -1778.36      0.00      1
1    104627 5626.0     1.29e+10     82.57    224.22  -2871.72   2945.58      0.00      1
1    104628 5626.0     3.72e+09     70.56    204.38   1739.99   1643.54      0.00      1
1    104629 5626.0     4.37e+10     83.32    256.50  -4216.66  -5380.72      0.00      1
1    104630 5626.0     1.41e+10     82.23    112.24   6302.90  -3871.35      0.00      1
1    104631 5626.0     7.24e+09     79.45      2.86   -848.82   2231.01      0.00      1
1    104632 5626.0     2.45e+10     78.00    192.69    527.74  -8066.54      0.00      1
1    104633 5626.0     7.59e+09     86.34    334.92   1113.42  -8464.74      0.00      1
1    104634 5626.0     3.16e+10     79.29    263.69   -876.70   4792.99      0.00      1
1    104635 5626.0     1.12e+09     69.86     36.30   1278.95    584.50      0.00      1
1    104636 5626.0     4.57e+09     77.85    289.82   4127.49  -5468.01      0.00      1
1    104637 5626.0     2.95e+10     65.17     13.07   5478.53   -771.53      0.00      1
1    104638 5626.0     1.91e+09     87.99    191.28  -1397.35  -3529.58      0.00      0
1    104639 5626.0     4.79e+10     70.54    160.54  -3949.07   1459.05      0.00      1
1    104640 5626.0     1.10e+10     77.52    327.84    377.53  -5446.26      0.00      1
1    104641 5626.0     9.77e+10     73.49    245.46   5542.37 -10826.72      0.00      0
1    104642 5626.0     2.82e+09     76.34     85.25   1113.34   1562.29      0.00      1
1    104643 5626.0     9.33e+10     84.42      6.61  -1328.30 -10026.84      0.00      1
1    104644 5626.0     8.13e+10     73.17    207.15    845.72  -7263.69      0.00      1
1    104645 5626.0     7.76e+09     72.37    105.95   2660.72  -5747.06      0.00      1
1    104646 5626.0     8.71e+10     84.20    278.32  -1184.23 -11036.58      0.00      1
1    104647 5626.0     1.41e+09     67.17    354.13   4840.03 -11008.40      0.00      0
1    104648 5626.0     2.04e+10     76.79    337.95   5548.22  -9334.49      0.00      1
1    104649 5626.0     6.76e+09     74.93     60.15   1878.07   2291.65      0.00      1
1    104650 5626.0     2.69e+09     83.16    345.26   -834.11  -1811.52      0.00      1
1    104651 5626.0     4.47e+09     65.64    355.14   -914.97  -6451.67      0.00      1
1    104652 5626.0     5.01e+09     69.05    162.09   5140.77   3220.55      0.00      1
1    104653 5626.0     5.13e+09     73.88    205.48  -3201.50  -9532.34      0.00      1
1    104654 5626.0     8.51e+10     82.34    160.45   1334.80   -406.70      0.00      1
1    104655 5626.0     1.15e+10     65.19    197.05   4469.45   3332.88      0.00      0
1    104656 5626.0     1.05e+10     82.02    307.78  -4140.47  -9475.20      0.00      1
1    104657 5626.0     5.37e+10     65.23     99.31   2469.97     15.77      0.00      1
1    104658 5626.0     2.14e+10     84.31     71.37   6266.23  -1493.95      0.00      1
1    104659 5626.0     4.90e+10     75.29     23.73   6110.72  -7682.87      0.00      1
1    104660 5626.0     2.09e+10     72.39    130.45  -3640.47 -10020.63      0.00      0
1    104661 5626.0     2.95e+10     74.11    218.95   -706.60  -7284.27      0.00      1
1    104662 5626.0     3.47e+09     86.55    332.50   5415.13  -4807.33      0.00      1
1    104663 5626.0     1.20e+09     77.02    204.68   2996.75 -10170.87      0.00      1
1    104664 5626.0     1.32e+10     87.47    278.78  -1598.27   1019.63      0.00      1
1    104665 5626.0     6.46e+09     69.35    288.60   5551.32    -54.43      0.00      1
1    104666 5626.0     1.29e+09     81.87    254.28  -2739.72  -1806.39      0.00      1
1    104667 5626.0     1.74e+10     84.08    218.07   1220.12   4756.99      0.00      1
1    104668 5626.0     4.90e+10     87.74    156.89   5652.96   4745.41      0.00      1
1    104669 5626.0     7.76e+10     80.39     23.13  -2565.30  -8518.19      0.00      1
1    104670 5626.0     1.05e+10     66.56     31.28  -2149.40   3036.95      0.00      0
1    104671 5626.0     3.55e+09     87.89    184.05   2491.90   3628.19      0.00      1
1    104672 5626.0     6.03e+09     70.22    151.79    479.70  -9285.74      0.00      1
1    104673 5626.0     5.75e+09     68.49    182.88   5774.35  -9393.92      0.00      0
1    104674 5626.0     4.27e+10     82.68    345.94   3054.96  -9574.84      0.00      1
1    104675 5626.0     2.75e+10     71.89    149.89   5948.95   1127.04      0.00      1
1    104676 5626.0     7.94e+10     85.21    155.77   -608.74  -2210.87      0.00      1
1    104677 5626.0     3.24e+09     82.75    188.54   6482.78  -1426.26      0.00      1
1    104678 5626.0     8.71e+10     78.09    287.09  -4392.74  -3581.82      0.00      1
1    104679 5626.0     8.13e+10     69.09    152.53    -27.08 -11264.73      0.00      1
1    104680 5626.0     4.90e+09     68.24    158.60   2055.69  -1015.99      0.00      1
1    104681 5626.0     1.00e+11     67.28    210.98   4025.64  -5603.28      0.00      1
1    104682 5626.0     1.78e+09     67.62    244.58   2666.88   2075.76      0.00      1
1    104683 5626.0     2.29e+09     80.23    246.96   5904.41   2510.94      0.00      1
1    104684 5626.0     4.07e+10     70.49     63.71   5895.08   1557.97      0.00      1
1    104685 5626.0     3.63e+09     73.93    335.51   1275.84  -3755.59      0.00      1
1    104686 5626.0     4.90e+10     83.02    352.15   3325.24   4493.42      0.00      1
1    104687 5626.0     3.47e+09     86.79    353.34  -4321.25  -6197.21      0.00      1
1    104688 5626.0     2.82e+09     77.10    252.74   2896.31  -4160.94      0.00      1
1    104689 5626.0     4.90e+10     74.39    281.87    265.08  -4615.55      0.00      1
1    104690 5626.0     3.02e+09     85.84     12.61  -2578.65  -1894.39      0.00      1
1    104691 5626.0     1.78e+10     71.71    257.60  -2607.65  -6071.53      0.00      1
1    104692 5626.0     3.89e+09     84.88    225.63    910.22  -3380.32      0.00      1
1    104693 5626.0     1.41e+09     77.90     22.97  -1650.11    734.50      0.00      1
1    104694 5626.0     1.15e+09     69.10    105.63  -3753.45  -4829.28      0.00      1
1    104695 5626.0     6.46e+09     85.96    299.19   2174.45  -9526.36      0.00      1
1    104696 5626.0     2.45e+10     84.40    149.91   2429.27  -5553.91      0.00      1
1    104697 5626.0     2.57e+10     69.48    162.38  -3286.57  -1765.88      0.00      1
1    104698 5626.0     4.79e+10     87.05    317.09   2434.47  -3344.27      0.00      1
1    104699 5626.0     4.17e+09     80.61    313.39  -1530.59   -431.38      0.00      1
