1      4300 14.0       3.02e+10     65.08    298.55   2578.06  -6991.33      0.00      0
1      4301 14.0       1.91e+10     82.43     18.00   3933.46  -7248.26      0.00      1
1      4302 14.0       3.80e+09     66.09    131.18   5768.96  -1932.30      0.00      1
1      4303 14.0       2.29e+10     70.52     32.60    565.78  -8149.73      0.00      1
1      4304 14.0       2.45e+10     75.49     73.17  -2664.68   2353.55      0.00      1
1      4305 14.0       8.51e+09     84.94    143.40  -3447.08  -9063.12      0.00      1
1      4306 14.0       7.08e+09     78.42    255.71   1925.60   4852.83      0.00      1
1      4307 14.0       7.76e+10     86.28    322.65   2412.04   2602.47      0.00      1
1      4309 14.0       2.82e+10     84.46    326.54   1489.89   4789.96      0.00      1
1      4310 14.0       1.82e+10     83.37    195.64   3882.47  -1225.09      0.00      1
1      4311 14.0       3.55e+09     73.68     52.68   3494.02 -10868.79      0.00      1
1      4312 14.0       6.92e+10     85.71    133.51  -2764.93   1779.00      0.00      1
1      4313 14.0       9.77e+10     86.75    333.88  -1987.83   1867.65      0.00      1
1      4314 14.0       5.37e+10     70.84    305.36   -469.72  -2579.72      0.00      1
1      4315 14.0       3.55e+10     81.00     70.05   1260.96  -3764.54      0.00      1
1      4316 14.0       3.39e+10     82.69    251.82   1393.96  -2525.46      0.00      1
1      4317 14.0       1.26e+09     75.36    348.10  -1625.26  -9150.71      0.00      1
1      4318 14.0       3.02e+09     65.30    105.96   1502.44 -10325.13      0.00      1
1      4319 14.0       3.24e+09     74.28    243.37   4652.08 -10898.48      0.00      1
1      4320 14.0       2.63e+09     66.02    200.22   5217.84  -2231.81      0.00      1
1      4321 14.0       1.95e+10     68.72     67.46  -4172.95  -7212.66      0.00      0
1      4322 14.0       2.34e+10     77.66    253.98    824.00 -10537.90      0.00      1
1      4323 14.0       4.90e+10     82.38    152.81  -3484.73   2247.61      0.00      1
1      4324 14.0       5.50e+10     70.38    257.91   5853.84  -2396.90      0.00      1
1      4325 14.0       1.78e+10     71.62    243.80  -2103.35   4403.43      0.00      0
1      4326 14.0       5.62e+09     65.32    246.66   2541.55  -6249.82      0.00      0
1      4327 14.0       3.63e+09     72.94    258.81   2814.72  -6390.20      0.00      1
1      4328 14.0       4.07e+10     71.95    124.88  -2462.64   1343.13      0.00      1
1      4329 14.0       5.75e+09     66.48     97.38  -2898.81  -5475.95      0.00      1
1      4330 14.0       2.57e+09     66.48    213.94   2432.50    257.92      0.00      1
1      4331 14.0       4.07e+09     71.77    342.07  -3430.38  -1360.09      0.00      1
1      4332 14.0       1.86e+09     85.57    170.98  -1455.92  -4854.00      0.00      1
1      4333 14.0       8.13e+09     86.41     90.23   5052.51  -1692.50      0.00      1
1      4334 14.0       7.24e+09     65.24    316.29     68.62  -3280.91      0.00      1
1      4335 14.0       5.75e+10     80.87    144.89  -1708.45   4515.05      0.00      1
1      4336 14.0       3.72e+09     70.46    137.86  -4318.03   3937.22      0.00      1
1      4337 14.0       1.58e+10     80.41    206.18   4902.62   1455.66      0.00      1
1      4338 14.0       4.90e+09     80.20    119.93  -4316.73  -9407.65      0.00      1
1      4339 14.0       1.86e+09     84.05    242.77   5314.21  -4077.40      0.00      1
1      4340 14.0       3.55e+10     83.80    357.32  -2252.33   2995.52      0.00      1
1      4341 14.0       1.17e+09     66.80     35.25   1174.64  -1456.38      0.00      1
1      4342 14.0       5.89e+10     86.19    282.59  -1333.46  -7752.20      0.00      1
1      4343 14.0       2.34e+10     79.69     74.77   4283.62  -2635.51      0.00      1
1      4344 14.0       1.29e+10     65.83     48.79   1998.07  -6934.95      0.00      0
1      4345 14.0       2.88e+10     65.55    234.44  -1537.43   -904.08      0.00      1
1      4346 14.0       1.35e+09     66.43      0.30   1004.80   4963.63      0.00      0
1      4347 14.0       3.98e+09     87.00    281.93  -4316.82  -2224.64      0.00      1
1      4348 14.0       2.00e+09     70.01    211.34    584.30  -1668.27      0.00      1
1      4349 14.0       3.16e+09     65.20    247.59  -3630.51 -11154.42      0.00      0
1      4350 14.0       1.26e+10     84.40    277.86  -2666.28   2586.15      0.00      1
1      4351 14.0       1.51e+09     80.91     84.52   5726.61  -1088.27      0.00      1
1      4352 14.0       2.40e+09     76.19    327.00  -1506.00  -3453.35      0.00      1
1      4353 14.0       1.95e+09     77.22    306.08   2001.82   4765.33      0.00      1
1      4354 14.0       6.92e+09     77.19    135.50   5331.28   4249.47      0.00      0
1      4355 14.0       4.47e+09     80.06    294.61   5008.90  -6398.22      0.00      1
1      4356 14.0       7.94e+10     73.89    326.57  -4205.04  -9849.54      0.00      1
1      4357 14.0       1.26e+09     77.54    325.46   -914.86  -5618.88      0.00      1
1      4358 14.0       8.51e+10     74.77    285.06    908.79  -9561.25      0.00      1
1      4359 14.0       3.72e+09     77.87    281.88  -2856.33    983.04      0.00      1
1      4360 14.0       4.79e+10     84.42     80.81   -588.83  -8111.67      0.00      1
1      4361 14.0       2.00e+10     87.77     88.52   5838.73   3875.07      0.00      1
1      4362 14.0       2.09e+09     83.91     95.39  -4065.44   4567.55      0.00      1
1      4363 14.0       1.55e+09     86.94    188.26  -4357.22  -3204.51      0.00      0
1      4364 14.0       1.23e+10     72.55    188.57   3836.83    948.60      0.00      1
1      4365 14.0       1.91e+10     76.60    108.39   4189.14  -4580.39      0.00      1
1      4366 14.0       3.55e+10     85.67    272.91   -318.84    799.81      0.00      1
1      4367 14.0       5.25e+10     68.38    268.75  -1921.10  -4690.73      0.00      1
1      4368 14.0       8.91e+10     72.84      2.35   6458.24   1645.72      0.00      1
1      4369 14.0       1.20e+09     65.42    306.90    744.28  -6211.01      0.00      0
1      4370 14.0       2.75e+09     74.29    348.91  -2978.72 -10478.99      0.00      1
1      4371 14.0       4.57e+09     69.14     18.42   4186.60   -888.12      0.00      1
1      4372 14.0       2.40e+09     87.38    357.47    218.91   2476.84      0.00      1
1      4373 14.0       1.32e+10     81.40    306.77  -3121.62  -9936.13      0.00      1
1      4374 14.0       2.34e+09     80.50    355.90  -1565.63  -5573.00      0.00      1
1      4375 14.0       6.31e+09     87.00    211.55  -1403.40   2823.94      0.00      1
1      4376 14.0       4.57e+09     69.06     17.63   1693.28  -5597.77      0.00      1
1      4377 14.0       1.26e+09     65.72    352.51    163.49  -4658.78      0.00      1
1      4378 14.0       1.58e+09     70.98    343.63   4823.65  -7630.79      0.00      1
1      4379 14.0       1.12e+10     79.56    107.34   1256.05  -5027.23      0.00      1
1      4380 14.0       2.24e+09     78.13    105.32   -516.31    477.78      0.00      1
1      4381 14.0       2.95e+10     66.89    105.43   1832.40   4059.36      0.00      1
1      4382 14.0       1.00e+10     80.96    193.96   3868.95   1317.67      0.00      1
1      4383 14.0       2.29e+10     76.71    314.84   -260.45  -7506.44      0.00      1
1      4384 14.0       1.66e+10     81.52    279.67    484.67   2769.03      0.00      1
1      4385 14.0       1.58e+09     67.46    208.41  -2289.39  -8245.40      0.00      1
1      4386 14.0       2.09e+10     67.35    353.05   3094.40  -9832.66      0.00      1
1      4387 14.0       8.71e+09     78.64     42.76  -3780.64    -21.66      0.00      1
1      4388 14.0       1.91e+10     85.96    307.70   -676.60   -462.32      0.00      1
1      4389 14.0       3.55e+10     72.13    267.68  -2277.47  -6960.93      0.00      1
1      4390 14.0       2.09e+10     71.34    196.78   -982.03  -2806.53      0.00      1
1      4391 14.0       1.29e+10     68.78     84.18   6282.27  -1361.21      0.00      1
1      4392 14.0       2.82e+09     74.46    178.58   -272.46   4840.42      0.00      1
1      4393 14.0       1.00e+11     77.31    233.00   1540.73 -10950.97      0.00      1
1      4394 14.0       1.78e+10     86.18    175.12  -2280.19   4905.77      0.00      1
1      4395 14.0       9.33e+09     65.28      3.24  -4098.69 -10687.61      0.00      0
1      4396 14.0       4.57e+10     66.61     75.06   3122.14  -8121.54      0.00      0
1      4397 14.0       8.91e+10     86.97     89.48   2674.37 -10582.89      0.00      1
1      4398 14.0       6.46e+10     65.96    192.94   6128.25   3039.41      0.00      0
1      4399 14.0       3.16e+09     65.08     27.33   2098.09   3540.62      0.00      0
