1    105800 5626.0     6.31e+08     75.29    272.29   4558.46  -9527.84      0.00      1
1    105801 5626.0     3.47e+08     76.41     88.98   2961.27   2967.78      0.00      1
1    105802 5626.0     2.09e+08     87.72     97.01   5572.60    596.00      0.00      0
1    105803 5626.0     2.69e+08     81.58    108.29    452.93   1565.12      0.00      0
1    105804 5626.0     5.01e+08     86.86     24.89   3211.20  -7447.46      0.00      0
1    105805 5626.0     1.62e+08     69.37    334.30  -2516.13   1266.25      0.00      0
1    105806 5626.0     2.51e+08     67.83    231.58   3713.57  -6517.12      0.00      0
1    105807 5626.0     1.62e+08     65.46     26.46   3632.03  -7289.07      0.00      0
1    105808 5626.0     1.74e+08     66.51    137.85  -2922.93  -3260.26      0.00      0
1    105809 5626.0     1.05e+08     79.61      0.47   2171.01  -9615.57      0.00      0
1    105810 5626.0     2.14e+08     74.82    352.38   -533.28   1655.47      0.00      1
1    105811 5626.0     7.59e+08     66.75    275.61   2434.99 -10581.08      0.00      0
1    105812 5626.0     1.95e+08     85.78    300.15   4377.14   4588.09      0.00      0
1    105813 5626.0     2.75e+08     74.70    317.71  -1128.50  -9385.80      0.00      0
1    105814 5626.0     1.17e+08     77.94     23.54  -3387.49   1876.49      0.00      0
1    105815 5626.0     1.66e+08     82.34     22.32   2643.51    166.83      0.00      0
1    105816 5626.0     1.05e+08     76.70    296.75  -2591.85  -6341.40      0.00      0
1    105817 5626.0     8.51e+08     80.43     25.36    516.03    842.85      0.00      1
1    105818 5626.0     2.40e+08     86.43    357.92  -3720.05   2920.32      0.00      0
1    105819 5626.0     6.76e+08     79.83    104.88  -2872.85  -9733.01      0.00      1
1    105820 5626.0     1.38e+08     71.95    103.60   5988.30  -4680.33      0.00      0
1    105821 5626.0     6.92e+08     80.86     62.37   4874.02  -9958.49      0.00      1
1    105822 5626.0     8.71e+08     75.72     94.95   2312.40  -5244.17      0.00      1
1    105823 5626.0     8.71e+08     68.44     95.22  -2538.96 -10037.64      0.00      1
1    105824 5626.0     2.75e+08     72.42    150.44  -1127.24   -685.61      0.00      1
1    105825 5626.0     9.12e+08     70.86     35.28  -2970.53  -3657.10      0.00      1
1    105826 5626.0     1.82e+08     72.73    134.03   4334.41    901.25      0.00      0
1    105827 5626.0     1.91e+08     85.97    256.81   1923.55  -7399.15      0.00      0
1    105828 5626.0     9.12e+08     70.74     69.94  -2611.14  -3370.18      0.00      1
1    105829 5626.0     1.95e+08     68.70    211.95    904.61  -7001.63      0.00      0
1    105830 5626.0     1.74e+08     82.71    139.67   5473.45  -1394.45      0.00      0
1    105831 5626.0     8.32e+08     83.03    169.42   4627.64   2798.76      0.00      1
1    105832 5626.0     1.66e+08     74.84    140.34   1147.17   -501.94      0.00      0
1    105833 5626.0     1.74e+08     77.93    306.38   5397.93   4780.51      0.00      0
1    105834 5626.0     2.51e+08     86.64    248.28   4897.86  -8781.68      0.00      0
1    105835 5626.0     1.00e+09     71.84     23.16  -2408.71  -2557.48      0.00      1
1    105836 5626.0     2.82e+08     80.41    122.12  -2981.69  -5355.87      0.00      0
1    105837 5626.0     1.02e+08     71.76     76.81  -3113.77   4884.09      0.00      0
1    105838 5626.0     1.26e+08     65.08    212.77   3737.75 -11247.60      0.00      0
1    105839 5626.0     6.17e+08     78.48    106.82   5133.69   -867.40      0.00      1
1    105840 5626.0     1.35e+08     68.41    276.45   3901.29  -1240.20      0.00      0
1    105841 5626.0     7.41e+08     76.75    163.95  -1164.70   -637.09      0.00      1
1    105842 5626.0     1.00e+08     79.74    317.82   1083.84 -11130.59      0.00      0
1    105843 5626.0     3.39e+08     65.74     36.99   4978.20   3583.07      0.00      0
1    105844 5626.0     9.33e+08     77.87    288.09  -2465.27   1482.40      0.00      1
1    105845 5626.0     1.51e+08     66.62    233.42  -2999.46  -2903.84      0.00      0
1    105846 5626.0     2.63e+08     75.06    260.68  -4181.51  -4436.99      0.00      0
1    105847 5626.0     2.95e+08     83.58    204.43    -69.84  -9307.40      0.00      0
1    105848 5626.0     1.58e+08     85.89     24.37  -3634.27  -6223.19      0.00      0
1    105849 5626.0     3.47e+08     72.41    239.13  -1196.04   3976.91      0.00      1
1    105850 5626.0     8.13e+08     75.16    169.90  -2823.78  -4249.47      0.00      1
1    105851 5626.0     8.13e+08     72.58    250.10   2460.37 -10855.59      0.00      1
1    105852 5626.0     6.61e+08     68.88    116.13   5223.76  -8572.03      0.00      0
1    105853 5626.0     1.41e+08     72.01    347.90   -202.73   1045.12      0.00      0
1    105854 5626.0     1.38e+08     74.78     76.27  -2485.88  -4111.74      0.00      0
1    105855 5626.0     1.55e+08     75.93    166.80   2283.60    754.58      0.00      0
1    105856 5626.0     5.89e+08     79.82     62.32    -47.47  -1844.56      0.00      1
1    105857 5626.0     1.35e+08     72.01    309.51   -266.09  -5464.08      0.00      0
1    105858 5626.0     2.82e+08     80.92    108.03   4152.89  -8184.96      0.00      0
1    105859 5626.0     7.08e+08     71.59    298.17   -704.47  -2224.19      0.00      1
1    105860 5626.0     5.75e+08     67.88    242.52  -2793.89  -2181.59      0.00      1
1    105861 5626.0     1.95e+08     77.92     97.55   1714.14  -8376.46      0.00      0
1    105862 5626.0     4.68e+08     82.99    193.44   6070.03   -111.13      0.00      1
1    105863 5626.0     2.24e+08     87.73     38.78   2178.63  -6602.60      0.00      0
1    105864 5626.0     8.91e+08     66.58     17.63   -664.55  -2540.75      0.00      1
1    105865 5626.0     1.86e+08     71.01     54.66  -4000.42  -8014.13      0.00      0
1    105866 5626.0     4.57e+08     71.30     16.48    288.14    546.39      0.00      1
1    105867 5626.0     2.34e+08     65.56     79.72  -1616.53    122.28      0.00      0
1    105868 5626.0     2.00e+08     66.02    346.51  -1600.82   4383.21      0.00      0
1    105869 5626.0     8.91e+08     82.87     13.11  -4225.81   -569.73      0.00      1
1    105870 5626.0     5.25e+08     77.16     57.70  -3965.97 -10396.25      0.00      1
1    105871 5626.0     4.37e+08     70.46    108.26  -2250.91  -1795.30      0.00      1
1    105872 5626.0     1.20e+08     78.43     78.64  -2435.85   2535.55      0.00      0
1    105873 5626.0     5.01e+08     77.34    358.89   2328.67   4213.44      0.00      1
1    105874 5626.0     1.23e+08     68.88     11.72   5210.95  -4303.48      0.00      0
1    105875 5626.0     2.69e+08     84.85     17.73   2482.94 -10800.27      0.00      0
1    105876 5626.0     5.75e+08     66.79    359.86   1525.92  -3712.76      0.00      0
1    105877 5626.0     6.03e+08     65.52    157.57  -1462.17  -1883.86      0.00      1
1    105878 5626.0     4.27e+08     84.95    341.79   1163.21   1961.56      0.00      0
1    105879 5626.0     1.70e+08     73.77    261.92  -3541.76  -2647.98      0.00      0
1    105880 5626.0     2.63e+08     86.67     53.25   2220.99   2261.78      0.00      0
1    105881 5626.0     6.76e+08     87.81    153.29    372.88   3764.66      0.00      0
1    105882 5626.0     1.35e+08     75.50    235.65   5388.59   -442.52      0.00      0
1    105883 5626.0     2.69e+08     76.61    152.82   2944.10  -1926.03      0.00      1
1    105884 5626.0     3.02e+08     74.26    278.40  -1635.91  -7724.20      0.00      1
1    105885 5626.0     2.82e+08     79.11    270.47   3528.46   -851.02      0.00      0
1    105886 5626.0     1.45e+08     72.27     83.18   5247.84    951.02      0.00      0
1    105887 5626.0     2.00e+08     83.58     83.55   4612.16   1316.91      0.00      0
1    105888 5626.0     1.78e+08     77.13     69.93  -4149.85  -3457.76      0.00      0
1    105889 5626.0     3.80e+08     72.29    206.90   5633.17  -3831.76      0.00      1
1    105890 5626.0     1.58e+08     77.74     53.98  -2772.26  -2747.30      0.00      0
1    105891 5626.0     2.29e+08     79.15    144.21   1573.68    265.83      0.00      0
1    105892 5626.0     4.57e+08     78.40     97.93   1077.32  -2468.49      0.00      1
1    105893 5626.0     7.24e+08     69.98    204.35  -3016.13  -1283.92      0.00      1
1    105894 5626.0     7.59e+08     73.06     64.01   4345.23  -1148.37      0.00      1
1    105895 5626.0     7.24e+08     86.96     84.62  -3980.85  -3337.26      0.00      0
1    105896 5626.0     2.00e+08     83.68    133.83  -1703.37   1030.99      0.00      0
1    105897 5626.0     1.51e+08     77.46     23.33  -2993.03  -6253.21      0.00      0
1    105898 5626.0     1.95e+08     83.70    220.71   4954.97  -4896.22      0.00      0
1    105899 5626.0     2.19e+08     78.83     39.42    838.61  -6491.81      0.00      0
