1      6600 14.0       3.39e+08     85.37    134.19   -997.96  -4743.91      0.00      0
1      6601 14.0       5.75e+08     84.66    169.26  -3509.01   3085.54      0.00      1
1      6602 14.0       2.00e+08     74.90    303.05    271.38   1029.84      0.00      0
1      6603 14.0       1.95e+08     76.16     74.75   4272.47  -5217.03      0.00      0
1      6604 14.0       2.19e+08     75.85    249.95   -598.90  -6422.34      0.00      1
1      6605 14.0       1.02e+08     86.34    177.01    -48.54      6.97      0.00      0
1      6606 14.0       6.61e+08     76.72    290.28   1696.39   4527.38      0.00      1
1      6607 14.0       2.88e+08     79.21    108.32  -4028.80   1243.43      0.00      1
1      6608 14.0       3.31e+08     75.49    101.63   -386.98  -6850.33      0.00      1
1      6609 14.0       1.74e+08     74.30    119.33   -599.05  -2091.57      0.00      0
1      6610 14.0       5.13e+08     77.26    137.71   5785.56  -6083.92      0.00      1
1      6611 14.0       2.19e+08     81.49    224.11   5067.97   -193.10      0.00      0
1      6612 14.0       9.33e+08     76.16    305.83   5547.69   4153.53      0.00      1
1      6613 14.0       5.01e+08     79.27    306.19   1310.48  -9596.09      0.00      1
1      6614 14.0       2.29e+08     86.04    233.06  -2356.17  -8936.70      0.00      0
1      6615 14.0       1.07e+08     69.21    337.93  -3245.25 -11021.17      0.00      0
1      6616 14.0       2.57e+08     78.38    146.58  -4391.34  -2075.84      0.00      0
1      6617 14.0       4.07e+08     69.02    212.03  -3782.00  -9356.77      0.00      0
1      6618 14.0       1.17e+08     71.28     80.83   3568.79    342.80      0.00      0
1      6619 14.0       2.34e+08     75.41    163.82   4189.20  -2279.23      0.00      1
1      6620 14.0       1.66e+08     78.35    227.26    759.09  -8071.46      0.00      0
1      6621 14.0       4.57e+08     81.74    241.90   5790.14  -9247.49      0.00      1
1      6622 14.0       1.95e+08     70.75    342.47   6332.30   4229.40      0.00      0
1      6623 14.0       3.16e+08     76.35    261.36  -3738.35    397.32      0.00      1
1      6624 14.0       1.91e+08     69.73    227.65  -3589.85   -597.29      0.00      0
1      6625 14.0       4.27e+08     67.39    181.56   5715.36   1962.49      0.00      0
1      6626 14.0       3.89e+08     78.44    243.69   4446.22    170.48      0.00      1
1      6627 14.0       2.00e+08     85.36    226.56   4662.57   1718.30      0.00      0
1      6628 14.0       8.32e+08     78.51      6.94   -574.88   4652.95      0.00      1
1      6629 14.0       2.24e+08     77.15    224.46   5116.69  -6633.23      0.00      0
1      6630 14.0       1.29e+08     79.73    261.26   -557.73  -5328.54      0.00      0
1      6631 14.0       3.24e+08     71.08      1.38   6321.14   2341.74      0.00      1
1      6632 14.0       2.29e+08     67.25    202.23  -4121.94 -11191.88      0.00      0
1      6633 14.0       6.31e+08     75.68    278.51   1687.96   4598.42      0.00      1
1      6634 14.0       1.62e+08     71.56    261.91   3912.90   2692.74      0.00      0
1      6635 14.0       3.98e+08     81.03     47.32  -2532.02  -3818.21      0.00      1
1      6636 14.0       8.32e+08     81.53     96.23   5411.56 -10061.29      0.00      1
1      6637 14.0       9.33e+08     80.28    359.86   3404.03   -858.09      0.00      1
1      6638 14.0       3.98e+08     68.40    184.44   -332.30 -10004.06      0.00      1
1      6639 14.0       5.62e+08     71.00    216.29  -3043.84  -5545.69      0.00      1
1      6640 14.0       3.55e+08     76.97    260.08   -920.05    -15.33      0.00      1
1      6641 14.0       5.75e+08     70.16     92.76   3328.86 -11197.21      0.00      0
1      6642 14.0       4.79e+08     80.11    253.77  -1134.72   -934.71      0.00      1
1      6643 14.0       1.58e+08     79.61    214.62  -1959.76 -10999.17      0.00      0
1      6644 14.0       7.08e+08     71.02     51.89    897.80  -4606.98      0.00      1
1      6645 14.0       4.79e+08     83.36    206.68   6456.99 -10968.48      0.00      0
1      6646 14.0       6.17e+08     71.74    263.75   4454.27    508.77      0.00      1
1      6647 14.0       1.62e+08     83.69    105.01  -1412.81  -7233.62      0.00      0
1      6648 14.0       1.15e+08     68.75    305.57    667.99  -8464.98      0.00      0
1      6649 14.0       3.24e+08     76.11    163.79   6283.99 -11188.63      0.00      0
1      6650 14.0       7.94e+08     65.88    165.08   1180.25    777.04      0.00      1
1      6651 14.0       1.86e+08     68.01    249.74   -578.61 -10632.97      0.00      0
1      6652 14.0       4.27e+08     80.42    137.52   5445.68  -7831.21      0.00      1
1      6653 14.0       4.27e+08     68.53    240.85    173.15  -2043.30      0.00      1
1      6654 14.0       1.23e+08     84.11    268.89   6206.34  -7027.63      0.00      0
1      6655 14.0       3.31e+08     84.00    347.41   5624.45   -979.19      0.00      0
1      6656 14.0       8.32e+08     77.19    269.36  -3999.10  -5349.41      0.00      1
1      6657 14.0       4.57e+08     74.47     59.40   6230.75  -7346.95      0.00      1
1      6658 14.0       8.32e+08     84.19     91.07    555.36  -2560.99      0.00      1
1      6659 14.0       1.41e+08     87.98     41.18   4477.40  -4313.80      0.00      0
1      6660 14.0       7.41e+08     82.90    127.68   1713.69   4906.44      0.00      1
1      6661 14.0       2.29e+08     79.43    342.15   4358.09  -5175.24      0.00      0
1      6662 14.0       8.51e+08     69.09    281.46  -1215.09    430.60      0.00      1
1      6663 14.0       6.61e+08     80.83    252.18   4770.23   3419.54      0.00      1
1      6664 14.0       2.29e+08     69.91     20.19   1641.34   1779.62      0.00      1
1      6665 14.0       2.45e+08     80.43    173.60  -2570.11  -3503.62      0.00      1
1      6666 14.0       1.15e+08     65.63    142.86   3510.73   4272.28      0.00      0
1      6667 14.0       2.19e+08     80.55     31.88   3830.35  -3112.25      0.00      0
1      6668 14.0       7.24e+08     82.63    201.66   5232.69   2575.03      0.00      1
1      6669 14.0       1.32e+08     80.45    160.51    661.94   3586.96      0.00      0
1      6670 14.0       5.62e+08     82.00    202.74  -1812.89     79.31      0.00      1
1      6671 14.0       3.09e+08     76.02    330.05  -2430.09  -1782.97      0.00      1
1      6672 14.0       8.32e+08     76.61    114.20  -3217.85   -179.05      0.00      1
1      6673 14.0       1.02e+08     80.47    353.36  -2859.53  -4804.81      0.00      0
1      6674 14.0       1.35e+08     67.53    158.76  -1731.26 -11266.35      0.00      0
1      6675 14.0       4.57e+08     85.38     66.29   1645.81   1467.51      0.00      0
1      6676 14.0       3.09e+08     72.32    281.83  -1863.01  -7921.37      0.00      1
1      6677 14.0       1.74e+08     78.06    211.58   1458.77  -6444.42      0.00      0
1      6678 14.0       7.08e+08     86.67     87.55   4612.16   -345.76      0.00      0
1      6679 14.0       5.01e+08     65.43    242.67  -2999.23  -4378.26      0.00      0
1      6680 14.0       7.76e+08     79.37    231.42   -416.13  -6688.01      0.00      1
1      6681 14.0       6.92e+08     81.85    131.22  -2172.14   1526.01      0.00      1
1      6682 14.0       1.23e+08     75.02    118.69   6459.99  -5849.93      0.00      0
1      6683 14.0       1.48e+08     79.49    145.00   4930.17  -3254.37      0.00      0
1      6684 14.0       1.48e+08     72.01    146.08   -430.38  -8728.69      0.00      0
1      6685 14.0       1.26e+08     86.72    116.35   6374.47   4899.10      0.00      0
1      6686 14.0       7.94e+08     81.21    309.16   4450.07  -4176.79      0.00      1
1      6687 14.0       1.35e+08     79.31    201.27   1160.06  -1831.13      0.00      0
1      6688 14.0       1.35e+08     79.55    228.10   5261.53 -10385.43      0.00      0
1      6689 14.0       5.25e+08     83.87     64.44   4336.01 -11056.95      0.00      0
1      6690 14.0       1.32e+08     76.61    206.01   1294.67   2093.10      0.00      0
1      6691 14.0       2.29e+08     79.36     71.39  -4375.14   -162.15      0.00      1
1      6692 14.0       4.68e+08     80.87     35.78   1188.43  -1422.90      0.00      1
1      6693 14.0       1.35e+08     67.56    203.71   4899.04 -10805.36      0.00      0
1      6694 14.0       3.09e+08     71.45    203.93   5517.74   4176.31      0.00      0
1      6695 14.0       8.32e+08     83.96    198.68  -1427.53  -4452.94      0.00      1
1      6696 14.0       2.82e+08     79.64     51.42  -2310.02  -2163.63      0.00      1
1      6697 14.0       9.33e+08     79.54    288.94   5708.49  -8363.81      0.00      1
1      6698 14.0       2.51e+08     66.21    201.14   -204.18  -9962.52      0.00      0
1      6699 14.0       3.39e+08     87.93    340.41   4891.89  -7009.42      0.00      0
