1    107000 5626.0     1.29e+08     86.56    258.50  -2715.55  -7498.09      0.00      0
1    107001 5626.0     7.08e+08     76.28    277.96  -2647.27    -16.57      0.00      1
1    107002 5626.0     3.63e+08     76.49    325.32   1247.16 -11271.33      0.00      1
1    107003 5626.0     1.48e+08     71.71     28.61  -3244.17 -10475.16      0.00      0
1    107004 5626.0     6.61e+08     79.10    103.04  -4084.42  -2940.16      0.00      1
1    107005 5626.0     8.91e+08     68.62    158.37   3755.79    394.95      0.00      1
1    107006 5626.0     4.27e+08     74.10    343.44   4479.53   1191.35      0.00      1
1    107007 5626.0     1.62e+08     73.63    114.44   4187.16   3235.80      0.00      0
1    107008 5626.0     5.13e+08     72.86    296.57    261.71  -7130.16      0.00      1
1    107009 5626.0     1.15e+08     68.39     21.76  -2145.37   2763.97      0.00      0
1    107010 5626.0     2.24e+08     71.10    233.73  -3314.99    821.15      0.00      0
1    107011 5626.0     1.26e+08     83.37    162.77   5429.78    279.05      0.00      0
1    107012 5626.0     2.14e+08     83.51    255.94  -1062.69  -2175.82      0.00      0
1    107013 5626.0     4.68e+08     72.83    336.01    -49.70  -2288.69      0.00      1
1    107014 5626.0     2.82e+08     82.30    184.53  -2704.26  -6372.65      0.00      0
1    107015 5626.0     7.94e+08     83.34    162.88   2257.75  -6953.97      0.00      1
1    107016 5626.0     8.51e+08     79.33     73.26   2123.37  -7413.78      0.00      1
1    107017 5626.0     3.98e+08     74.63     60.70   3497.70   -210.51      0.00      1
1    107018 5626.0     5.13e+08     79.65    251.49  -2872.81 -10060.44      0.00      1
1    107019 5626.0     6.92e+08     82.16    235.30   -319.42  -3365.14      0.00      1
1    107020 5626.0     2.63e+08     80.53    294.00   -353.01   2051.36      0.00      0
1    107021 5626.0     4.79e+08     84.98    267.27  -4044.07   3299.24      0.00      0
1    107022 5626.0     5.75e+08     76.49    359.97   5648.57 -10679.86      0.00      0
1    107023 5626.0     1.17e+08     77.68    108.56   3278.63  -8187.16      0.00      0
1    107024 5626.0     1.00e+08     82.76     16.63   1152.83   3263.67      0.00      0
1    107025 5626.0     9.12e+08     82.59     87.43  -2859.70    961.98      0.00      1
1    107026 5626.0     3.55e+08     77.37    191.97    526.91   3419.88      0.00      1
1    107027 5626.0     1.95e+08     77.14      5.39   2682.61  -2904.36      0.00      0
1    107028 5626.0     5.13e+08     72.61    332.13  -3779.83   1995.91      0.00      1
1    107029 5626.0     3.02e+08     82.66    161.08   2331.89  -6098.58      0.00      0
1    107030 5626.0     1.35e+08     68.35    174.55   -707.41   1899.58      0.00      0
1    107031 5626.0     2.34e+08     78.56     77.14   3996.69   2516.34      0.00      0
1    107032 5626.0     1.51e+08     83.67    137.60   1088.98  -7696.72      0.00      0
1    107033 5626.0     3.55e+08     78.36    299.53   1081.71   4848.67      0.00      0
1    107034 5626.0     2.09e+08     87.55    172.05  -1560.34  -7263.54      0.00      0
1    107035 5626.0     3.72e+08     78.53    147.93  -1433.75  -6032.63      0.00      1
1    107036 5626.0     1.05e+08     79.68     50.88  -2174.54  -2867.16      0.00      0
1    107037 5626.0     3.98e+08     87.22    195.15  -1686.69   1491.81      0.00      0
1    107038 5626.0     2.45e+08     77.13    114.64    149.98  -5722.24      0.00      0
1    107039 5626.0     2.95e+08     65.39     23.19   1430.95    491.10      0.00      1
1    107040 5626.0     4.17e+08     78.09    228.68   -508.33  -9377.90      0.00      1
1    107041 5626.0     3.24e+08     83.95    113.38   5268.12   -952.89      0.00      0
1    107042 5626.0     9.55e+08     71.99    263.25   2635.43  -5698.16      0.00      1
1    107043 5626.0     1.70e+08     78.46    327.67   6297.36    549.21      0.00      0
1    107044 5626.0     4.27e+08     68.76    241.27  -3659.65    402.21      0.00      0
1    107045 5626.0     9.77e+08     67.93     63.00   1759.47   -969.76      0.00      1
1    107046 5626.0     1.05e+08     77.03    156.85   3019.00    -90.64      0.00      0
1    107047 5626.0     7.41e+08     66.42    262.46  -3914.92   -532.32      0.00      1
1    107048 5626.0     5.89e+08     82.67    241.90   2076.57   4186.56      0.00      1
1    107049 5626.0     3.80e+08     84.08    190.48   5145.59  -4704.81      0.00      0
1    107050 5626.0     1.62e+08     83.08     81.76  -3678.08   2482.63      0.00      0
1    107051 5626.0     2.40e+08     81.18    350.71  -1009.25   3761.84      0.00      0
1    107052 5626.0     5.89e+08     75.29    322.01  -1061.82  -4900.94      0.00      1
1    107053 5626.0     2.24e+08     78.49    358.19   4092.03 -11234.08      0.00      0
1    107054 5626.0     5.75e+08     87.62    105.68   1360.82   5137.97      0.00      0
1    107055 5626.0     1.41e+08     81.75    210.57   1970.85  -3543.77      0.00      0
1    107056 5626.0     3.55e+08     82.36    268.75   5864.81  -2477.18      0.00      0
1    107057 5626.0     2.82e+08     82.69    333.08   1379.93   3278.47      0.00      0
1    107058 5626.0     4.17e+08     71.49    293.30  -4330.50   3593.92      0.00      0
1    107059 5626.0     1.70e+08     77.47    185.70   5829.96  -2589.51      0.00      0
1    107060 5626.0     4.68e+08     77.28    303.83    861.71 -11091.70      0.00      1
1    107061 5626.0     1.38e+08     86.89    123.10  -1146.15  -7840.03      0.00      0
1    107062 5626.0     1.66e+08     86.99    125.35   4038.02  -9030.42      0.00      0
1    107063 5626.0     5.50e+08     79.24    318.01   1429.22  -2410.04      0.00      1
1    107064 5626.0     2.57e+08     76.29    235.08   4053.30   -429.54      0.00      0
1    107065 5626.0     2.82e+08     85.80    194.76   3233.85  -2089.62      0.00      0
1    107066 5626.0     5.25e+08     71.99    305.80    -44.64  -4986.03      0.00      1
1    107067 5626.0     8.13e+08     69.98    266.18   2257.61   3042.95      0.00      1
1    107068 5626.0     1.00e+09     74.95     84.02   3704.82   -127.99      0.00      1
1    107069 5626.0     2.24e+08     71.98    178.45    709.27   -547.05      0.00      1
1    107070 5626.0     5.25e+08     83.29    236.27   5142.75  -4247.63      0.00      0
1    107071 5626.0     6.03e+08     78.26    175.98    588.16  -5673.11      0.00      1
1    107072 5626.0     7.76e+08     80.77     88.39  -1275.68  -8507.51      0.00      1
1    107073 5626.0     8.91e+08     78.74    112.48   1005.25    697.78      0.00      1
1    107074 5626.0     6.76e+08     76.60    312.84    -39.81  -3096.22      0.00      1
1    107075 5626.0     1.91e+08     67.70    320.06  -3495.50  -1450.86      0.00      0
1    107076 5626.0     2.40e+08     66.44    234.68   -602.97  -5652.57      0.00      0
1    107077 5626.0     5.50e+08     65.79     41.02   6044.05  -6601.23      0.00      0
1    107078 5626.0     7.59e+08     86.71    323.29   4077.36  -9210.07      0.00      0
1    107079 5626.0     1.02e+08     79.83    177.79   1369.41   3974.52      0.00      0
1    107080 5626.0     2.63e+08     84.29    166.36  -1531.32   4123.90      0.00      0
1    107081 5626.0     6.92e+08     68.68    223.34   4948.40  -5891.10      0.00      1
1    107082 5626.0     5.89e+08     70.60    348.93   -748.83   1739.97      0.00      1
1    107083 5626.0     2.24e+08     84.88     46.27   -150.15   -883.78      0.00      0
1    107084 5626.0     1.32e+08     79.79    152.46    876.47   4407.71      0.00      0
1    107085 5626.0     2.24e+08     86.08    135.68   3739.95 -11145.83      0.00      0
1    107086 5626.0     4.90e+08     76.48    347.87  -3478.95 -10541.38      0.00      1
1    107087 5626.0     4.07e+08     76.40    177.30   4333.76   5120.87      0.00      1
1    107088 5626.0     3.80e+08     84.65     27.23  -2581.60  -1051.86      0.00      0
1    107089 5626.0     1.62e+08     79.90     22.71   1025.08 -10905.08      0.00      0
1    107090 5626.0     3.98e+08     84.26    321.46   3292.47   4266.01      0.00      0
1    107091 5626.0     2.45e+08     80.20    267.23   1974.16   2300.30      0.00      0
1    107092 5626.0     3.89e+08     86.37    348.08   3546.08  -8902.58      0.00      0
1    107093 5626.0     8.71e+08     76.78     57.44   1000.80  -2697.83      0.00      1
1    107094 5626.0     1.48e+08     74.78     93.96   6046.59 -10775.76      0.00      0
1    107095 5626.0     1.70e+08     82.73    291.54   1565.77   4415.58      0.00      0
1    107096 5626.0     4.68e+08     73.24    233.09  -3294.77   4105.12      0.00      1
1    107097 5626.0     4.07e+08     87.41    106.06  -1004.76   1502.66      0.00      0
1    107098 5626.0     1.07e+08     73.65    323.09   2878.45   4555.28      0.00      0
1    107099 5626.0     1.00e+08     74.28    117.67  -2376.73  -1157.35      0.00      0
