1    101400 5626.0     1.05e+10     83.99    250.60  -1160.33  -2538.22      0.00      1
1    101401 5626.0     1.48e+10     71.50    330.56    254.60   -235.53      0.00      1
1    101402 5626.0     9.33e+10     84.69     29.90   1465.97  -1734.99      0.00      1
1    101403 5626.0     2.34e+10     78.31     29.65   5800.29  -6837.19      0.00      1
1    101404 5626.0     2.04e+10     65.32    123.16  -4237.53  -9728.34      0.00      0
1    101405 5626.0     3.31e+09     78.32     37.48  -1981.67   4634.35      0.00      1
1    101406 5626.0     9.77e+09     75.38    272.62  -2886.11  -3618.41      0.00      1
1    101407 5626.0     8.51e+09     76.15    200.93  -1481.80   1352.58      0.00      1
1    101408 5626.0     1.26e+09     76.28    224.10    403.42  -8805.35      0.00      1
1    101409 5626.0     4.37e+10     81.14    142.86   6237.67  -6769.23      0.00      1
1    101410 5626.0     4.57e+09     69.78    212.49    587.98   2252.23      0.00      1
1    101411 5626.0     4.27e+10     79.22    286.41   1834.95   -205.58      0.00      1
1    101412 5626.0     3.63e+10     80.17    309.51   1278.36   2650.52      0.00      1
1    101413 5626.0     1.02e+10     77.59     73.10   2746.63  -1863.41      0.00      1
1    101414 5626.0     1.70e+10     78.50    104.87   1908.24 -10557.42      0.00      1
1    101415 5626.0     1.78e+09     67.99     89.67    435.56   1269.19      0.00      1
1    101416 5626.0     8.32e+10     78.22      8.29  -2276.04 -10817.91      0.00      1
1    101417 5626.0     1.05e+10     83.99    359.35  -3456.66  -8654.24      0.00      1
1    101418 5626.0     4.57e+09     86.72    243.36  -2489.28  -4503.55      0.00      1
1    101419 5626.0     1.45e+10     80.73    277.81   2051.06  -5774.75      0.00      1
1    101420 5626.0     2.75e+10     76.39    102.68   6474.95  -3389.93      0.00      1
1    101421 5626.0     2.45e+10     69.90    198.81  -1981.13   1977.47      0.00      1
1    101422 5626.0     2.75e+09     66.16    359.92   -791.47  -6878.25      0.00      0
1    101423 5626.0     5.37e+10     69.93    149.49  -1617.84   4495.20      0.00      0
1    101424 5626.0     6.76e+09     76.38      6.14   2041.77  -2584.38      0.00      1
1    101425 5626.0     5.13e+09     68.33    131.03   4604.00   3377.94      0.00      1
1    101426 5626.0     7.76e+09     84.43     82.22  -2787.44    135.03      0.00      1
1    101427 5626.0     6.92e+10     73.29      4.53  -2771.44   3297.45      0.00      1
1    101428 5626.0     2.24e+09     87.93    259.90   1784.67   3027.06      0.00      0
1    101429 5626.0     6.17e+10     82.58    145.44   3582.41   -421.87      0.00      1
1    101430 5626.0     1.78e+10     72.36    313.31   5531.55   2170.85      0.00      1
1    101431 5626.0     3.09e+09     79.74      3.97   6494.44 -10583.24      0.00      1
1    101432 5626.0     1.38e+09     70.30    290.41   -770.81  -8561.49      0.00      1
1    101433 5626.0     3.80e+10     86.44    206.55   -358.22  -6710.10      0.00      1
1    101434 5626.0     3.16e+09     71.76     91.60   -592.05  -2200.35      0.00      1
1    101435 5626.0     3.39e+09     69.14     76.16   5316.98  -9114.74      0.00      0
1    101436 5626.0     3.02e+09     84.98    257.65  -2273.85  -6864.31      0.00      1
1    101437 5626.0     1.17e+09     69.69    324.56   1864.18  -4351.14      0.00      1
1    101438 5626.0     2.24e+10     82.07    251.52   4766.36  -3406.97      0.00      1
1    101439 5626.0     2.82e+10     76.05    259.16   6301.67   1474.54      0.00      1
1    101440 5626.0     1.00e+10     84.73    311.26   2328.26   2362.79      0.00      1
1    101441 5626.0     4.17e+09     65.25     29.89   2852.49   4226.66      0.00      0
1    101442 5626.0     3.80e+10     79.89     62.54   3432.46   2339.59      0.00      1
1    101443 5626.0     5.62e+09     83.67    101.36  -2419.86  -2354.31      0.00      1
1    101444 5626.0     1.20e+09     79.89     69.23   1864.37  -3078.17      0.00      1
1    101445 5626.0     1.78e+10     80.34    262.15   2755.06    905.54      0.00      1
1    101446 5626.0     4.17e+10     71.17    227.58  -3675.00  -4415.01      0.00      1
1    101447 5626.0     2.51e+09     72.49    263.72   -406.09  -9879.30      0.00      1
1    101448 5626.0     4.68e+09     82.73    297.65   3061.84  -3295.85      0.00      1
1    101449 5626.0     1.51e+10     78.76     61.57    339.20   1734.89      0.00      1
1    101450 5626.0     1.10e+09     71.86    276.63   4742.72 -10326.95      0.00      1
1    101451 5626.0     2.75e+10     87.59     80.90  -2653.45   4776.28      0.00      1
1    101452 5626.0     1.26e+09     84.34    214.64   6320.14   2622.05      0.00      1
1    101453 5626.0     3.02e+09     87.59    228.97   3575.33    800.85      0.00      0
1    101454 5626.0     6.76e+09     75.58    345.32  -4089.91  -9794.72      0.00      1
1    101455 5626.0     2.04e+10     82.81    243.29    592.85   2855.52      0.00      1
1    101456 5626.0     8.32e+10     76.63     61.54  -3300.67  -6644.90      0.00      1
1    101457 5626.0     7.08e+10     79.40     72.48  -1343.12  -4984.45      0.00      1
1    101458 5626.0     3.89e+10     80.26      7.76  -4044.33  -4668.84      0.00      1
1    101459 5626.0     4.57e+09     74.86    199.43   4608.05  -7323.68      0.00      1
1    101460 5626.0     1.82e+09     75.69    148.96  -1893.59  -4098.61      0.00      1
1    101461 5626.0     7.41e+09     72.58    348.84   5639.05   -339.80      0.00      1
1    101462 5626.0     7.24e+10     67.81     80.58     15.61    105.50      0.00      1
1    101463 5626.0     4.79e+09     86.45    348.21  -3064.76  -8459.43      0.00      1
1    101464 5626.0     1.12e+09     84.97    138.47   3984.72   1194.07      0.00      0
1    101465 5626.0     1.29e+10     71.01     65.47    796.24  -9160.11      0.00      1
1    101466 5626.0     6.76e+10     76.74    303.37  -3368.70  -4776.39      0.00      1
1    101467 5626.0     5.75e+09     68.10    274.10   5223.14  -5197.37      0.00      1
1    101468 5626.0     2.19e+10     66.88    112.30   3276.95  -3365.92      0.00      1
1    101469 5626.0     1.41e+10     67.91    101.18    889.25 -10539.67      0.00      1
1    101470 5626.0     1.91e+10     74.18    223.12  -4174.35  -9378.83      0.00      1
1    101471 5626.0     4.79e+09     70.15    234.06   -230.82  -8716.84      0.00      1
1    101472 5626.0     4.90e+09     66.62    298.91   3610.37  -7668.84      0.00      0
1    101473 5626.0     3.39e+09     77.19    312.66  -1755.06 -10590.24      0.00      1
1    101474 5626.0     9.33e+10     74.83    173.42  -2572.71   4221.38      0.00      1
1    101475 5626.0     3.09e+09     70.15    180.20    899.13   1125.47      0.00      1
1    101476 5626.0     2.40e+09     84.06    118.58  -1272.13   1960.81      0.00      1
1    101477 5626.0     1.29e+10     74.91    299.57   2384.88 -10220.54      0.00      0
1    101478 5626.0     3.24e+10     70.36    341.92  -2392.86  -1184.78      0.00      1
1    101479 5626.0     8.32e+10     81.03    237.57  -3113.94  -2628.81      0.00      1
1    101480 5626.0     2.40e+10     87.36    296.15  -2721.60   -831.41      0.00      1
1    101481 5626.0     4.17e+10     77.64    181.86  -4370.00   -682.25      0.00      1
1    101482 5626.0     6.31e+10     74.22    153.02  -3998.20  -3795.21      0.00      1
1    101483 5626.0     1.70e+09     71.89     70.18   2494.25  -1048.96      0.00      1
1    101484 5626.0     3.39e+09     83.83    178.19   6214.62  -1948.19      0.00      1
1    101485 5626.0     2.34e+10     84.42     36.10    564.64  -3635.56      0.00      1
1    101486 5626.0     1.55e+10     76.70    326.44   2909.65   3678.09      0.00      1
1    101487 5626.0     2.40e+10     74.63    201.75   -573.38    909.30      0.00      1
1    101488 5626.0     8.91e+09     65.72    297.43    815.21  -4680.36      0.00      0
1    101489 5626.0     6.03e+09     74.34     26.89    504.17   -326.21      0.00      1
1    101490 5626.0     2.09e+10     77.89    271.36  -2527.69  -3915.95      0.00      1
1    101491 5626.0     6.31e+09     73.98      4.63   5895.04  -6811.21      0.00      1
1    101492 5626.0     3.24e+09     81.27     95.69  -4390.54   2954.32      0.00      1
1    101493 5626.0     4.90e+09     76.71    182.95   1509.14  -1594.38      0.00      1
1    101494 5626.0     2.19e+09     68.65    168.11  -2643.08  -8184.93      0.00      1
1    101495 5626.0     1.17e+09     67.11      0.95  -3071.22  -5939.48      0.00      1
1    101496 5626.0     7.76e+09     84.38    193.43   -660.22  -6935.44      0.00      1
1    101497 5626.0     1.48e+09     70.08    240.76    212.36  -7160.90      0.00      1
1    101498 5626.0     1.78e+10     65.10     71.59   6492.85  -4579.62      0.00      1
1    101499 5626.0     2.24e+10     82.29    248.72   4978.45  -7736.64      0.00      1
