1    101900 5626.0     2.00e+09     75.02    258.43  -2601.50 -10632.66      0.00      1
1    101901 5626.0     1.95e+10     84.09     33.97   5470.52  -1546.40      0.00      1
1    101902 5626.0     6.61e+09     78.29     56.90  -4319.73  -6685.23      0.00      1
1    101903 5626.0     9.77e+10     69.08    300.46  -3287.46   4925.27      0.00      0
1    101904 5626.0     3.80e+10     83.29    250.52  -4377.10  -1671.20      0.00      1
1    101905 5626.0     5.25e+09     81.75     33.90  -2624.38  -2800.17      0.00      1
1    101906 5626.0     4.57e+10     71.28     10.76  -1860.52  -8017.04      0.00      1
1    101907 5626.0     2.63e+09     86.58    112.00   1824.56   2241.29      0.00      1
1    101908 5626.0     9.33e+10     72.57     94.98   -933.94   1688.04      0.00      1
1    101909 5626.0     2.19e+10     80.81     46.84   -722.10   1227.05      0.00      1
1    101910 5626.0     4.17e+09     80.47    139.80   4112.82  -6783.16      0.00      1
1    101911 5626.0     4.79e+09     78.12    112.49  -2526.17  -7540.19      0.00      1
1    101912 5626.0     1.05e+09     87.68     50.60   -579.14  -2737.80      0.00      0
1    101913 5626.0     1.15e+09     85.37    131.44   3031.33  -3283.42      0.00      0
1    101914 5626.0     3.89e+10     77.14     91.99  -1279.55  -1786.80      0.00      1
1    101915 5626.0     2.24e+09     65.57    278.76   5923.85   1626.16      0.00      1
1    101916 5626.0     4.90e+10     73.01    338.18   3205.79  -9193.49      0.00      1
1    101917 5626.0     1.82e+09     75.54    342.58  -1428.06  -1875.47      0.00      1
1    101918 5626.0     1.62e+09     73.63    281.00   3015.37  -9787.13      0.00      1
1    101919 5626.0     1.20e+09     86.73    174.20   2996.91   1772.67      0.00      0
1    101920 5626.0     5.13e+09     68.33     30.26   1990.65  -6607.84      0.00      1
1    101921 5626.0     6.46e+10     82.91    206.90   -791.47  -2623.96      0.00      1
1    101922 5626.0     5.50e+10     86.34     67.71    771.10   4489.58      0.00      1
1    101923 5626.0     3.24e+09     76.56      7.19    648.83   4330.30      0.00      1
1    101924 5626.0     5.50e+10     72.83     58.10   1039.20  -4776.89      0.00      1
1    101925 5626.0     5.89e+10     87.52    224.22   4928.90  -6693.97      0.00      1
1    101926 5626.0     2.82e+09     76.76    249.18   5334.36   -322.03      0.00      1
1    101927 5626.0     4.47e+10     87.75    112.75   3676.39 -10248.38      0.00      1
1    101928 5626.0     1.07e+09     73.26    339.32   6008.52  -4415.57      0.00      1
1    101929 5626.0     5.62e+10     67.76    138.35   -127.41  -8873.09      0.00      1
1    101930 5626.0     2.63e+10     68.07    324.70  -1045.95  -6854.25      0.00      1
1    101931 5626.0     1.07e+09     86.11    303.60   4781.62  -4101.84      0.00      0
1    101932 5626.0     7.59e+09     80.36    203.51    727.96  -9410.08      0.00      1
1    101933 5626.0     1.23e+09     67.94    318.49  -3187.53 -11075.57      0.00      1
1    101934 5626.0     7.41e+09     71.66    124.32  -1598.79  -8238.23      0.00      1
1    101935 5626.0     5.37e+10     70.96    290.02   6169.45  -7864.80      0.00      1
1    101936 5626.0     8.13e+10     85.34    117.74   5916.72  -2296.21      0.00      1
1    101937 5626.0     6.31e+10     75.54    111.16  -3095.68    104.40      0.00      1
1    101938 5626.0     8.13e+10     85.47      2.70    226.76  -1425.14      0.00      1
1    101939 5626.0     9.55e+09     80.41    260.64   2274.78  -2819.85      0.00      1
1    101940 5626.0     6.46e+10     85.29    201.81   3206.00 -10009.43      0.00      1
1    101941 5626.0     1.91e+10     69.16    120.18  -2937.04  -8846.14      0.00      1
1    101942 5626.0     3.80e+10     71.90    116.26   4222.76   -240.47      0.00      1
1    101943 5626.0     1.58e+09     74.28    155.69   1028.84  -5164.45      0.00      1
1    101944 5626.0     2.63e+09     68.70    161.08   5805.00  -6101.60      0.00      1
1    101945 5626.0     1.12e+10     84.83    162.33   1496.78  -4795.52      0.00      1
1    101946 5626.0     3.63e+10     74.94    158.99   -353.02  -7486.54      0.00      1
1    101947 5626.0     4.79e+10     84.94    156.01  -1131.83  -9137.82      0.00      1
1    101948 5626.0     1.66e+09     72.37    242.24   4911.53  -3405.96      0.00      1
1    101950 5626.0     3.98e+10     66.79    191.26   5740.86   -686.69      0.00      1
1    101951 5626.0     2.29e+10     86.42    171.12   1913.87   4720.79      0.00      1
1    101952 5626.0     2.88e+10     85.48    233.91   5929.94  -8738.38      0.00      1
1    101953 5626.0     2.69e+10     74.80    344.92   5402.67  -1454.82      0.00      1
1    101954 5626.0     9.12e+09     73.54     36.05   1263.10  -2227.84      0.00      1
1    101955 5626.0     5.01e+09     75.79    347.30   2331.94  -4672.29      0.00      1
1    101956 5626.0     1.55e+10     82.54    231.74   4280.11   -818.51      0.00      1
1    101957 5626.0     2.88e+10     72.69    213.75   1267.61  -1208.83      0.00      1
1    101958 5626.0     1.15e+10     84.18    205.57   6382.31  -4154.56      0.00      1
1    101959 5626.0     8.71e+09     80.36      5.14   2190.31   1610.87      0.00      1
1    101960 5626.0     6.76e+10     71.09     73.42  -3166.03   4376.86      0.00      0
1    101961 5626.0     8.71e+09     86.73    209.38  -2674.17  -8081.87      0.00      1
1    101962 5626.0     2.95e+09     79.94     74.93   2564.26 -10264.83      0.00      1
1    101963 5626.0     1.32e+10     74.59     51.55   1768.42  -8002.45      0.00      1
1    101964 5626.0     7.94e+09     86.70    221.19  -3934.91  -6217.54      0.00      1
1    101965 5626.0     1.62e+10     67.80     31.40   6069.16  -4422.69      0.00      0
1    101966 5626.0     1.07e+10     84.49    300.46   1092.94  -8658.92      0.00      1
1    101967 5626.0     1.45e+10     69.64    145.06   4101.92 -10906.75      0.00      0
1    101968 5626.0     8.51e+09     72.75    341.90   -836.43    419.62      0.00      1
1    101969 5626.0     1.10e+09     77.73    178.05  -2927.71  -7428.80      0.00      1
1    101970 5626.0     8.91e+09     65.78     23.09   4519.60    936.57      0.00      1
1    101971 5626.0     1.26e+09     76.01    275.41  -2695.31  -7888.74      0.00      1
1    101972 5626.0     2.24e+10     80.28    320.73  -1232.65   3891.14      0.00      1
1    101973 5626.0     3.24e+10     67.20    312.17   2143.00  -4888.24      0.00      1
1    101974 5626.0     5.62e+10     67.63    288.98   3406.49  -1220.20      0.00      1
1    101975 5626.0     3.16e+09     85.75    357.95   -493.59   1094.32      0.00      1
1    101976 5626.0     1.26e+09     86.43     54.52  -2437.37  -3474.96      0.00      0
1    101977 5626.0     2.82e+10     76.41    267.03  -1333.35  -5697.39      0.00      1
1    101978 5626.0     6.76e+09     87.15     50.60   6178.22   -672.88      0.00      1
1    101979 5626.0     2.14e+09     86.66    187.22   4780.84    247.05      0.00      1
1    101980 5626.0     1.45e+10     83.72     70.06  -1060.91   2440.44      0.00      1
1    101981 5626.0     9.12e+10     77.72     36.15  -4063.95  -1046.84      0.00      1
1    101982 5626.0     7.41e+09     66.61    124.45  -2895.68  -1405.38      0.00      1
1    101983 5626.0     4.37e+09     83.37    250.12    368.49   4360.48      0.00      1
1    101984 5626.0     3.72e+10     81.96    301.89  -3477.26     71.18      0.00      1
1    101985 5626.0     1.91e+09     66.27    256.74  -4262.55  -7975.92      0.00      0
1    101986 5626.0     1.20e+09     82.35    147.47  -3751.12   4206.44      0.00      1
1    101987 5626.0     5.13e+10     86.82    191.67   -358.16  -5356.64      0.00      1
1    101988 5626.0     5.25e+10     87.88    208.89   -472.74   2930.36      0.00      1
1    101989 5626.0     1.86e+10     70.64    257.05   3015.16   4801.68      0.00      0
1    101990 5626.0     1.91e+10     78.16    323.71  -3035.66  -4589.66      0.00      1
1    101991 5626.0     3.63e+09     81.32    315.14  -1679.73  -9202.15      0.00      1
1    101992 5626.0     2.57e+09     86.55    331.05   3824.98   -657.29      0.00      1
1    101993 5626.0     1.70e+09     70.53    161.53  -2330.16    475.35      0.00      1
1    101994 5626.0     2.14e+10     65.54    325.67     71.43   3566.95      0.00      1
1    101995 5626.0     2.51e+09     74.75    177.24    726.32   4667.13      0.00      1
1    101996 5626.0     2.69e+10     67.64    262.95   4663.09   1423.67      0.00      1
1    101997 5626.0     2.24e+09     73.13    219.47  -3530.68  -8450.62      0.00      1
1    101998 5626.0     1.41e+10     67.71     30.82    574.20  -5728.05      0.00      1
1    101999 5626.0     2.14e+10     73.34    115.33   3476.24  -6878.34      0.00      0
