1       200 14.0       4.27e+09     85.85     61.37  -4055.58   -844.85      0.00      1
1       201 14.0       6.17e+10     65.50    226.82   1410.29   2361.56      0.00      1
1       202 14.0       2.34e+09     85.11    183.66    387.18  -8592.06      0.00      1
1       203 14.0       9.55e+09     74.52     70.78   4968.24   3876.76      0.00      1
1       204 14.0       1.95e+09     86.89    154.67   5573.90  -1092.85      0.00      1
1       205 14.0       4.68e+10     74.96    296.87   4807.54 -10994.87      0.00      0
1       206 14.0       1.29e+10     76.77    295.56  -2640.58   2031.40      0.00      1
1       207 14.0       4.90e+10     83.17     78.07   4982.07  -1881.27      0.00      1
1       208 14.0       6.61e+10     65.67    142.64   1274.65  -7786.37      0.00      0
1       209 14.0       5.13e+10     66.53     17.88   2068.48  -3618.90      0.00      0
1       210 14.0       1.02e+09     82.21    231.63  -4318.06  -5209.47      0.00      1
1       211 14.0       7.76e+09     84.04     99.70   4449.35  -8004.59      0.00      1
1       212 14.0       7.08e+09     77.30     15.18   1710.34    656.95      0.00      1
1       213 14.0       6.46e+09     70.46    343.59   -850.20  -2402.50      0.00      1
1       214 14.0       1.74e+09     84.93    199.29  -2793.25 -10939.40      0.00      1
1       215 14.0       5.89e+09     69.46    176.23  -1702.39  -5428.34      0.00      1
1       216 14.0       1.05e+10     73.80     85.82  -2183.58  -2748.88      0.00      1
1       217 14.0       3.02e+10     86.66     65.94   -520.25  -3372.35      0.00      1
1       218 14.0       2.95e+09     69.92    279.63   5132.82  -4236.76      0.00      1
1       219 14.0       1.91e+09     67.72     27.86   2959.79    219.72      0.00      1
1       220 14.0       2.19e+09     69.44    200.67   -732.93  -5208.58      0.00      1
1       221 14.0       2.24e+09     70.12     86.99   3603.25  -5199.49      0.00      1
1       222 14.0       2.04e+09     68.54    193.23  -4327.66    856.09      0.00      0
1       223 14.0       1.15e+09     81.94    133.59  -2956.27  -7802.75      0.00      1
1       224 14.0       1.74e+10     85.94    337.98    383.12  -7316.15      0.00      1
1       225 14.0       6.17e+09     65.46     85.16   -588.17  -9130.38      0.00      1
1       226 14.0       5.37e+09     75.59    269.26   5965.39  -7564.38      0.00      1
1       227 14.0       1.15e+10     75.02     62.49   3992.84   2818.61      0.00      1
1       228 14.0       5.50e+10     71.56    247.29  -3047.46   1468.46      0.00      1
1       229 14.0       5.37e+09     71.77    357.26   5303.21   2602.55      0.00      0
1       230 14.0       3.39e+10     82.69    253.93   4628.08  -6418.42      0.00      1
1       231 14.0       1.32e+10     74.46    351.81  -2782.41  -2001.76      0.00      1
1       232 14.0       2.82e+10     85.43    116.26   6243.15  -6962.98      0.00      1
1       233 14.0       1.74e+10     82.83     64.70  -3253.84 -10319.52      0.00      1
1       234 14.0       7.08e+10     86.78    225.96  -1149.28   2672.21      0.00      1
1       235 14.0       1.74e+10     70.35     97.09   4451.46    -45.64      0.00      1
1       236 14.0       2.09e+09     67.71    126.47  -2735.58    542.84      0.00      1
1       237 14.0       2.00e+09     71.56    208.99  -1790.77 -10562.44      0.00      1
1       238 14.0       2.40e+10     68.87    181.13  -1024.60  -9838.53      0.00      1
1       239 14.0       6.92e+10     67.27    271.91  -3270.50  -9985.81      0.00      1
1       240 14.0       6.61e+10     80.99     34.14   1014.09   4546.73      0.00      1
1       241 14.0       1.55e+10     82.31     66.83   3992.47  -7738.02      0.00      1
1       242 14.0       2.75e+10     82.36    256.63  -1453.06  -8901.21      0.00      1
1       243 14.0       2.34e+10     82.15    324.99    908.80  -9906.99      0.00      1
1       244 14.0       1.74e+10     85.11    202.97   1936.24  -4680.10      0.00      1
1       245 14.0       5.25e+09     76.28    288.12    386.03   2379.61      0.00      1
1       246 14.0       4.79e+10     79.25    181.77    -28.56    374.35      0.00      1
1       247 14.0       1.29e+09     84.72     91.28  -4018.06   3251.80      0.00      1
1       248 14.0       3.72e+09     65.57    102.54  -4154.41  -1038.82      0.00      0
1       249 14.0       1.15e+09     75.27    110.09   4499.93   2524.72      0.00      1
1       250 14.0       3.39e+10     74.56    293.41  -2259.12  -9999.51      0.00      1
1       251 14.0       8.32e+09     76.96    170.92   3829.16  -5469.51      0.00      1
1       252 14.0       5.75e+09     75.30     73.86   2118.59   2515.45      0.00      1
1       253 14.0       3.39e+09     69.94    283.55   4007.36  -7497.39      0.00      1
1       254 14.0       5.01e+10     75.45    119.47  -4160.09 -11137.88      0.00      0
1       255 14.0       1.23e+10     77.99    247.70   1630.81   2849.29      0.00      1
1       256 14.0       8.51e+10     66.42    212.28   1948.91     -0.21      0.00      1
1       257 14.0       5.25e+09     85.35    133.39   2444.13  -2987.10      0.00      1
1       258 14.0       1.26e+09     83.07    122.08   1383.11  -9838.17      0.00      1
1       259 14.0       1.66e+10     86.47    195.36   6135.81   2919.82      0.00      1
1       260 14.0       3.02e+10     65.60    313.82   6305.14   2681.16      0.00      0
1       261 14.0       1.78e+10     72.77     53.38   4970.00   3144.74      0.00      1
1       262 14.0       3.16e+09     72.05    148.28   3921.97  -2041.35      0.00      1
1       263 14.0       1.66e+09     75.70     80.68  -3775.11  -4347.18      0.00      1
1       264 14.0       2.14e+09     72.41    323.69     35.24   4751.81      0.00      1
1       265 14.0       1.95e+10     72.88     30.33   2061.83   2718.57      0.00      1
1       266 14.0       3.39e+09     76.68    231.80  -2809.41  -8044.56      0.00      1
1       267 14.0       9.77e+09     73.65    302.74   -564.57  -9870.53      0.00      1
1       268 14.0       2.00e+10     85.86    256.00    108.42  -6828.35      0.00      1
1       269 14.0       8.91e+09     69.09     18.57   3221.91   4850.64      0.00      1
1       270 14.0       6.61e+09     76.80    182.76  -3961.80  -2952.08      0.00      1
1       271 14.0       2.88e+09     77.23    218.04   5078.65   1796.99      0.00      1
1       272 14.0       7.94e+10     81.84     94.17    -99.44  -4945.12      0.00      1
1       273 14.0       1.86e+10     78.92    294.89  -1528.82  -3501.98      0.00      1
1       274 14.0       2.24e+09     83.36    266.22  -1132.29 -10669.56      0.00      1
1       275 14.0       1.02e+10     74.76    242.09   1311.32    -51.52      0.00      1
1       276 14.0       4.79e+09     84.01     75.41   5977.63  -1653.79      0.00      1
1       277 14.0       2.40e+10     75.23     55.58   2202.14   1311.30      0.00      1
1       278 14.0       1.95e+10     79.82    325.69   3280.12  -4222.56      0.00      1
1       279 14.0       2.45e+09     76.41    198.00   2696.35   -120.34      0.00      1
1       280 14.0       2.75e+10     82.62     28.20  -3783.90 -10824.56      0.00      1
1       281 14.0       5.37e+10     79.16    273.75   4280.94  -5373.22      0.00      1
1       282 14.0       1.00e+09     76.65      0.68  -1712.13   1776.02      0.00      1
1       283 14.0       1.51e+09     80.14     80.68   5271.02  -3521.88      0.00      1
1       284 14.0       1.58e+09     76.78     47.29  -4322.90  -9735.58      0.00      1
1       285 14.0       4.57e+10     83.71     61.55   5460.57   2636.13      0.00      1
1       286 14.0       8.13e+10     78.02    286.71  -2919.28  -9318.51      0.00      1
1       287 14.0       1.51e+09     83.90    315.16    608.12  -1946.59      0.00      1
1       288 14.0       3.24e+10     84.52    144.37  -3049.36    691.11      0.00      1
1       289 14.0       3.80e+10     84.23     33.16  -1754.85   5052.04      0.00      1
1       290 14.0       1.20e+10     66.31    233.18   4586.54  -9382.41      0.00      0
1       291 14.0       3.31e+10     72.98    167.87   5559.06  -9221.15      0.00      0
1       292 14.0       7.41e+10     77.78     13.25   6443.63   5144.33      0.00      1
1       293 14.0       5.01e+10     83.80    115.53   1769.36  -7549.45      0.00      1
1       294 14.0       3.16e+10     68.99    307.63   1591.97   4174.25      0.00      1
1       295 14.0       1.07e+09     72.07     85.27  -3755.67 -11100.24      0.00      0
1       296 14.0       2.34e+10     84.36    137.03    704.51  -9776.05      0.00      1
1       297 14.0       5.13e+09     80.53    273.33   2598.01  -5785.58      0.00      1
1       298 14.0       1.17e+10     81.23     61.51  -2464.46  -4546.62      0.00      1
1       299 14.0       6.76e+09     67.83    353.93  -1100.66  -1393.93      0.00      1
