1      2200 14.0       2.88e+09     83.33    337.16   4026.03   4963.31      0.00      1
1      2201 14.0       4.90e+10     65.20    299.78   6409.59  -4298.19      0.00      0
1      2202 14.0       1.00e+09     68.29     72.62   2568.92  -2649.39      0.00      0
1      2203 14.0       3.55e+10     83.78    359.37   4851.39 -10934.51      0.00      1
1      2204 14.0       1.29e+09     79.07    100.26  -3233.88  -8649.45      0.00      1
1      2205 14.0       2.14e+10     78.63    249.02    454.95  -9725.61      0.00      1
1      2206 14.0       3.80e+10     66.31    292.80   1368.15   -227.92      0.00      1
1      2207 14.0       6.31e+10     72.90     55.94   6114.52   4522.68      0.00      0
1      2208 14.0       1.48e+09     67.58     97.16   2130.43  -1323.24      0.00      1
1      2209 14.0       3.63e+09     81.33    238.45  -2402.34 -10624.96      0.00      1
1      2210 14.0       1.95e+09     70.70    174.84  -4354.58   3156.51      0.00      1
1      2211 14.0       5.13e+10     82.07     49.77  -2351.42  -7457.07      0.00      1
1      2212 14.0       2.82e+10     69.58    304.44   6354.87  -5698.52      0.00      1
1      2213 14.0       1.55e+10     70.15     17.15   5943.90    608.89      0.00      1
1      2214 14.0       2.24e+10     65.68     26.46   4622.43   3386.88      0.00      0
1      2215 14.0       2.24e+10     73.77    338.97   1182.73    742.30      0.00      1
1      2216 14.0       2.51e+10     80.68    309.31   2678.75  -8365.90      0.00      1
1      2217 14.0       2.57e+09     81.76    227.77  -1999.31   2026.02      0.00      1
1      2218 14.0       1.20e+10     81.69    176.96   -354.85  -7963.64      0.00      1
1      2219 14.0       7.41e+09     84.42    348.18   -525.57   4220.47      0.00      1
1      2220 14.0       2.69e+09     82.73    255.34  -3346.08  -8033.81      0.00      1
1      2221 14.0       7.59e+10     83.13    119.22    245.55  -8334.06      0.00      1
1      2222 14.0       5.62e+10     65.05    236.00  -3777.42  -7437.63      0.00      0
1      2223 14.0       8.13e+09     80.48    266.03  -1628.75 -11156.14      0.00      1
1      2224 14.0       1.32e+09     78.19     12.57   4402.68  -2015.52      0.00      1
1      2225 14.0       2.40e+09     71.04    136.73   2643.67   3971.25      0.00      1
1      2226 14.0       1.02e+09     70.91     44.70  -2810.52  -6660.41      0.00      1
1      2227 14.0       1.55e+10     82.21    313.87   1168.01  -7574.83      0.00      1
1      2228 14.0       1.78e+09     72.44    289.75   2313.44   3422.42      0.00      1
1      2229 14.0       1.70e+09     66.32     56.78   4617.21  -5016.71      0.00      1
1      2230 14.0       9.55e+10     75.65     89.24  -1494.93  -5200.21      0.00      1
1      2231 14.0       2.75e+10     72.05    220.06   6404.95  -7306.57      0.00      0
1      2232 14.0       1.15e+09     66.92    261.70  -3382.22  -5667.97      0.00      0
1      2233 14.0       3.63e+09     79.95     60.84  -4015.29  -2348.99      0.00      1
1      2234 14.0       1.62e+09     79.53    138.59  -1105.65  -2348.33      0.00      1
1      2235 14.0       8.51e+09     75.83    185.16  -2548.59  -9061.58      0.00      1
1      2236 14.0       9.12e+10     81.54    137.93   1678.20  -2423.62      0.00      1
1      2237 14.0       1.07e+09     72.68    179.65  -2510.81   4961.24      0.00      1
1      2238 14.0       2.95e+09     67.37    257.51   6297.71  -1612.80      0.00      0
1      2239 14.0       1.29e+10     75.95     27.99   1426.21   -617.87      0.00      1
1      2240 14.0       2.75e+09     79.10    293.67   5880.46   3717.00      0.00      1
1      2241 14.0       3.31e+10     81.60    173.92   4478.43  -3523.58      0.00      1
1      2242 14.0       7.08e+09     84.66    203.17   6298.69  -8332.78      0.00      1
1      2243 14.0       1.05e+10     66.86    192.98  -1856.16  -5121.76      0.00      1
1      2244 14.0       1.41e+10     86.09    224.15  -3478.73   -268.60      0.00      1
1      2245 14.0       1.51e+10     75.32    200.23  -3911.00   -346.23      0.00      1
1      2246 14.0       4.47e+09     86.68    303.13   3853.80 -10074.06      0.00      1
1      2247 14.0       2.95e+10     76.18    128.28   4309.49  -1564.03      0.00      1
1      2248 14.0       2.69e+10     78.20    120.24  -3178.96  -8635.86      0.00      1
1      2249 14.0       1.20e+09     75.86    330.94   4095.58   -253.78      0.00      1
1      2250 14.0       6.03e+10     82.99     16.74  -2972.54 -10817.26      0.00      1
1      2251 14.0       1.41e+09     81.85    333.70   4143.16 -10800.01      0.00      1
1      2252 14.0       1.32e+10     81.62    241.57    -41.77  -4437.27      0.00      1
1      2253 14.0       1.70e+09     84.75    327.58   3045.39 -10860.43      0.00      1
1      2254 14.0       4.57e+09     87.56    164.33  -3385.78  -5101.21      0.00      1
1      2255 14.0       6.17e+09     72.62    174.01  -3355.78   4571.41      0.00      1
1      2256 14.0       8.32e+09     75.22    145.61   4368.59  -7190.63      0.00      1
1      2257 14.0       1.05e+10     86.82    163.36  -1692.76  -6330.11      0.00      1
1      2258 14.0       5.50e+10     84.42     56.56   4019.96  -3395.04      0.00      1
1      2259 14.0       6.17e+10     86.69    163.15   4044.22  -1605.44      0.00      1
1      2260 14.0       7.59e+10     69.60     82.06   5192.74   3005.21      0.00      1
1      2261 14.0       2.51e+09     73.68    222.15   1925.39 -10993.42      0.00      1
1      2262 14.0       2.04e+10     79.01    344.76   2371.09   3952.75      0.00      1
1      2263 14.0       9.12e+10     74.12    328.16   5099.16 -10234.60      0.00      1
1      2264 14.0       3.80e+10     70.59     11.84   -887.13    294.49      0.00      1
1      2265 14.0       9.55e+09     70.92    174.89  -4331.35   1215.90      0.00      1
1      2266 14.0       1.00e+09     80.42    199.53  -2449.32    555.76      0.00      1
1      2267 14.0       1.62e+10     87.06    182.31    393.74  -8573.82      0.00      1
1      2268 14.0       3.24e+10     76.88    312.83   -875.11   3887.23      0.00      1
1      2269 14.0       3.98e+09     67.34    209.20  -4326.08  -7213.75      0.00      0
1      2270 14.0       1.78e+10     80.00    292.14     -0.04  -4703.64      0.00      1
1      2271 14.0       7.08e+10     78.44    195.94  -2696.75  -7613.97      0.00      1
1      2272 14.0       7.41e+09     79.99      1.62   4708.62  -9492.80      0.00      1
1      2273 14.0       3.72e+10     74.11     69.91  -4202.06 -10983.74      0.00      1
1      2274 14.0       1.12e+09     80.60    210.15  -2622.00    522.08      0.00      1
1      2275 14.0       1.91e+09     78.59     81.59   2188.99  -3095.91      0.00      1
1      2276 14.0       4.47e+09     68.77    292.72  -1653.33  -8242.82      0.00      1
1      2277 14.0       1.91e+10     84.05    167.91  -3463.97  -5365.84      0.00      1
1      2278 14.0       1.70e+10     71.38    219.80   2115.56  -8122.96      0.00      1
1      2280 14.0       5.13e+09     72.26    120.43   -546.84  -3936.76      0.00      1
1      2281 14.0       1.20e+09     68.65    349.49  -2333.54   4189.11      0.00      1
1      2282 14.0       6.92e+10     71.99    265.93  -2571.13   2491.76      0.00      1
1      2283 14.0       1.38e+10     72.82    177.76  -1584.72  -3092.73      0.00      1
1      2284 14.0       2.82e+09     83.95    231.58  -1234.63    458.16      0.00      1
1      2285 14.0       1.58e+10     67.27    106.75   -104.96   1534.72      0.00      1
1      2286 14.0       8.32e+10     78.47    113.48   6134.39  -1680.26      0.00      1
1      2287 14.0       7.08e+09     71.00    271.27   3064.30    683.45      0.00      1
1      2288 14.0       9.77e+09     71.23     48.72    725.10    219.23      0.00      1
1      2289 14.0       1.91e+09     71.48    108.35  -2458.96    705.05      0.00      1
1      2290 14.0       2.63e+09     81.81     94.67   5109.15   1476.52      0.00      1
1      2291 14.0       3.98e+09     69.15    285.56  -2379.17   1658.59      0.00      1
1      2292 14.0       5.01e+09     82.79     93.30   3021.18  -4181.24      0.00      1
1      2293 14.0       1.10e+09     68.84    162.15   4047.82   3706.11      0.00      1
1      2294 14.0       1.66e+09     65.91    163.96   4459.33   -896.44      0.00      0
1      2295 14.0       6.17e+09     86.28    309.91   2916.57  -9959.43      0.00      1
1      2296 14.0       4.47e+10     85.89     14.35  -3249.39  -6040.97      0.00      1
1      2297 14.0       8.32e+09     67.91    135.15    734.88 -10492.27      0.00      0
1      2298 14.0       2.24e+09     74.95     98.98   -774.41   -728.63      0.00      1
1      2299 14.0       2.40e+10     70.02    132.57  -2528.49  -3801.68      0.00      1
