1      6700 14.0       3.39e+08     68.01    214.84   4984.29  -8776.95      0.00      0
1      6701 14.0       7.94e+08     81.13     67.27  -4383.51   3983.13      0.00      1
1      6702 14.0       4.07e+08     87.17    281.11  -1612.90  -5947.50      0.00      0
1      6703 14.0       4.68e+08     83.86      8.98  -1525.31  -3922.06      0.00      0
1      6704 14.0       7.08e+08     82.73     70.97  -1602.32    311.07      0.00      1
1      6705 14.0       4.37e+08     77.49    118.94  -1738.15  -9461.80      0.00      1
1      6706 14.0       2.24e+08     67.49    328.38   1434.68  -8736.50      0.00      0
1      6707 14.0       3.72e+08     73.69    326.87  -1573.12  -6701.13      0.00      1
1      6708 14.0       2.82e+08     83.09    226.88   2178.90   3979.83      0.00      0
1      6709 14.0       1.32e+08     68.67    161.79   2477.21   1691.32      0.00      0
1      6710 14.0       7.24e+08     83.10      4.86    240.21  -9243.25      0.00      1
1      6711 14.0       2.51e+08     69.56    203.29   1844.24   -266.39      0.00      1
1      6712 14.0       2.51e+08     81.68    170.71  -3049.57   1741.72      0.00      0
1      6713 14.0       2.09e+08     69.67    244.67   6401.65  -4449.87      0.00      0
1      6714 14.0       2.88e+08     79.40     60.84  -1323.59  -3980.75      0.00      0
1      6715 14.0       6.03e+08     84.00    314.47    459.26  -1548.19      0.00      0
1      6716 14.0       5.75e+08     70.23    308.36   5120.33  -8421.27      0.00      0
1      6717 14.0       2.69e+08     83.89      8.00   3244.22   2177.28      0.00      0
1      6718 14.0       1.17e+08     81.53    133.82   3037.20  -6930.67      0.00      0
1      6719 14.0       2.00e+08     71.41    272.21   2793.06   -107.31      0.00      0
1      6720 14.0       3.31e+08     82.12    303.14   1831.12   3216.18      0.00      0
1      6721 14.0       4.47e+08     80.88    151.12    -53.93  -5510.85      0.00      1
1      6722 14.0       4.47e+08     80.35    141.09  -3120.04   4154.92      0.00      1
1      6723 14.0       3.02e+08     72.25    321.46  -3061.48  -4806.07      0.00      0
1      6724 14.0       4.07e+08     85.69    161.88    294.43  -7669.31      0.00      0
1      6725 14.0       2.57e+08     72.73     42.33  -3594.76   4615.86      0.00      0
1      6726 14.0       2.09e+08     67.82     97.54   -731.71   2827.80      0.00      0
1      6727 14.0       3.63e+08     66.10    254.32  -4213.09  -7292.59      0.00      0
1      6728 14.0       3.55e+08     83.11     14.59  -2911.89  -7638.82      0.00      0
1      6729 14.0       2.24e+08     73.03     67.08   1081.76  -7643.81      0.00      0
1      6730 14.0       2.00e+08     66.64     39.19   3369.21  -5121.70      0.00      0
1      6731 14.0       3.89e+08     82.34    301.63   3224.21  -3550.54      0.00      0
1      6732 14.0       1.41e+08     78.40    354.86   -588.90  -6244.00      0.00      0
1      6733 14.0       1.23e+08     68.37    221.87   3624.94   -899.97      0.00      0
1      6734 14.0       6.17e+08     82.58    104.64  -2710.31  -7714.07      0.00      1
1      6735 14.0       2.45e+08     87.85     64.17  -2493.54  -5005.18      0.00      0
1      6736 14.0       1.38e+08     69.40    147.79  -3673.01  -3670.87      0.00      0
1      6737 14.0       1.51e+08     81.83    293.62   5634.08  -5414.47      0.00      0
1      6738 14.0       3.24e+08     70.37    177.16   5163.26  -4034.11      0.00      0
1      6739 14.0       2.34e+08     65.46    271.73   -212.32  -7515.23      0.00      0
1      6740 14.0       2.69e+08     82.79    258.86   2378.85   -526.19      0.00      0
1      6741 14.0       3.80e+08     82.51    338.08  -2921.71  -4666.09      0.00      1
1      6742 14.0       3.31e+08     85.19     31.52   -551.91  -5733.97      0.00      0
1      6743 14.0       2.82e+08     86.83    234.38   3297.48  -7663.06      0.00      0
1      6744 14.0       3.09e+08     83.41     97.87   3620.20  -7258.37      0.00      0
1      6745 14.0       1.29e+08     77.53    266.39   -606.04  -7718.62      0.00      0
1      6746 14.0       8.13e+08     73.38    127.87   1249.68   4973.63      0.00      1
1      6747 14.0       3.47e+08     71.90    278.77   4067.19  -5806.77      0.00      1
1      6748 14.0       1.23e+08     71.47    128.96   3378.06 -10272.18      0.00      0
1      6749 14.0       1.86e+08     82.24    316.30  -2825.80  -6853.91      0.00      0
1      6750 14.0       3.98e+08     84.66    341.38   3403.85    945.88      0.00      0
1      6751 14.0       4.79e+08     80.28    353.75  -2057.23  -9995.37      0.00      1
1      6752 14.0       3.80e+08     65.19     77.50  -1728.40   -177.53      0.00      1
1      6753 14.0       3.02e+08     66.14    146.70   4633.93   1935.57      0.00      0
1      6754 14.0       6.03e+08     75.31    278.25  -2055.65  -1623.85      0.00      1
1      6755 14.0       1.38e+08     68.92     51.94   -123.95  -8161.99      0.00      0
1      6756 14.0       1.91e+08     65.26    351.00  -3976.75  -6694.06      0.00      0
1      6757 14.0       2.88e+08     71.54    162.18  -1657.05   1249.27      0.00      1
1      6758 14.0       1.07e+08     82.45    200.30   2730.50  -8078.39      0.00      0
1      6759 14.0       4.68e+08     70.90    286.91  -2131.95    664.73      0.00      1
1      6760 14.0       1.20e+08     73.58    252.81  -3068.05   3370.51      0.00      0
1      6761 14.0       1.26e+08     67.87     40.24  -2428.80  -1146.69      0.00      0
1      6762 14.0       8.13e+08     68.26    286.94  -3912.83 -10167.11      0.00      1
1      6763 14.0       2.63e+08     74.89    108.54  -1427.89  -6525.47      0.00      1
1      6764 14.0       9.77e+08     86.50     86.30   1282.72  -1010.40      0.00      0
1      6765 14.0       8.13e+08     74.97    259.99   3448.23  -8209.59      0.00      1
1      6766 14.0       2.88e+08     86.03    347.31   4099.51   -916.80      0.00      0
1      6767 14.0       2.95e+08     71.80    107.18   6349.95  -2166.58      0.00      0
1      6768 14.0       1.55e+08     81.31    274.90   2480.48  -7962.64      0.00      0
1      6769 14.0       1.45e+08     76.55    187.75   1275.38   -806.54      0.00      0
1      6770 14.0       6.76e+08     78.36    100.15   3989.37  -7001.13      0.00      1
1      6771 14.0       7.94e+08     81.37     84.08  -2449.15  -6093.62      0.00      1
1      6772 14.0       4.90e+08     74.04    278.28   -516.78 -10617.90      0.00      1
1      6773 14.0       3.31e+08     78.85    300.76    199.13   4288.72      0.00      1
1      6774 14.0       2.00e+08     86.72    222.79   2859.48  -8208.66      0.00      0
1      6775 14.0       4.68e+08     79.24    148.42   2052.14   -526.91      0.00      1
1      6776 14.0       1.45e+08     72.38     16.40   5518.76    512.61      0.00      0
1      6777 14.0       7.24e+08     70.71    244.50   3804.67  -5950.93      0.00      1
1      6778 14.0       4.79e+08     86.84    314.04   5225.83   2852.22      0.00      0
1      6779 14.0       1.41e+08     71.56     90.86   2657.93  -8957.93      0.00      0
1      6780 14.0       5.62e+08     75.03     78.50   2586.45   3772.45      0.00      1
1      6781 14.0       1.74e+08     71.71    345.06    201.78  -6308.67      0.00      0
1      6782 14.0       1.70e+08     68.05    266.23  -3994.07   3821.48      0.00      0
1      6783 14.0       1.07e+08     65.52    337.13  -3362.44  -8411.64      0.00      0
1      6784 14.0       2.51e+08     65.29    210.24  -2517.13   3200.55      0.00      0
1      6785 14.0       3.72e+08     81.76    292.39   4846.73   3171.53      0.00      0
1      6786 14.0       2.00e+08     77.69    184.00    888.88  -2275.99      0.00      1
1      6787 14.0       8.91e+08     71.81     11.89  -1476.10  -5779.13      0.00      1
1      6788 14.0       2.63e+08     67.37    242.44  -2034.93  -7026.36      0.00      0
1      6789 14.0       8.13e+08     74.70    314.73   6029.85   1362.39      0.00      1
1      6790 14.0       6.31e+08     78.29    242.50   1995.94  -6286.79      0.00      1
1      6791 14.0       1.00e+09     82.72    287.28   2000.84   4527.60      0.00      1
1      6792 14.0       6.31e+08     76.60    165.60    830.00 -11273.62      0.00      1
1      6793 14.0       2.14e+08     84.70     93.59    667.71   4194.45      0.00      0
1      6794 14.0       6.92e+08     69.58    258.57   6069.67  -6268.84      0.00      1
1      6795 14.0       4.79e+08     77.49    237.52    511.20    625.75      0.00      1
1      6796 14.0       6.92e+08     86.14    124.33   3457.97  -5031.33      0.00      0
1      6797 14.0       7.76e+08     84.92     41.38   1280.41   3217.92      0.00      0
1      6798 14.0       1.51e+08     75.93    193.71   5849.15   1295.91      0.00      0
1      6799 14.0       7.59e+08     69.48    315.01   1106.61   4123.03      0.00      1
