1      1000 14.0       2.24e+10     75.93     11.12   1572.13  -4096.59      0.00      1
1      1001 14.0       5.89e+09     69.28     61.48  -1737.80  -1806.05      0.00      1
1      1002 14.0       1.02e+10     78.29     77.29  -1886.44   -258.11      0.00      1
1      1003 14.0       6.92e+10     85.14    141.26   -954.56   4878.91      0.00      1
1      1004 14.0       7.08e+10     86.59    143.47  -1993.18   4541.09      0.00      1
1      1005 14.0       2.29e+09     72.31    177.96   4934.68    936.72      0.00      1
1      1006 14.0       6.03e+10     67.69    102.80    594.26  -1398.36      0.00      1
1      1007 14.0       1.26e+09     77.52    254.42   1090.60  -2373.09      0.00      1
1      1008 14.0       1.02e+10     76.52     61.15  -1416.68  -6744.08      0.00      1
1      1009 14.0       1.62e+10     85.83    302.63  -3219.32   1342.13      0.00      1
1      1010 14.0       2.34e+10     75.24    168.35   3822.24    422.07      0.00      1
1      1011 14.0       2.63e+10     79.58    166.74   2004.45  -2334.79      0.00      1
1      1012 14.0       8.13e+10     78.29    334.04  -1960.56   1248.20      0.00      1
1      1013 14.0       5.01e+09     83.55    204.80   3062.66   2844.06      0.00      1
1      1014 14.0       6.31e+10     79.70    219.28   -186.44  -5823.24      0.00      1
1      1015 14.0       1.74e+10     83.37     57.46   2660.78  -7176.56      0.00      1
1      1016 14.0       1.26e+10     81.78      4.50   -256.26  -8389.25      0.00      1
1      1017 14.0       1.15e+10     68.77    278.76   1523.36  -2161.87      0.00      1
1      1018 14.0       1.45e+09     76.86     19.40  -1226.39  -3021.89      0.00      1
1      1019 14.0       1.45e+09     84.09    163.10    317.47   2606.76      0.00      1
1      1020 14.0       3.16e+09     76.33     36.42    728.19   -135.76      0.00      1
1      1021 14.0       1.82e+09     65.90     32.76   1200.89   3976.71      0.00      0
1      1022 14.0       2.29e+09     81.68    271.35   4811.18  -4014.99      0.00      1
1      1023 14.0       6.46e+10     72.55     24.47   4900.71  -3168.25      0.00      1
1      1024 14.0       1.45e+09     66.13    273.72  -4302.52  -9067.53      0.00      0
1      1025 14.0       2.51e+10     68.96     73.57  -3267.83  -4244.32      0.00      0
1      1026 14.0       9.55e+10     83.98    230.44  -4159.70  -4387.18      0.00      1
1      1027 14.0       3.98e+10     82.07    140.59   4062.48   2976.97      0.00      1
1      1028 14.0       1.95e+10     87.96    142.01  -1317.17  -8695.26      0.00      1
1      1029 14.0       2.34e+10     81.83    219.51  -2221.26  -1747.44      0.00      1
1      1030 14.0       9.33e+10     76.79    221.19   1108.60  -6010.82      0.00      1
1      1031 14.0       2.57e+09     82.11    213.70    777.79  -8510.66      0.00      1
1      1032 14.0       8.91e+09     70.72    131.28   -674.83  -6571.63      0.00      0
1      1033 14.0       5.89e+10     70.54     75.92   6422.27   2042.28      0.00      0
1      1034 14.0       4.17e+09     68.08    107.00  -2802.10  -9793.70      0.00      1
1      1035 14.0       1.12e+10     79.23    322.77   -942.99 -10694.65      0.00      1
1      1036 14.0       1.58e+09     77.33    154.02   6371.78   3639.16      0.00      1
1      1037 14.0       4.57e+09     74.42    227.72   5864.45  -2580.46      0.00      1
1      1038 14.0       1.66e+10     76.14    125.02   3729.50   1189.78      0.00      1
1      1039 14.0       3.72e+09     78.06    100.89   3091.12  -8389.63      0.00      1
1      1040 14.0       5.50e+10     83.58    117.56   4943.37   4841.99      0.00      1
1      1041 14.0       2.82e+09     73.36     23.18   6007.77   -513.77      0.00      1
1      1042 14.0       1.48e+09     85.08     93.77   2219.54  -9119.05      0.00      1
1      1043 14.0       7.94e+09     69.75     87.83   2623.48   2698.50      0.00      1
1      1044 14.0       1.35e+09     86.89    347.15   5554.15   -839.11      0.00      0
1      1045 14.0       2.34e+09     67.59    131.43   5888.89  -7736.49      0.00      0
1      1046 14.0       3.47e+10     86.36     13.54   1238.86   4571.47      0.00      1
1      1047 14.0       1.12e+09     72.12    333.78   6260.21  -1211.13      0.00      1
1      1048 14.0       9.33e+10     85.60     49.43   -946.68  -4235.55      0.00      1
1      1049 14.0       5.62e+09     81.63     87.22   3123.14   4239.36      0.00      1
1      1050 14.0       3.47e+10     81.03     27.60  -3211.87  -6872.72      0.00      1
1      1051 14.0       6.31e+10     69.30    110.55   5092.97  -3659.36      0.00      1
1      1052 14.0       3.39e+09     65.71     43.46   3328.26  -4384.28      0.00      1
1      1053 14.0       3.16e+10     80.47    312.55   2425.72  -1500.71      0.00      1
1      1054 14.0       1.91e+09     80.14    169.06   3845.34   5004.85      0.00      1
1      1055 14.0       6.92e+10     72.44    181.47  -1200.15  -7853.95      0.00      1
1      1056 14.0       1.86e+09     81.62    340.38   2737.57   2633.99      0.00      1
1      1057 14.0       9.33e+10     78.61    289.92   -305.79  -7407.37      0.00      1
1      1058 14.0       1.41e+09     86.68    294.80    -43.95   3579.42      0.00      1
1      1059 14.0       5.13e+09     78.20    305.38  -2422.77  -2737.30      0.00      1
1      1060 14.0       7.24e+10     74.61    247.62  -1861.41     22.86      0.00      1
1      1061 14.0       6.31e+09     66.69     19.29   -324.42   2267.74      0.00      1
1      1062 14.0       3.89e+10     80.25     33.50   4936.45  -3522.38      0.00      1
1      1063 14.0       7.08e+09     74.11    164.66  -3040.76  -6927.23      0.00      1
1      1064 14.0       1.58e+09     66.92    124.85   3688.24  -5207.65      0.00      1
1      1065 14.0       2.04e+10     70.81     73.11  -1546.15  -9948.38      0.00      1
1      1066 14.0       4.90e+09     74.11     73.98  -4130.19   2671.33      0.00      1
1      1067 14.0       3.80e+09     65.41     16.23   1876.46   3601.46      0.00      0
1      1068 14.0       5.62e+09     78.76    103.08  -4220.51   4141.51      0.00      1
1      1069 14.0       7.08e+09     66.30     26.51   -116.77  -3850.67      0.00      0
1      1070 14.0       1.10e+09     72.25     11.11  -3235.91  -8409.65      0.00      1
1      1071 14.0       1.20e+10     67.43    337.43  -3742.61  -9744.21      0.00      1
1      1072 14.0       5.25e+09     79.92    231.08   6414.77   4004.62      0.00      1
1      1073 14.0       5.75e+09     78.09    286.33   2145.37   3559.33      0.00      1
1      1074 14.0       2.57e+10     72.21      8.77  -2339.25 -10015.58      0.00      1
1      1075 14.0       2.29e+10     80.95    210.06  -3539.81 -10270.47      0.00      1
1      1076 14.0       8.13e+10     72.64     75.82   5069.44 -10691.97      0.00      0
1      1077 14.0       6.92e+10     66.52    131.46  -1117.35 -10168.30      0.00      1
1      1078 14.0       2.19e+09     86.46    166.41  -1457.67 -11023.54      0.00      1
1      1079 14.0       1.62e+10     84.97    248.23   3500.34  -5548.63      0.00      1
1      1080 14.0       2.24e+10     86.28     81.15   2661.64  -6438.20      0.00      1
1      1081 14.0       1.66e+10     82.14     89.69   3925.94  -4861.54      0.00      1
1      1082 14.0       3.47e+10     75.97    113.51  -3455.61  -2946.68      0.00      1
1      1083 14.0       1.26e+09     83.59    333.71  -4216.32   2818.89      0.00      1
1      1084 14.0       4.68e+10     73.25    344.93  -3892.87  -2116.39      0.00      1
1      1085 14.0       3.39e+10     87.80    132.98   4652.26  -3483.49      0.00      1
1      1086 14.0       1.74e+10     82.09    356.05   -224.22   4205.28      0.00      1
1      1087 14.0       3.80e+09     81.79     93.26   6043.79  -1622.24      0.00      1
1      1088 14.0       1.82e+09     85.93    255.63  -3694.15  -5874.77      0.00      1
1      1089 14.0       5.62e+10     70.72    104.50  -2336.65   1545.28      0.00      1
1      1090 14.0       5.75e+10     77.50    186.80   2920.40    235.79      0.00      1
1      1091 14.0       3.16e+09     65.43    189.63   1220.55   3113.91      0.00      1
1      1092 14.0       6.76e+09     68.16     60.67  -1087.79  -5185.46      0.00      0
1      1093 14.0       2.40e+10     67.17    273.94   2450.63  -4792.47      0.00      1
1      1094 14.0       7.76e+09     76.75     74.30   3027.29   2712.97      0.00      1
1      1095 14.0       7.94e+10     77.43    118.01     22.49    305.38      0.00      1
1      1096 14.0       5.62e+09     77.71     94.64   2246.56  -8945.48      0.00      1
1      1097 14.0       7.41e+09     68.10    359.00   3184.27  -1468.13      0.00      1
1      1098 14.0       1.12e+10     65.85    327.59   5609.96   2540.14      0.00      1
1      1099 14.0       8.32e+09     81.66    178.89   -136.27  -4577.44      0.00      1
