1      6500 14.0       5.25e+08     74.39      7.75   4797.66   2484.16      0.00      1
1      6501 14.0       3.80e+08     68.08     62.02  -2775.71  -2147.25      0.00      0
1      6502 14.0       5.25e+08     71.73    142.56   4980.88  -2561.22      0.00      1
1      6503 14.0       3.47e+08     66.84    191.22  -2888.48   2901.59      0.00      0
1      6504 14.0       3.72e+08     75.42    123.63   4585.69   4093.82      0.00      1
1      6505 14.0       1.32e+08     70.93    309.76   2808.39   4095.24      0.00      0
1      6506 14.0       3.39e+08     77.73    116.75   -340.36  -5351.26      0.00      1
1      6507 14.0       3.89e+08     74.57     96.71   -514.02  -7152.12      0.00      1
1      6508 14.0       2.04e+08     66.27    316.29   2198.45  -6464.61      0.00      0
1      6509 14.0       1.35e+08     83.44    321.94    272.71  -2484.82      0.00      0
1      6510 14.0       6.76e+08     71.62    219.13  -3471.83  -8357.80      0.00      1
1      6511 14.0       3.72e+08     83.97     70.76  -4129.20   1820.18      0.00      0
1      6512 14.0       6.61e+08     74.16    334.97   6023.53  -4543.64      0.00      1
1      6513 14.0       1.15e+08     74.06    239.38   6034.12  -8666.61      0.00      0
1      6514 14.0       2.04e+08     76.53     55.93   3699.93  -9339.69      0.00      0
1      6515 14.0       7.76e+08     69.16      9.27  -3696.67   3785.57      0.00      1
1      6516 14.0       2.40e+08     82.86    288.14   -182.84  -5554.99      0.00      0
1      6517 14.0       1.38e+08     82.45     32.83  -1428.02  -6368.06      0.00      0
1      6518 14.0       5.89e+08     72.49     91.02  -2433.10  -9475.70      0.00      1
1      6519 14.0       3.16e+08     72.96    308.16   4605.41  -6335.02      0.00      1
1      6520 14.0       1.02e+08     72.40    136.87   3027.94  -2520.69      0.00      0
1      6521 14.0       5.01e+08     80.04    183.66   1691.29   4673.83      0.00      1
1      6522 14.0       5.89e+08     82.32    167.76   -305.07  -1766.40      0.00      1
1      6523 14.0       1.15e+08     66.75    187.13  -2298.83  -9170.44      0.00      0
1      6524 14.0       8.32e+08     74.15    161.95  -1281.49  -3217.86      0.00      1
1      6525 14.0       4.90e+08     72.01    261.54   5985.95  -8970.37      0.00      0
1      6526 14.0       6.46e+08     81.26    345.92  -1018.40  -5879.37      0.00      1
1      6527 14.0       2.29e+08     85.11     37.90   3957.42  -6166.73      0.00      0
1      6528 14.0       2.82e+08     72.54    120.58  -2463.75 -10365.24      0.00      1
1      6529 14.0       5.75e+08     70.96    106.68  -1826.38   -231.74      0.00      1
1      6530 14.0       5.01e+08     75.47    111.89    327.66  -3425.93      0.00      1
1      6531 14.0       3.47e+08     71.36    167.26   3781.73  -6434.12      0.00      1
1      6532 14.0       3.16e+08     65.45    303.62  -3187.15  -5767.69      0.00      0
1      6533 14.0       1.38e+08     69.33      9.45   5124.54  -8034.00      0.00      0
1      6534 14.0       4.17e+08     79.86    135.93  -2324.89   4752.11      0.00      1
1      6535 14.0       7.94e+08     80.65    190.88    638.88   3540.99      0.00      1
1      6536 14.0       5.25e+08     75.97    261.99   -697.59   -533.32      0.00      1
1      6537 14.0       1.23e+08     68.80    179.03  -2202.43  -6943.25      0.00      0
1      6538 14.0       1.02e+08     78.54     24.04  -3390.22  -8441.45      0.00      0
1      6539 14.0       2.63e+08     69.45    238.03   2296.76  -9204.37      0.00      0
1      6540 14.0       1.41e+08     73.00    261.07    373.21   1820.01      0.00      0
1      6541 14.0       6.76e+08     72.18    264.52  -2148.43    112.34      0.00      1
1      6542 14.0       4.47e+08     73.22     24.01   3008.71  -4746.60      0.00      1
1      6543 14.0       9.55e+08     65.65    188.45   5967.79   3647.23      0.00      0
1      6544 14.0       1.02e+08     80.94    247.55  -3419.56  -7963.16      0.00      0
1      6545 14.0       1.86e+08     75.93     38.09   6062.26  -3819.99      0.00      0
1      6546 14.0       1.48e+08     79.26     55.39   1547.05   1043.24      0.00      0
1      6547 14.0       4.07e+08     87.59     83.90   2003.02    366.56      0.00      0
1      6548 14.0       1.66e+08     68.58    170.21  -3000.05    932.87      0.00      0
1      6549 14.0       1.05e+08     84.29    275.21   3527.82  -8934.85      0.00      0
1      6550 14.0       2.45e+08     82.91    203.74   -833.02   2565.78      0.00      0
1      6551 14.0       8.91e+08     73.97    321.73   3879.40  -3133.45      0.00      1
1      6552 14.0       5.01e+08     80.32    232.27  -1300.21   3969.86      0.00      1
1      6553 14.0       1.62e+08     73.99    191.08   3643.14  -9193.88      0.00      0
1      6554 14.0       8.32e+08     71.55    253.91   4008.87  -9548.05      0.00      1
1      6555 14.0       2.51e+08     84.98    226.76   1930.24   3095.94      0.00      0
1      6556 14.0       3.89e+08     72.74     90.38   -458.71   1159.45      0.00      1
1      6557 14.0       2.45e+08     71.02    206.55   3536.03  -9245.24      0.00      0
1      6558 14.0       2.04e+08     69.94     14.67  -1633.25   3349.00      0.00      0
1      6559 14.0       1.00e+08     76.29     39.00   4690.73   3278.34      0.00      0
1      6560 14.0       8.51e+08     86.81    125.92  -3951.56  -3983.65      0.00      0
1      6561 14.0       5.62e+08     76.10    295.40   6276.84  -2215.13      0.00      1
1      6562 14.0       1.32e+08     72.94    161.91   -301.98   2365.69      0.00      0
1      6563 14.0       2.82e+08     79.90     62.22   -880.57  -7034.01      0.00      1
1      6564 14.0       1.62e+08     78.68    271.95   4886.60   4849.36      0.00      0
1      6565 14.0       8.91e+08     68.65    195.60   3687.26  -1004.44      0.00      0
1      6566 14.0       4.27e+08     83.68     54.90   6013.77    875.44      0.00      0
1      6567 14.0       4.17e+08     65.14     64.74  -3517.74   1950.44      0.00      0
1      6568 14.0       5.13e+08     75.39    134.54   2698.17 -10880.08      0.00      1
1      6569 14.0       2.40e+08     75.32     71.82     84.79 -10687.15      0.00      1
1      6570 14.0       7.08e+08     70.09     59.04  -2871.51  -8762.64      0.00      0
1      6571 14.0       3.89e+08     75.36     34.04   1555.58  -7043.93      0.00      1
1      6572 14.0       3.31e+08     83.84     83.64  -3513.99   -359.59      0.00      0
1      6573 14.0       2.14e+08     80.74     44.06   2862.01  -5245.25      0.00      0
1      6574 14.0       8.91e+08     72.48     95.59   2280.37  -7491.42      0.00      1
1      6575 14.0       5.01e+08     71.95     35.17   4052.07  -7870.24      0.00      1
1      6576 14.0       1.70e+08     84.24    222.39   4179.44  -1531.74      0.00      0
1      6577 14.0       2.95e+08     70.90    213.25  -2605.14   2486.96      0.00      0
1      6578 14.0       2.82e+08     70.79    234.60   3232.71  -9954.07      0.00      1
1      6579 14.0       4.17e+08     83.16     71.94   6360.17   3428.87      0.00      0
1      6580 14.0       3.63e+08     83.46    319.44   1689.63  -9800.07      0.00      0
1      6581 14.0       3.72e+08     77.16    314.71  -3631.89  -7825.46      0.00      1
1      6582 14.0       1.41e+08     87.72     19.87   3350.83  -6774.36      0.00      0
1      6583 14.0       9.12e+08     79.80    346.75   4785.40   3609.40      0.00      1
1      6584 14.0       3.24e+08     87.63    196.23   2999.19  -7025.88      0.00      0
1      6585 14.0       9.12e+08     87.25    221.43  -4297.75  -7747.69      0.00      0
1      6586 14.0       2.24e+08     67.72      5.14   5824.95   3849.45      0.00      0
1      6587 14.0       5.75e+08     87.69     84.33   4153.91  -8221.56      0.00      0
1      6588 14.0       2.88e+08     87.06    233.52   1665.93  -5578.08      0.00      0
1      6589 14.0       2.09e+08     85.34    176.21    579.59   2968.87      0.00      0
1      6590 14.0       2.45e+08     78.20    158.18  -3870.62   -527.57      0.00      1
1      6591 14.0       5.75e+08     76.03    255.52   1251.18 -10633.79      0.00      1
1      6592 14.0       2.04e+08     81.49     71.20  -2545.23    951.18      0.00      0
1      6593 14.0       4.47e+08     85.95     85.16   4842.62  -8846.24      0.00      0
1      6594 14.0       5.75e+08     66.13     12.78   3647.96   2727.83      0.00      0
1      6595 14.0       1.91e+08     76.19    243.09  -4003.81  -4776.96      0.00      0
1      6596 14.0       7.08e+08     78.61     65.73   6256.86  -9803.98      0.00      1
1      6597 14.0       5.89e+08     82.75    259.51    461.91  -3942.48      0.00      1
1      6598 14.0       6.46e+08     68.73    232.10   3892.29    902.09      0.00      1
1      6599 14.0       5.13e+08     76.11    218.63  -2042.75  -6391.32      0.00      1
