1    101300 5626.0     2.95e+10     68.30    199.80   3530.82  -3879.78      0.00      0
1    101301 5626.0     4.79e+09     83.47     41.11   4241.61  -5066.45      0.00      1
1    101302 5626.0     3.31e+10     86.76    265.64   4228.00   -606.77      0.00      1
1    101303 5626.0     7.41e+10     79.45    173.18   2856.66  -3304.08      0.00      1
1    101304 5626.0     6.61e+09     83.02    153.57     39.33  -3072.48      0.00      1
1    101305 5626.0     8.32e+09     73.82    245.23  -2626.03 -11267.72      0.00      1
1    101306 5626.0     9.12e+10     76.83    130.49   2182.62 -10277.78      0.00      0
1    101307 5626.0     2.04e+09     83.92     99.10   5847.08   2150.65      0.00      1
1    101308 5626.0     2.14e+09     79.71    139.96    813.90 -10895.96      0.00      1
1    101309 5626.0     4.47e+09     82.47    326.78  -3898.66 -10633.92      0.00      1
1    101310 5626.0     5.13e+09     77.40    273.70  -1739.21 -10130.51      0.00      1
1    101311 5626.0     8.51e+10     65.80    313.04   1542.99  -2679.23      0.00      1
1    101312 5626.0     5.75e+09     82.22     52.22  -3681.46  -8059.70      0.00      1
1    101313 5626.0     1.15e+09     76.88    113.78  -3222.53   3106.63      0.00      1
1    101314 5626.0     1.20e+10     66.32    253.71  -3943.34 -11130.90      0.00      0
1    101315 5626.0     1.86e+10     80.84     44.35   2705.78  -7236.54      0.00      1
1    101316 5626.0     3.89e+10     73.51    114.73  -2745.50  -8084.69      0.00      0
1    101317 5626.0     2.09e+10     82.63     90.31  -1295.07  -5046.41      0.00      1
1    101318 5626.0     1.66e+09     76.60    127.09  -3210.35  -6415.47      0.00      1
1    101319 5626.0     2.29e+09     66.92    312.40  -2829.91  -1612.61      0.00      1
1    101320 5626.0     1.32e+10     74.83    333.70  -2774.40   3481.31      0.00      1
1    101321 5626.0     1.05e+10     66.88    248.17     19.11 -10337.42      0.00      1
1    101322 5626.0     3.63e+09     78.34    227.18    156.10  -1644.81      0.00      1
1    101323 5626.0     1.23e+09     79.31    332.88     54.42  -7517.15      0.00      1
1    101324 5626.0     1.51e+10     78.77    202.30   1237.61   4441.55      0.00      1
1    101325 5626.0     3.02e+10     82.94    140.20   5926.34  -9837.46      0.00      1
1    101326 5626.0     1.62e+10     78.98     46.93   -699.78   1989.49      0.00      1
1    101327 5626.0     2.88e+10     69.05    130.99   5932.09  -1732.28      0.00      1
1    101328 5626.0     1.17e+10     68.55     81.29  -2740.26  -6780.28      0.00      1
1    101329 5626.0     1.00e+10     87.78     49.98   6296.84  -1971.94      0.00      1
1    101330 5626.0     5.89e+10     77.82      5.37    584.40 -10989.02      0.00      1
1    101331 5626.0     1.78e+09     87.90    252.65    753.29  -6976.02      0.00      0
1    101332 5626.0     3.24e+09     73.33    126.19   5114.33  -9269.01      0.00      1
1    101333 5626.0     6.31e+10     72.54    326.64  -3624.42   2717.46      0.00      1
1    101334 5626.0     3.80e+09     72.10    319.09   -488.99  -4070.71      0.00      1
1    101335 5626.0     3.63e+09     76.27    241.40     78.79     58.72      0.00      1
1    101336 5626.0     7.24e+10     80.36    110.81  -2529.66  -4226.88      0.00      1
1    101337 5626.0     1.48e+09     66.37     65.00    685.21  -9933.50      0.00      0
1    101338 5626.0     4.57e+10     67.52     18.49    492.32   4117.11      0.00      1
1    101339 5626.0     1.00e+10     87.36      5.81   4727.79  -6601.23      0.00      1
1    101340 5626.0     4.07e+09     78.62    129.50   3345.75  -6695.10      0.00      1
1    101341 5626.0     1.95e+09     69.43    260.78  -2143.73   4405.86      0.00      1
1    101342 5626.0     6.61e+10     74.30    324.38   2040.10   2142.56      0.00      1
1    101343 5626.0     3.98e+09     72.47     25.10   -838.33  -2057.31      0.00      1
1    101344 5626.0     1.17e+09     70.81    100.18  -3281.05 -10982.07      0.00      1
1    101345 5626.0     8.32e+09     75.57     66.38   1027.02  -4651.82      0.00      1
1    101346 5626.0     2.63e+10     74.06    247.90   -975.03  -1255.28      0.00      1
1    101347 5626.0     2.00e+09     71.86    292.10   4011.97  -9077.71      0.00      1
1    101348 5626.0     2.04e+09     69.63    138.82   3938.10   2883.46      0.00      1
1    101349 5626.0     1.41e+10     67.14    145.80   4129.80 -10456.27      0.00      0
1    101350 5626.0     9.12e+10     78.18    194.28  -3751.78   -894.43      0.00      1
1    101351 5626.0     6.92e+10     69.81    130.62  -4062.04  -7185.61      0.00      1
1    101352 5626.0     7.76e+09     84.01    224.87   -491.00   3590.03      0.00      1
1    101353 5626.0     1.82e+09     65.18    227.48   -145.11 -10469.56      0.00      0
1    101354 5626.0     1.02e+10     73.55    253.76   -547.93   2773.07      0.00      1
1    101355 5626.0     2.34e+09     68.60    192.46   1557.76  -8111.25      0.00      1
1    101356 5626.0     3.31e+10     82.47     45.08   -884.61  -2575.50      0.00      1
1    101357 5626.0     1.70e+09     66.10    234.16   5505.41  -5118.34      0.00      1
1    101358 5626.0     1.26e+10     84.38    293.11   -595.11  -8485.36      0.00      1
1    101359 5626.0     1.10e+09     73.62    177.26    393.98  -9555.98      0.00      1
1    101360 5626.0     5.50e+10     68.03     87.24   5453.27   3061.95      0.00      0
1    101361 5626.0     1.62e+09     77.10    254.42   4774.50  -5130.24      0.00      1
1    101362 5626.0     3.47e+09     74.13    175.26  -3208.47  -3343.50      0.00      1
1    101363 5626.0     2.88e+09     69.83     91.14   3699.20    -81.21      0.00      1
1    101364 5626.0     2.34e+09     76.10    280.14  -2791.86   3229.59      0.00      1
1    101365 5626.0     4.90e+10     74.09    200.26   4097.33  -6698.45      0.00      1
1    101366 5626.0     1.15e+10     85.37    158.59   4500.72  -6563.95      0.00      1
1    101367 5626.0     1.66e+10     75.89    195.29    278.19 -11036.51      0.00      1
1    101368 5626.0     4.27e+10     71.59    147.22   -674.58  -2763.66      0.00      1
1    101369 5626.0     3.63e+09     73.18    235.23   4200.91   4734.36      0.00      1
1    101370 5626.0     4.90e+09     76.51     66.91   6149.89   1480.84      0.00      1
1    101371 5626.0     3.63e+10     66.44    219.45   3160.26  -7657.83      0.00      1
1    101372 5626.0     2.63e+10     77.61     60.52   6310.31  -7099.35      0.00      1
1    101373 5626.0     4.68e+09     67.12    253.71    839.16  -4065.87      0.00      1
1    101374 5626.0     1.26e+10     72.58    163.11   -766.91   4563.39      0.00      1
1    101375 5626.0     2.00e+09     84.64     30.62   1221.72   3721.31      0.00      1
1    101376 5626.0     4.90e+09     85.74    317.34   -108.33    875.20      0.00      1
1    101377 5626.0     1.17e+10     70.26    282.67   -833.00  -5348.38      0.00      1
1    101378 5626.0     1.66e+09     77.14    163.22    435.47  -4858.17      0.00      1
1    101379 5626.0     1.05e+10     65.21    328.83    485.54    901.17      0.00      1
1    101380 5626.0     9.33e+09     71.69     18.33   3261.55  -9694.64      0.00      1
1    101381 5626.0     1.20e+09     66.75    323.92  -2306.87  -1815.87      0.00      1
1    101382 5626.0     1.05e+09     87.90    208.84   4150.72  -7218.84      0.00      0
1    101383 5626.0     3.89e+09     69.09    126.77  -3217.91  -7370.16      0.00      1
1    101384 5626.0     9.12e+09     82.40    106.87  -2394.37  -4293.52      0.00      1
1    101385 5626.0     4.57e+10     77.03     63.53   5971.80  -5207.33      0.00      1
1    101386 5626.0     6.92e+09     81.89      0.92   6193.76  -3403.98      0.00      1
1    101387 5626.0     4.17e+10     80.35    328.21  -3878.72   2252.11      0.00      1
1    101388 5626.0     6.03e+10     73.08    190.94   1804.28   1457.31      0.00      1
1    101389 5626.0     2.69e+09     69.89     72.88  -3025.72  -1747.50      0.00      1
1    101390 5626.0     1.12e+10     72.17    242.56   5514.13  -1074.04      0.00      1
1    101391 5626.0     6.76e+10     70.25     17.70   4813.36  -3888.55      0.00      1
1    101392 5626.0     5.25e+10     81.14    100.16   3938.26  -7947.96      0.00      1
1    101393 5626.0     4.37e+10     70.44    199.33  -2372.86  -5776.26      0.00      1
1    101394 5626.0     2.75e+09     75.87     88.28   5488.52  -3097.05      0.00      1
1    101395 5626.0     2.82e+10     77.08     63.36   3839.75  -6999.66      0.00      1
1    101396 5626.0     9.77e+10     68.68    150.88   -863.38  -3216.29      0.00      1
1    101397 5626.0     9.77e+09     82.19     32.82   3057.42  -3527.78      0.00      1
1    101398 5626.0     1.35e+09     87.40    208.13  -1184.19   1168.22      0.00      0
1    101399 5626.0     1.82e+09     87.04    129.69   4033.01  -8126.19      0.00      0
