1    103100 5626.0     1.10e+09     75.78    222.91   5901.38   5043.55      0.00      1
1    103101 5626.0     1.20e+10     80.57     34.46  -2918.67  -7459.67      0.00      1
1    103102 5626.0     1.23e+09     70.42    280.50   2845.56   3288.10      0.00      1
1    103103 5626.0     4.90e+09     87.07    145.16   4619.38   2292.99      0.00      1
1    103104 5626.0     7.76e+10     76.27    195.70   1222.57   2774.69      0.00      1
1    103105 5626.0     5.01e+09     77.27    238.10   1761.78  -6920.51      0.00      1
1    103106 5626.0     6.46e+09     67.16     65.96   -500.74  -1426.67      0.00      1
1    103107 5626.0     6.17e+10     77.23    278.59   4622.07   2519.60      0.00      1
1    103108 5626.0     3.89e+09     68.69    188.44   -502.50   4729.21      0.00      1
1    103109 5626.0     1.10e+09     87.09    320.65  -2320.18  -6363.32      0.00      0
1    103110 5626.0     3.80e+10     74.47    359.07  -1527.86   1630.99      0.00      1
1    103111 5626.0     1.45e+10     71.14    254.27  -2899.49  -1053.02      0.00      1
1    103112 5626.0     4.37e+10     70.29     32.08   2905.00   1847.91      0.00      1
1    103113 5626.0     4.79e+10     84.63    128.77   1681.68   -879.00      0.00      1
1    103114 5626.0     1.02e+09     69.29    172.79   2306.04  -3802.00      0.00      1
1    103115 5626.0     2.14e+10     83.43    271.76    891.02  -2362.99      0.00      1
1    103116 5626.0     5.25e+09     75.34    278.13   3743.67  -9495.18      0.00      1
1    103117 5626.0     2.75e+10     80.61    126.17  -2506.40   4277.00      0.00      1
1    103118 5626.0     3.16e+10     84.62    221.37  -2940.65  -7249.08      0.00      1
1    103119 5626.0     4.37e+09     68.55    356.78   5528.50  -4016.86      0.00      1
1    103120 5626.0     1.12e+09     80.42    118.25   3346.38  -1263.95      0.00      1
1    103121 5626.0     1.32e+10     86.37      0.91  -1510.00   1140.38      0.00      1
1    103122 5626.0     1.07e+09     65.80    324.45   2401.20  -2674.00      0.00      1
1    103123 5626.0     8.32e+09     71.59     69.85  -2499.04   2261.39      0.00      1
1    103124 5626.0     9.33e+09     87.55     57.05   5286.32 -10153.58      0.00      1
1    103125 5626.0     9.12e+09     65.36    238.75   1392.36  -1029.37      0.00      1
1    103126 5626.0     5.25e+09     69.36    256.59   4508.53  -2367.13      0.00      1
1    103127 5626.0     2.45e+09     81.19    201.51  -2966.82 -10469.80      0.00      1
1    103128 5626.0     1.02e+09     75.07     80.35  -1153.20  -7039.71      0.00      1
1    103129 5626.0     1.51e+10     83.92    110.95   -466.62  -6969.40      0.00      1
1    103130 5626.0     7.76e+09     83.34    270.19   4341.82   3299.27      0.00      1
1    103131 5626.0     2.45e+09     69.72    164.88   5558.34   4672.72      0.00      0
1    103132 5626.0     5.62e+09     79.94    290.90   6257.00   1779.89      0.00      1
1    103133 5626.0     3.89e+10     73.30     51.08   -704.49    184.25      0.00      1
1    103134 5626.0     5.01e+09     84.79    156.17   1256.61  -6921.12      0.00      1
1    103135 5626.0     5.75e+10     87.50     22.27    536.22    754.01      0.00      1
1    103136 5626.0     1.38e+10     79.42     57.97   1903.95  -8474.98      0.00      1
1    103137 5626.0     8.51e+10     76.39    326.65  -2281.78  -8972.82      0.00      1
1    103138 5626.0     3.09e+10     73.01      1.38  -3007.30  -8437.95      0.00      1
1    103139 5626.0     3.09e+10     79.35    202.56   5050.04 -10786.68      0.00      1
1    103140 5626.0     3.24e+10     77.85    211.40   4304.50   -755.09      0.00      1
1    103141 5626.0     1.07e+09     74.07    322.64   1597.94  -9884.13      0.00      1
1    103142 5626.0     3.63e+10     76.22    248.89   4165.53   3371.18      0.00      1
1    103143 5626.0     7.08e+09     70.98     71.62  -1837.16 -11057.83      0.00      0
1    103144 5626.0     4.47e+09     86.71    286.01   3940.02  -7709.45      0.00      1
1    103145 5626.0     4.79e+09     68.36    276.93   -627.92  -6035.68      0.00      1
1    103146 5626.0     2.34e+09     85.27     41.90   3260.86  -5413.32      0.00      1
1    103147 5626.0     5.13e+09     68.53     83.00  -2632.75   5002.61      0.00      1
1    103148 5626.0     2.14e+10     83.49    330.26   2316.23   3994.90      0.00      1
1    103149 5626.0     7.59e+10     87.60    266.06   1624.38   -745.39      0.00      1
1    103150 5626.0     9.77e+09     80.33    169.93   4401.39  -5360.35      0.00      1
1    103151 5626.0     5.37e+10     74.84     72.72   5971.72   4838.03      0.00      1
1    103152 5626.0     2.09e+10     85.44    346.02  -1144.35 -11153.77      0.00      1
1    103153 5626.0     1.12e+10     65.46    266.38   1227.69  -9415.86      0.00      0
1    103154 5626.0     3.89e+10     85.63    336.49  -1165.60  -8061.33      0.00      1
1    103155 5626.0     1.91e+09     85.35    210.40   3208.26  -5558.69      0.00      1
1    103156 5626.0     7.76e+10     82.18     30.13   2159.27    -94.77      0.00      1
1    103157 5626.0     1.00e+10     84.94    346.70   4208.61   3994.73      0.00      1
1    103158 5626.0     1.20e+09     74.26    225.84   3455.79  -6783.38      0.00      1
1    103159 5626.0     1.51e+10     78.55    171.50   2440.54   3191.85      0.00      1
1    103160 5626.0     2.09e+09     65.17    216.84  -3461.60  -5849.92      0.00      0
1    103161 5626.0     3.80e+09     73.27     27.08  -3203.39  -8336.51      0.00      1
1    103162 5626.0     1.20e+09     70.77    182.87   5416.55  -7476.01      0.00      1
1    103163 5626.0     7.41e+09     78.72    242.74  -2853.68   3349.30      0.00      1
1    103164 5626.0     2.82e+10     82.64     53.60   1528.86   1505.53      0.00      1
1    103165 5626.0     2.04e+09     71.82    180.67  -2482.26  -1654.94      0.00      1
1    103166 5626.0     1.78e+09     84.87    103.38   3669.49  -1366.73      0.00      1
1    103167 5626.0     2.69e+10     71.91    288.61   3884.89  -5218.80      0.00      1
1    103168 5626.0     8.71e+09     67.89    153.76   5537.33   -235.99      0.00      0
1    103169 5626.0     1.55e+10     69.49     64.06  -1019.71    -35.31      0.00      1
1    103170 5626.0     3.47e+09     71.65     69.00  -4358.88  -7772.55      0.00      1
1    103171 5626.0     4.68e+10     76.29    328.70   6250.90  -4258.85      0.00      1
1    103172 5626.0     7.94e+10     86.23    282.05   2006.52  -4830.33      0.00      1
1    103173 5626.0     8.13e+09     87.82    133.71   5984.63  -3622.01      0.00      1
1    103174 5626.0     6.92e+10     75.35    193.13   6436.45  -4697.87      0.00      1
1    103175 5626.0     8.13e+10     66.23    314.72   4275.15  -6548.41      0.00      1
1    103176 5626.0     2.63e+09     72.54     22.00   2677.78   4492.38      0.00      1
1    103177 5626.0     1.62e+10     77.64     19.63   4484.75  -8790.57      0.00      1
1    103178 5626.0     6.46e+09     66.39    240.74   2126.83  -4837.82      0.00      1
1    103179 5626.0     1.62e+09     76.40    307.82   2807.36  -1794.37      0.00      1
1    103180 5626.0     3.39e+10     85.88    266.12   4377.01  -6332.53      0.00      1
1    103181 5626.0     1.86e+09     71.62    238.23   -230.34 -10134.10      0.00      1
1    103182 5626.0     3.02e+09     86.77     84.47   3976.85   3089.32      0.00      1
1    103183 5626.0     1.70e+10     76.86    338.96  -4136.53  -3670.95      0.00      1
1    103184 5626.0     3.31e+10     69.10    180.16   2234.74   5101.45      0.00      1
1    103185 5626.0     1.23e+09     84.56    181.76  -1757.82   4988.25      0.00      1
1    103186 5626.0     1.07e+09     79.07    328.76    452.81  -9110.68      0.00      1
1    103187 5626.0     7.59e+09     68.05    194.07    732.74   2249.63      0.00      1
1    103188 5626.0     1.95e+10     72.65    285.35    838.78  -8524.81      0.00      1
1    103189 5626.0     9.55e+10     76.15    281.59   6230.58   5010.06      0.00      1
1    103190 5626.0     1.41e+10     80.88    215.73    650.01   2122.82      0.00      1
1    103191 5626.0     3.98e+09     78.13    274.66  -1503.10   4161.81      0.00      1
1    103192 5626.0     2.51e+10     84.99     90.87   5377.04  -6036.21      0.00      1
1    103193 5626.0     6.61e+10     76.47    270.28  -3288.27  -3055.20      0.00      1
1    103194 5626.0     1.58e+09     83.02    328.56   1219.73  -3866.93      0.00      1
1    103195 5626.0     9.77e+09     81.50    201.46   -823.44   -492.76      0.00      1
1    103196 5626.0     3.02e+09     75.39    191.34   1019.48  -2949.40      0.00      1
1    103197 5626.0     9.55e+10     71.30    292.41   -378.19   4228.31      0.00      1
1    103198 5626.0     4.79e+09     84.59     93.65    889.64  -7601.61      0.00      1
1    103199 5626.0     1.35e+09     70.97    298.57   -147.34     15.84      0.00      1
