1      2500 14.0       6.46e+09     69.71     86.05   4412.84   1860.13      0.00      1
1      2501 14.0       6.46e+09     69.24    179.48   4875.21  -4017.82      0.00      0
1      2502 14.0       1.66e+10     70.90    159.33   5601.70 -11188.01      0.00      0
1      2503 14.0       3.31e+09     83.83     50.64    968.99    368.97      0.00      1
1      2504 14.0       3.39e+10     86.41    222.01   2354.21   2898.00      0.00      1
1      2505 14.0       1.35e+09     83.97    245.13  -2471.42   -316.11      0.00      1
1      2506 14.0       2.57e+09     72.75    334.63   3426.70   -207.40      0.00      1
1      2507 14.0       5.25e+10     83.24    206.01   1951.97  -3022.47      0.00      1
1      2508 14.0       2.82e+09     74.61    342.18   3455.75  -6658.84      0.00      1
1      2509 14.0       7.08e+10     78.66    238.95   4526.29    132.03      0.00      1
1      2510 14.0       6.03e+10     76.80    227.86  -2703.60   2920.96      0.00      1
1      2511 14.0       5.13e+09     87.18    327.74  -3881.16  -4069.91      0.00      1
1      2512 14.0       2.51e+10     79.51    348.16  -2586.72   4475.93      0.00      1
1      2513 14.0       3.02e+09     83.55    182.97    930.60 -11288.30      0.00      1
1      2514 14.0       2.95e+10     67.48     37.45  -4145.81   2506.11      0.00      0
1      2515 14.0       3.39e+09     82.67     19.56  -2397.86   4054.04      0.00      1
1      2516 14.0       3.89e+09     81.89     96.88   5937.07  -3633.01      0.00      1
1      2517 14.0       1.41e+09     72.34    201.72   1194.43  -7257.82      0.00      1
1      2518 14.0       1.62e+10     83.06    118.42    491.63  -2714.48      0.00      1
1      2519 14.0       1.12e+10     77.43    263.26   6417.20     -6.20      0.00      1
1      2520 14.0       2.95e+10     70.99     36.46   4954.66   -284.80      0.00      0
1      2521 14.0       1.38e+10     86.88     22.33   4165.29   4620.31      0.00      1
1      2522 14.0       7.24e+09     79.12     48.63   4856.73   4354.75      0.00      1
1      2523 14.0       2.69e+09     76.15    303.89    886.47    288.38      0.00      1
1      2524 14.0       2.57e+09     72.68    135.61   3262.40   1978.78      0.00      1
1      2525 14.0       1.05e+09     76.22    268.14  -4050.04  -6677.28      0.00      1
1      2526 14.0       1.58e+09     73.55    276.80  -2057.86   4829.42      0.00      1
1      2527 14.0       9.12e+09     80.17    265.86   5628.08 -11006.47      0.00      1
1      2528 14.0       1.58e+10     70.84     62.46   2998.68 -10427.23      0.00      0
1      2529 14.0       8.71e+09     73.25    177.28   6150.65   1508.20      0.00      1
1      2530 14.0       1.35e+09     82.56    100.48  -4256.41  -7293.58      0.00      1
1      2531 14.0       2.51e+10     72.67    164.96  -4153.84  -4195.48      0.00      1
1      2532 14.0       7.59e+09     79.20     24.12   1757.79    333.55      0.00      1
1      2533 14.0       4.68e+10     74.52    136.72   6177.08  -4859.21      0.00      1
1      2534 14.0       2.88e+09     77.20     54.99    227.71  -9888.50      0.00      1
1      2535 14.0       2.75e+10     86.63     95.99   2497.91  -1293.01      0.00      1
1      2536 14.0       2.04e+09     65.11     26.87  -1548.77    616.92      0.00      1
1      2537 14.0       7.94e+09     68.69    281.23   -720.81  -1117.70      0.00      1
1      2538 14.0       3.72e+09     78.85    277.54  -2405.36  -7230.24      0.00      1
1      2539 14.0       5.89e+09     72.29    321.10   2309.52    255.45      0.00      1
1      2540 14.0       3.72e+09     79.39    254.67   3263.26  -5205.28      0.00      1
1      2541 14.0       1.82e+09     87.16     32.67  -2166.72  -1428.98      0.00      0
1      2542 14.0       2.04e+10     87.06    231.26   4483.23  -8582.14      0.00      1
1      2543 14.0       8.13e+09     68.98    153.51   2033.14  -9325.05      0.00      0
1      2544 14.0       3.09e+09     70.68     99.72  -3247.34  -3304.84      0.00      1
1      2545 14.0       3.55e+10     71.12    110.67   2358.90  -1312.63      0.00      1
1      2546 14.0       4.07e+09     85.38    357.43   3509.44  -8175.32      0.00      1
1      2547 14.0       1.95e+10     70.05    187.50  -3648.29   -787.61      0.00      1
1      2548 14.0       3.80e+10     67.99    167.05   3302.54  -8462.32      0.00      1
1      2549 14.0       8.51e+09     77.51    278.86  -3462.21   1746.87      0.00      1
1      2550 14.0       1.12e+10     69.93    158.22   -248.79  -9107.68      0.00      0
1      2551 14.0       4.57e+09     85.37    331.53   -343.50   4448.34      0.00      1
1      2552 14.0       8.71e+09     79.09    234.67   1032.97 -10375.51      0.00      1
1      2553 14.0       7.94e+09     70.35     38.68    698.70   3690.14      0.00      1
1      2554 14.0       9.77e+10     67.11     72.13   5906.00   3311.55      0.00      1
1      2555 14.0       2.88e+09     71.98    259.56   1253.12   2976.37      0.00      1
1      2556 14.0       5.01e+10     70.02     35.77   -563.41   1345.05      0.00      1
1      2557 14.0       3.72e+09     81.16      2.42   1142.64  -8688.99      0.00      1
1      2558 14.0       4.07e+09     74.23    320.25  -3602.18 -10890.54      0.00      1
1      2559 14.0       3.47e+10     71.30    247.84   6094.75   4980.91      0.00      0
1      2560 14.0       5.89e+09     75.36     11.44   -515.01    599.07      0.00      1
1      2561 14.0       9.77e+10     80.58     71.65   3310.31   4905.18      0.00      1
1      2562 14.0       9.33e+10     81.12    270.54   1463.45   4808.23      0.00      1
1      2563 14.0       7.59e+09     86.70    271.45    -31.88  -9272.40      0.00      1
1      2564 14.0       7.94e+10     80.85    196.47   5620.91   3279.73      0.00      1
1      2565 14.0       1.86e+09     67.75    211.27  -3848.68  -9536.86      0.00      0
1      2566 14.0       7.08e+09     79.91     30.24  -1425.86  -9517.83      0.00      1
1      2567 14.0       6.92e+10     82.42    340.92  -1004.44  -1772.32      0.00      1
1      2568 14.0       8.13e+09     85.26     55.11  -3765.96 -10029.26      0.00      1
1      2569 14.0       4.17e+10     74.09    232.57   2938.19  -4266.29      0.00      1
1      2570 14.0       2.29e+10     70.62    228.49   -442.05  -7446.15      0.00      1
1      2571 14.0       5.62e+10     86.36    172.25   3339.20  -4953.56      0.00      1
1      2572 14.0       2.19e+09     77.07     82.60   2624.94  -1753.58      0.00      1
1      2573 14.0       2.34e+10     71.48     47.24    104.25  -3259.59      0.00      1
1      2574 14.0       1.17e+09     65.34     20.23   3366.30   1347.33      0.00      1
1      2575 14.0       3.39e+09     70.73    160.40    419.70  -6951.98      0.00      1
1      2576 14.0       1.91e+09     71.78    208.49  -1620.33 -10643.43      0.00      1
1      2577 14.0       4.47e+10     83.66    215.32   5789.56  -8642.59      0.00      1
1      2578 14.0       6.92e+09     79.01    181.00   1787.33  -2896.09      0.00      1
1      2579 14.0       1.66e+09     67.81     96.69  -4164.28  -7633.99      0.00      1
1      2580 14.0       1.05e+09     76.77    150.74   1920.54 -11112.43      0.00      1
1      2581 14.0       1.86e+09     75.44     53.04   2673.95  -1112.78      0.00      1
1      2582 14.0       1.95e+09     67.37    263.57  -2642.17    980.09      0.00      1
1      2583 14.0       2.29e+10     72.54    255.99    520.84  -9392.57      0.00      1
1      2584 14.0       3.02e+10     86.99    300.87   4252.70    190.25      0.00      1
1      2585 14.0       5.89e+09     72.23    338.21    490.91   1690.70      0.00      1
1      2586 14.0       3.80e+09     86.54     56.72    810.09  -1154.09      0.00      1
1      2587 14.0       3.39e+09     81.24    267.38  -1293.38  -9336.54      0.00      1
1      2588 14.0       3.24e+09     71.55    213.89     45.58  -2815.19      0.00      1
1      2589 14.0       1.86e+10     81.77    313.48  -2326.88 -10505.97      0.00      1
1      2590 14.0       4.17e+09     87.46    265.83  -1903.76  -8180.34      0.00      1
1      2591 14.0       1.45e+09     69.90     64.87  -1275.21  -7942.04      0.00      1
1      2592 14.0       1.70e+10     67.34    328.93  -2796.66  -2604.27      0.00      1
1      2593 14.0       9.33e+10     69.16    120.94   5353.57  -8608.98      0.00      0
1      2594 14.0       7.08e+10     85.01    153.60   2133.92   3971.30      0.00      1
1      2595 14.0       1.70e+09     68.07    179.38  -1794.15  -3179.28      0.00      1
1      2596 14.0       1.38e+09     80.48    250.54     84.13 -10579.95      0.00      1
1      2597 14.0       2.88e+10     82.06    176.63   -889.94  -2416.72      0.00      1
1      2598 14.0       2.88e+09     70.98    190.65   5437.03  -2114.82      0.00      1
1      2599 14.0       4.79e+09     78.88    313.26  -1376.55   2135.18      0.00      1
