1      4100 14.0       1.62e+09     65.34    106.69  -3159.42  -2905.69      0.00      0
1      4101 14.0       1.74e+09     73.36    270.12   2846.91  -9348.62      0.00      1
1      4102 14.0       6.92e+09     67.80    305.89   4677.80  -5010.44      0.00      1
1      4103 14.0       2.51e+10     65.56    145.67  -3937.08   2148.94      0.00      0
1      4104 14.0       2.63e+10     79.52    284.91   4262.54  -8955.74      0.00      1
1      4105 14.0       2.29e+09     87.41    184.68   -752.95   2334.98      0.00      1
1      4106 14.0       3.63e+10     67.55    218.14  -1418.47  -7399.96      0.00      1
1      4107 14.0       8.71e+09     70.22    234.70  -1913.82   4540.09      0.00      1
1      4108 14.0       9.12e+10     76.92     31.38  -3680.99  -5674.66      0.00      1
1      4109 14.0       1.32e+09     69.14    335.53  -3446.47 -10295.52      0.00      1
1      4110 14.0       5.01e+09     84.42     99.35   4845.73   3704.83      0.00      1
1      4111 14.0       4.68e+09     70.21     42.91  -3346.03  -4911.10      0.00      0
1      4112 14.0       2.29e+10     65.51    358.95  -1122.66   1182.36      0.00      1
1      4113 14.0       9.55e+09     75.34    264.90   4982.44  -9544.28      0.00      1
1      4114 14.0       3.47e+09     70.81    267.68   1420.64  -3859.81      0.00      1
1      4115 14.0       6.92e+09     79.69    324.42   1226.22  -7847.53      0.00      1
1      4116 14.0       3.16e+09     72.33    345.23  -1217.82 -10164.53      0.00      1
1      4117 14.0       2.82e+09     81.17    134.78  -2516.16   1463.16      0.00      1
1      4118 14.0       1.48e+10     72.24     61.45  -1212.17    739.35      0.00      1
1      4119 14.0       4.57e+10     86.99    266.01   5946.41   1125.11      0.00      1
1      4120 14.0       9.55e+10     81.98     72.92  -3812.84   4523.60      0.00      1
1      4121 14.0       1.82e+09     68.50     89.23    238.36   2569.26      0.00      1
1      4122 14.0       1.70e+09     82.75    218.01   2126.78  -8617.60      0.00      1
1      4123 14.0       1.12e+09     82.57    206.55   4772.09     75.76      0.00      1
1      4124 14.0       8.91e+10     65.96    265.25   3938.70  -2187.82      0.00      1
1      4125 14.0       1.20e+09     87.26    185.17     95.71   1629.23      0.00      0
1      4126 14.0       3.98e+10     69.54    167.64   6044.98   2888.95      0.00      0
1      4127 14.0       8.71e+10     82.47    237.67  -2033.93  -4532.88      0.00      1
1      4128 14.0       3.47e+09     74.42     43.25   3446.82  -1724.10      0.00      1
1      4129 14.0       2.24e+09     67.48     22.56   -999.58  -3482.12      0.00      1
1      4130 14.0       1.35e+09     80.75    295.24    -13.18   3678.90      0.00      1
1      4131 14.0       1.78e+10     68.31    291.17  -3703.27  -6818.70      0.00      1
1      4132 14.0       2.40e+10     82.53     20.19   1394.59 -11250.76      0.00      1
1      4133 14.0       1.78e+10     77.15    251.01  -3854.04  -4468.06      0.00      1
1      4134 14.0       3.80e+10     82.68    127.51  -2205.78  -7039.97      0.00      1
1      4135 14.0       5.50e+10     72.10    164.34  -1275.23  -3027.53      0.00      1
1      4136 14.0       3.72e+09     73.92    179.16  -2650.07   2982.66      0.00      1
1      4137 14.0       9.55e+10     75.49    126.32   2902.62   1758.71      0.00      1
1      4138 14.0       5.50e+09     81.24    332.70    273.12  -9845.98      0.00      1
1      4139 14.0       4.27e+09     65.52    209.19  -1968.94   3988.70      0.00      0
1      4140 14.0       6.46e+09     72.87     60.79  -1694.77   2988.76      0.00      1
1      4141 14.0       8.13e+09     76.67     28.10   1159.89  -2778.18      0.00      1
1      4142 14.0       3.24e+09     69.00     23.07   4716.55   1353.12      0.00      1
1      4143 14.0       1.86e+09     74.22    126.72   6290.93   1173.32      0.00      1
1      4144 14.0       1.51e+09     65.41    329.46  -3577.35  -7913.42      0.00      0
1      4145 14.0       1.10e+10     68.42    160.03   1293.75  -6879.75      0.00      1
1      4146 14.0       1.12e+10     85.46    277.02  -4042.84  -2023.69      0.00      1
1      4147 14.0       1.58e+10     70.23     52.18  -3114.06  -6828.31      0.00      1
1      4148 14.0       3.47e+09     78.74    281.96  -2092.33  -8307.76      0.00      1
1      4149 14.0       7.94e+09     71.36    147.63   -296.22  -9187.08      0.00      1
1      4150 14.0       6.31e+10     71.95    313.73   3543.00   5164.69      0.00      0
1      4151 14.0       7.76e+10     69.98    208.65   1090.24  -8514.73      0.00      1
1      4152 14.0       6.76e+10     72.57     78.29   3514.29    643.76      0.00      1
1      4153 14.0       3.89e+10     71.83    236.36  -3862.05  -9489.40      0.00      0
1      4154 14.0       8.51e+09     74.16     17.86   3369.33  -9343.90      0.00      1
1      4155 14.0       7.94e+09     81.30    331.96   2371.52   1344.32      0.00      1
1      4156 14.0       3.39e+10     85.78    106.48   3834.99  -9574.06      0.00      1
1      4157 14.0       2.19e+09     73.07    196.76   -435.71  -1723.15      0.00      1
1      4158 14.0       3.55e+10     77.19    169.05   6078.05  -8163.96      0.00      1
1      4160 14.0       6.46e+09     76.59    134.57   -673.38   3059.88      0.00      1
1      4161 14.0       8.13e+09     78.32    129.35  -1791.55  -4469.57      0.00      1
1      4162 14.0       2.75e+10     73.69    204.82   2368.54   -993.02      0.00      1
1      4163 14.0       3.31e+09     76.27    357.60   1326.34   1975.81      0.00      1
1      4164 14.0       3.31e+09     69.54     54.95  -3393.56 -10403.95      0.00      1
1      4165 14.0       5.01e+10     74.05    153.07   4873.24  -1082.32      0.00      1
1      4166 14.0       1.35e+09     74.97    128.31   5439.40  -3952.92      0.00      1
1      4167 14.0       1.45e+09     65.36    233.87   4720.39   2549.51      0.00      0
1      4168 14.0       4.07e+10     79.89     91.55  -3761.59   1028.20      0.00      1
1      4169 14.0       4.68e+10     71.84     79.31   -901.97    544.68      0.00      1
1      4170 14.0       1.74e+10     86.14      7.21  -3640.73   2947.65      0.00      1
1      4171 14.0       7.08e+09     70.34     45.93  -1710.76 -10825.40      0.00      0
1      4172 14.0       1.23e+10     68.91    272.01  -1340.78  -4448.04      0.00      1
1      4173 14.0       2.51e+09     66.59     74.26   5483.53 -10309.56      0.00      0
1      4174 14.0       5.62e+10     80.26     26.92   3056.58   1215.08      0.00      1
1      4175 14.0       2.34e+09     66.99    218.33   4415.37   1556.08      0.00      1
1      4176 14.0       2.69e+10     67.51    185.64   4443.98   2740.16      0.00      1
1      4177 14.0       9.55e+09     75.29     36.04  -2109.65  -9706.58      0.00      0
1      4178 14.0       1.10e+09     83.37    194.08  -2120.13   4270.28      0.00      1
1      4179 14.0       5.62e+10     75.38    232.94   5881.18  -1320.49      0.00      1
1      4180 14.0       1.62e+10     79.35    125.49   4307.21    557.60      0.00      1
1      4181 14.0       1.95e+10     78.33     89.38    289.63   -208.40      0.00      1
1      4182 14.0       1.26e+09     82.77     51.35   2342.72  -8365.80      0.00      1
1      4183 14.0       8.32e+09     66.83    307.55   4194.32  -9525.49      0.00      0
1      4184 14.0       9.77e+09     67.59    172.64  -2115.43    205.08      0.00      1
1      4185 14.0       1.32e+09     87.01    226.81   2215.95  -4489.63      0.00      0
1      4186 14.0       6.76e+09     69.94    195.24   3060.42  -1675.96      0.00      1
1      4187 14.0       3.09e+10     83.72    305.08   1392.53    178.88      0.00      1
1      4188 14.0       6.61e+09     66.18    330.98   4297.67  -2046.39      0.00      1
1      4189 14.0       1.38e+09     83.40    333.15   2257.93   2581.19      0.00      1
1      4190 14.0       2.51e+09     85.00    213.60  -2352.47 -10737.67      0.00      1
1      4191 14.0       6.76e+09     67.98    254.01   2924.44 -11281.44      0.00      0
1      4192 14.0       1.02e+09     67.32    311.38   1138.09  -9015.23      0.00      0
1      4193 14.0       1.38e+10     70.63    226.11  -2129.67   -932.31      0.00      1
1      4194 14.0       6.92e+10     72.62    179.84  -2479.67  -9808.08      0.00      1
1      4195 14.0       7.41e+09     80.05     40.76   4855.93    607.20      0.00      1
1      4196 14.0       6.17e+10     69.05    296.99  -3560.80  -3343.06      0.00      0
1      4197 14.0       2.29e+09     78.11    272.33  -3405.04  -5646.97      0.00      1
1      4198 14.0       3.02e+10     79.91    160.03   -995.59  -6476.64      0.00      1
1      4199 14.0       1.05e+10     73.09    288.30    990.26   1923.36      0.00      1
